5000 5000
471 1362 4771
4604 4636 1150
4609 4816 2029
2260 4672 95
3950 4814 4246
538 4811 3084
3262 3832 2413
3724 3732 936
2085 3781 430
1661 4692 1308
1552 4241 1372
2960 4030 305
1021 3414 4421
2689 4730 3486
644 3550 1421
4778 4813 1420
1124 4983 353
2609 2934 1484
4360 4956 4497
2616 2997 581
3011 4659 3373
1134 4934 4568
874 4222 2132
2654 4687 2284
577 2060 4785
4159 4431 4418
2576 4453 700
917 4948 2798
4669 4731 1460
1027 4449 788
600 2636 223
3324 3642 161
3966 4408 2304
757 2093 4437
4725 4756 2641
4660 4986 4443
899 4739 3184
3368 4602 1947
1868 3218 3956
2816 4769 634
3592 4159 1512
488 1080 4335
1697 2206 550
3308 3970 1054
4409 4917 3135
1924 4007 3111
3352 4851 3358
4630 4823 1872
2340 3424 1897
2087 4665 2995
1589 3238 1357
551 1154 3248
341 4908 3316
1200 2854 1863
3376 3580 2591
243 4054 1477
2626 3082 4593
3015 3357 4796
4546 4717 560
1692 4551 1825
1874 3282 1649
4461 4573 1270
4152 4733 2543
2855 3706 4395
4289 4308 3855
1999 3441 2918
4877 4913 568
1982 4030 1738
1349 2015 3479
583 3716 4432
393 2745 3452
3979 4958 3612
2396 4970 4941
4479 4960 820
4468 4730 4722
4373 4703 3888
410 2305 3068
1520 4344 2036
3077 4773 1139
3156 3526 3968
707 4873 4396
285 598 2153
1865 4740 2071
792 1451 285
1835 1943 958
2483 4067 4838
1004 1074 4665
1523 1912 2949
1106 1697 3852
1666 3773 2626
4345 4655 3072
2911 3894 2061
3353 3394 200
1320 3866 3411
2658 3055 4247
3147 3197 2724
4775 4870 2940
705 1198 1860
2778 3211 1714
824 2290 647
4164 4932 890
1345 2903 2764
1668 2813 1443
193 1523 3399
3552 4008 3565
4487 4544 1308
4709 4758 3475
1721 4105 3105
3219 3389 521
1890 4183 3540
2823 4546 776
1717 4087 125
2631 2972 726
1305 4797 1336
2214 4931 4274
4568 4800 3947
3389 4180 1400
3520 3989 3976
4893 4989 4761
2425 4242 899
4228 4937 3457
398 3657 1232
299 3577 4913
2235 4143 4361
2785 4139 3326
526 3458 579
1490 1552 4689
3628 4514 4388
2615 3854 1494
553 1005 3945
4736 4792 3831
592 2980 4562
1924 2861 1200
4867 4906 4546
2399 2636 2451
1974 3755 1023
1335 3676 4178
2943 3222 3495
4048 4258 1713
2634 4028 2925
4041 4094 1693
58 2810 540
2387 4836 414
3170 3553 4409
3264 3834 64
4641 4884 2786
4536 4603 3155
286 2388 2277
2112 4149 466
468 3950 2055
2029 2242 4052
3357 4782 4607
3975 4948 3121
4849 4993 3078
4630 4809 4604
3379 3949 436
3281 4440 2976
39 1762 2693
3412 3776 4827
1544 1829 4135
3196 4798 3747
2504 3248 2103
1925 4745 3904
4428 4962 3038
1108 3734 3070
3790 3835 1738
4368 4422 4636
161 3957 2485
1685 2095 425
214 373 4979
3461 3701 209
695 2623 1290
4670 4689 3047
340 2560 2210
1710 4883 1509
2484 3459 1358
620 4822 1360
3416 4407 2657
3772 4556 3906
2635 3700 868
3110 4976 2460
4407 4441 2783
2178 4608 1753
2361 3309 335
4512 4657 3018
3209 3785 1637
1158 3652 1475
1408 4088 4691
4687 4969 4915
2832 4531 1729
282 3055 137
1395 1579 588
22 4835 1767
4374 4833 2199
4308 4593 2669
4723 4868 2042
787 2165 1250
243 2646 3148
1395 1613 326
3234 4370 4041
2100 2650 121
1140 1267 3952
3153 3194 3345
1039 1679 1262
4659 4882 2771
2046 3245 830
4493 4499 883
1257 3860 3820
4673 4773 4090
1328 3677 190
3341 4680 3514
2295 2474 588
1015 3274 1601
467 1893 2547
966 2176 364
1707 1860 3309
3498 4204 105
1775 4278 3888
2085 2295 1704
3286 3865 4662
1156 2721 1563
389 772 4867
4215 4655 911
3597 4022 2857
947 4700 1649
1437 4870 1469
2664 4869 4060
642 4992 4991
585 4809 920
4690 4956 4216
2550 3392 4747
1486 3518 569
1242 1704 2571
3382 4587 293
4906 4942 4681
4580 4844 641
2217 2482 2098
4857 4916 3617
2473 2595 2399
2490 2833 618
721 3360 2012
2583 3565 1060
3346 4785 520
2881 2923 17
3129 3426 753
1581 3639 1812
4251 4661 4105
2458 4824 234
3452 3493 2332
2657 4915 4084
2868 4105 2693
1072 1901 1542
2569 2986 3249
3295 4466 1426
965 4599 2276
3362 4845 4634
4050 4903 4936
4731 4896 112
2860 4683 4397
1270 3901 4077
3887 4222 96
2136 4001 3795
1652 3793 520
622 1048 3528
3673 4733 3654
1746 2899 2653
4515 4994 2405
4530 4646 3907
1594 3096 1344
2300 4513 1086
419 2701 1688
2232 2980 2015
3650 4740 396
37 1713 153
4910 4967 2548
2831 4280 2582
3150 3315 3221
367 3088 2179
1033 1139 2278
1902 2950 3411
4031 4231 3382
2461 3703 4563
3243 3873 503
2313 2347 1012
3314 4914 3870
3081 3713 2524
1426 4650 2075
571 3300 3378
1463 4121 4943
3321 4632 1153
4100 4822 3694
1172 2278 1634
4352 4737 3761
1676 2937 2580
4429 4769 1526
864 2455 75
2994 4376 2778
1452 1744 20
3749 4221 2947
4065 4500 4925
1995 3497 2973
968 1730 2557
1186 4337 4537
2521 4900 4890
1203 2891 3965
3217 4423 3367
4730 4867 4170
443 3111 4489
3543 4627 81
4463 4623 1851
4339 4599 1348
4281 4961 3571
4970 4978 2
463 2893 1574
3908 4668 792
991 4557 4639
2178 3046 2634
1866 3734 1941
797 2439 4030
4905 4975 4647
994 1226 2525
676 4742 1434
2849 3857 1219
3085 3590 2111
4212 4292 1052
2124 4888 2342
2298 4892 4522
188 1481 3698
4503 4815 2522
657 4069 2918
2961 3174 2611
4699 4780 3340
3689 4605 1419
2093 3037 4372
618 1010 3357
3579 4092 3590
3917 4966 3349
4743 4932 2822
2582 2620 4615
1573 3449 2953
4592 4700 4597
3901 4044 3897
2520 4340 643
395 3098 4601
3219 3790 807
3635 4060 87
4734 4876 583
4385 4881 3393
932 4938 3394
2451 2853 3735
3506 4135 1670
2882 4922 2581
4227 4255 1762
3857 4689 2152
747 1962 2514
2787 4442 577
4089 4407 1522
3740 4731 287
1530 2002 2218
3162 3465 7
2274 4888 1079
1847 2456 3455
4075 4432 1139
1465 2281 1067
3440 3790 439
2731 3728 3757
1715 2471 3544
4503 4643 1654
1181 2156 4240
1210 4348 2592
4653 4728 1470
1860 3089 1128
1700 2965 2242
4285 4841 2307
2155 2798 3117
2254 2886 169
297 3147 2960
483 2565 4897
4107 4178 2277
4016 4600 1982
1480 2430 2524
2661 3255 4899
2991 3743 858
2824 3768 3916
2837 4668 1553
644 2003 414
1964 4487 3515
3869 4236 4768
3093 3835 3349
1620 4364 445
1947 4705 3558
2876 3878 4831
2458 4629 4156
883 2984 3133
1861 4445 639
1520 2307 4967
4344 4769 229
429 4204 472
1117 3917 1900
2808 4775 2907
3936 4875 3976
4409 4749 4548
1279 2955 2506
500 2161 4720
661 4063 4990
992 3480 3130
4192 4394 3095
3117 4991 890
4306 4591 1330
3148 3297 1342
3075 4070 3653
2639 3728 4438
2302 3238 2231
2031 2105 3763
1745 3458 2917
449 4610 1956
2764 4765 3476
1123 3313 3846
504 1939 1955
4292 4652 3971
119 866 157
1082 4790 1516
866 4820 3282
3919 4932 561
1593 2840 1265
3158 4841 76
1986 4643 1599
1375 2956 1838
788 2564 2420
1629 2524 2545
3905 4344 4827
3662 4246 1608
2108 2420 1244
4048 4080 1149
4073 4617 3169
2352 2391 3415
2685 4671 1332
4222 4604 3935
4509 4639 1073
3074 3448 2653
3299 4509 2729
2459 3268 1652
4687 4688 1670
3659 4242 3954
254 4250 90
4281 4490 3473
1460 3925 3874
1378 4498 59
1924 3562 4024
1804 4561 1555
612 4362 1577
2769 4730 1780
4502 4773 4803
1474 2108 955
747 1281 2868
146 4947 3288
3501 3521 4743
2954 3542 1431
912 4143 3518
3307 3493 2534
4898 4910 2720
3037 4940 637
1128 3217 2644
2592 4075 4509
2535 4720 3075
4427 4894 408
1680 2011 4476
3812 4604 637
1288 1647 4901
4768 4886 3225
949 3398 818
384 2624 2577
1921 4779 826
4023 4248 501
1280 4785 3268
1803 4220 4747
2736 4154 3400
276 557 900
3750 3818 2298
2386 2388 2600
4638 4888 3527
924 3884 1254
1025 4880 3934
2911 4865 894
4252 4335 1093
822 4309 4532
4177 4555 1000
2828 3982 1230
3368 3460 2217
3732 3977 4651
258 3444 4836
2055 3288 3056
4189 4439 220
24 2534 2754
297 2881 2513
3370 3650 133
2072 3386 1052
4571 4833 1259
3179 3315 2875
1436 4981 2852
4042 4757 4247
2108 3581 1630
2780 3998 3409
2910 4258 3931
2042 2908 2182
2401 4923 3904
4358 4889 4267
2521 3825 3139
4029 4612 693
4223 4391 745
4456 4856 4058
3875 4567 2194
4069 4334 1428
1815 3787 4604
1992 3160 3944
2011 2648 4702
2443 4869 1162
3061 4890 688
2095 4848 3302
4052 4797 4104
634 4964 3296
2844 3257 1132
1918 2465 2692
995 3341 709
1519 3788 4261
2939 3348 3957
3728 4032 1306
2092 3236 955
1187 3036 64
2842 3522 4762
1790 3322 3580
4193 4597 606
294 3537 2844
960 2437 3770
3982 4766 621
1940 2987 2147
478 882 1808
1184 3619 2251
2461 3674 4966
2362 3861 1972
2730 4301 942
902 3961 756
3323 4493 895
196 1438 2746
2676 4111 4099
516 4549 4633
1670 3050 191
4546 4553 1156
2733 3475 2849
312 3201 1045
1465 4376 4996
3734 4260 3758
641 2889 4663
4176 4390 777
3574 3846 1321
756 2616 3851
2393 4715 74
3732 4935 1898
3739 4117 729
3763 3885 3328
3308 3422 4937
3874 4536 4123
395 2510 2403
3488 4835 2711
4191 4885 3804
2160 4852 2803
1512 3275 4326
3193 4759 623
3549 3931 294
3504 4500 2292
745 3487 1874
102 2201 1434
1579 2895 1224
1903 2278 1865
1331 1687 2624
2768 4469 1668
4171 4915 527
4512 4708 4625
3358 3525 2671
4765 4810 364
4300 4673 4765
4767 4957 339
2571 4229 2781
227 2733 1881
637 2700 2559
577 2101 1603
1392 4956 2169
823 4693 4
1831 3699 2831
1375 3848 4529
200 4415 4983
465 2688 2848
511 511 1675
1658 2517 4897
4985 4996 4814
850 3660 3747
405 1963 4396
997 2328 3751
4428 4974 4288
1699 4638 1096
4347 4827 946
2472 4986 1766
576 2483 862
129 4331 1322
328 2160 967
3207 3623 4477
3609 4744 4772
3465 4030 3980
4125 4172 876
4188 4895 4849
2347 3930 2223
903 2220 1808
4101 4751 1867
4442 4471 3586
2730 4596 2894
435 3742 1235
4378 4426 3152
1896 3230 3931
3134 4077 1330
466 4592 3028
2373 3977 212
4153 4439 262
3790 4926 934
4041 4842 4189
854 4753 628
1817 4862 3864
4093 4965 1227
102 1015 706
4007 4505 2226
1037 1058 4061
4944 4992 2359
4350 4803 3186
2186 4545 2594
1969 2276 2302
4424 4764 3612
4946 4957 3936
2835 4964 1669
4636 4636 1340
1890 4822 2633
1161 4630 3981
4644 4839 2962
2560 2954 514
2947 3841 3003
2957 4561 2112
807 2687 3232
4242 4480 4880
1187 2797 533
790 4423 248
2331 3658 1399
2309 3431 2832
1520 3557 1487
2398 3827 680
4649 4977 2204
27 78 3020
4723 4947 3114
798 1919 3286
760 3090 3405
655 4119 2402
3297 4751 1303
438 4852 4947
142 3197 23
330 1347 1746
1156 1828 2606
4462 4557 2457
3544 3637 2023
185 3145 382
4446 4804 4611
1820 2505 4593
54 4354 3554
180 929 1173
3056 4294 3108
4650 4694 1461
1045 3288 939
1397 1709 4129
2510 4616 321
2357 3291 101
4762 4941 2238
4606 4843 169
612 1427 826
4067 4905 820
3790 4136 3222
243 3460 3564
1475 3504 1376
2950 4215 218
4599 4624 3592
4402 4449 3643
4825 4857 818
1220 3734 2338
4092 4155 4232
1189 2044 2072
4801 4977 2245
3250 4310 2719
1787 2972 3965
983 4824 2132
1945 4938 1619
5000 5000 890
4343 4437 2480
431 1736 4071
1762 3434 78
3065 4160 3142
4610 4918 193
4073 4414 1956
1527 3010 3811
19 1445 1092
4802 4861 198
487 2756 2009
156 2379 4937
1899 4656 4723
2626 2644 3795
1822 3466 15
2382 4248 3288
1379 4103 4598
1969 3540 2562
1009 3595 979
2831 3003 27
498 2931 2955
591 3585 2031
513 3800 2726
3679 4213 542
2551 2924 2536
4809 4919 1791
3641 4759 2071
3641 4272 2142
1167 2021 1198
49 4680 3082
4802 4923 2044
2514 4723 1491
2417 4235 1891
1041 2901 410
4660 4893 1847
2382 3273 2886
797 4101 4164
4102 4500 4579
169 3668 3067
3046 4351 3349
383 4168 1648
4239 4895 1315
1165 1437 3015
2439 4064 3326
3642 4551 1428
2820 3813 4373
4782 4792 929
2536 4555 2053
2599 3196 282
3089 4736 4996
4780 4787 1625
3847 4829 1186
3883 4641 460
3313 4640 4389
1983 3760 3304
4456 4676 2589
3391 4671 4930
330 386 1471
1444 1708 4478
3656 3912 4421
2955 4932 3084
4430 4905 4081
534 1120 4495
309 1145 124
4372 4936 1103
3210 4311 1908
2655 4544 3267
4998 5000 1685
170 1467 3292
692 1146 233
1213 4637 1990
466 3839 3346
4767 4843 139
713 2819 1438
2475 4411 2373
736 1497 1222
4562 4984 472
1362 4272 966
2890 4554 1435
2735 3332 910
821 4835 3560
4503 4996 2861
4633 4738 1339
4251 4829 4343
233 1896 4306
3552 4279 4935
372 2936 1569
3489 3956 4131
1301 1410 2497
4865 4966 4852
2920 4363 3326
4609 4843 998
3801 4074 1608
834 1649 2880
3116 4238 4948
1088 3310 3278
444 3471 1011
4540 4870 3473
623 728 4708
3369 4707 1650
2799 4588 512
628 1435 1707
235 4070 2089
1018 3557 3389
3160 4764 2463
1028 3435 1778
3806 4999 969
2473 4074 4872
1889 2922 4833
508 1736 4785
2849 2984 3650
1385 3343 821
4181 4602 1539
2556 3891 303
15 1229 3494
4088 4149 296
1282 4424 2990
3505 4548 2814
1441 1455 1371
979 1724 3216
760 4626 3648
3865 3977 4930
2638 2775 3529
967 3281 2115
581 2089 1737
1371 2925 2376
3749 3956 3721
602 1948 413
944 2210 2188
4988 4989 2927
1544 2574 1721
3573 4173 97
888 1597 2913
2967 3234 4498
4201 4980 2756
2638 3523 1936
3578 4461 4605
3627 4874 585
2913 3390 3987
4156 4306 2701
2369 4188 2
443 1504 1916
599 995 1072
4766 4993 1341
4052 4392 4508
1712 2043 2921
3229 4210 3194
270 3695 3540
1078 2588 3838
1419 4597 3909
4829 4843 722
4660 4837 881
1188 4502 2863
2068 3974 4910
2609 3510 2500
3075 3425 4555
2593 5000 1068
4323 4402 866
176 362 4036
4553 4781 1246
4726 4917 3991
3615 3818 1747
1578 1986 4903
4752 4895 3902
1873 2438 1843
446 3487 337
265 4031 796
3293 4479 3072
3557 4390 1369
4717 4809 4686
917 4819 4643
1592 4158 2938
1818 2883 3006
3701 4306 1838
4092 4855 2837
1556 2729 71
4120 4917 3977
4565 4963 3857
752 3357 2761
991 2332 2193
1701 2982 1377
4768 4779 4887
827 4219 2471
2859 2999 568
4956 5000 518
1821 3126 2856
604 3071 1828
4241 4539 4387
361 1966 2748
4586 4943 4465
3882 4531 661
4588 4736 679
3049 3566 3420
4024 4310 3507
1039 3954 587
629 3177 4146
3750 4733 285
4902 4969 2726
3917 4626 3184
1115 2934 14
2172 2730 2140
2604 4501 2914
2644 4100 4983
1597 2630 4802
3971 4826 682
3473 4346 4210
3602 4976 402
2375 3466 3356
3506 4936 2822
200 3808 1486
3842 4315 760
4653 4928 306
1130 1427 4975
4722 4823 1239
134 2277 3417
2858 3820 3102
4225 4574 2045
3493 4729 3588
61 3360 4983
4330 4597 4454
1397 2430 4250
4898 4910 2767
4909 4961 418
781 864 4992
2481 4448 4994
186 949 2269
3854 4333 2403
830 1269 3129
3587 3797 1469
4261 4626 4073
1991 3363 3398
2315 3606 1963
2222 2685 1052
3625 4968 1492
3563 4093 607
2891 3212 447
3456 4384 3277
1951 4882 1649
2556 4339 3528
3095 3802 2887
1217 4376 372
2937 3027 3791
3288 3568 587
4104 4653 3594
4580 4985 2894
720 3727 4034
1122 3181 1159
1795 1855 3416
3194 4251 352
2765 4413 4012
1775 2242 2776
3926 4713 4155
1359 3053 694
4 3403 4553
1975 3222 1420
257 2566 2567
3837 4818 736
4030 4278 1382
1223 3495 456
2203 3664 2695
4691 4829 4126
2531 2989 1972
1516 2879 2778
3666 4452 3615
1392 4834 966
1892 3084 4218
1554 1735 2071
1446 4333 2107
4496 4845 2519
1659 2254 3300
3582 3963 2710
4802 4911 4663
2006 3176 1315
4458 4506 2386
3778 3892 4852
2246 2559 3863
360 4838 3795
4833 4937 20
630 2878 1589
2867 4708 4956
3730 4839 1966
1861 2611 4470
2940 3696 3684
1179 4718 947
578 1378 1086
1309 1531 4345
1573 4330 1268
2841 3810 2723
3018 4090 4818
3667 3743 4067
688 2690 4326
1576 1923 3235
1957 3488 4333
250 3501 1252
30 4854 2604
2450 2649 2716
3226 4644 3388
2227 2421 4360
3057 3691 3342
1250 3872 3875
4415 4843 4253
503 4890 2247
4678 4920 4655
2663 2967 4852
2577 4993 302
3326 3329 3935
1229 1998 4791
41 1493 1391
4696 4705 1233
3374 3714 2154
2152 3770 1678
3284 4221 1086
2874 3654 1618
1985 4560 318
576 3868 4211
126 1044 4722
3915 4708 135
4055 4158 1409
1387 1513 2403
4306 4909 3173
4157 4407 92
4569 4925 2106
4497 4528 4174
1141 4859 4350
4869 4877 2257
4273 4456 3437
623 855 1375
4430 4887 601
4749 4919 4021
3221 4044 2252
2147 4234 2542
3233 4217 3239
3982 4971 698
2820 4688 3400
3369 4974 4583
1241 4436 2293
1074 1409 1456
4484 4848 1558
3236 3973 704
608 2227 73
4623 4771 1503
4962 4969 4867
959 2171 1942
154 1470 3606
1500 3089 1737
4348 4396 3778
3410 4303 2952
1271 1300 4390
2386 3561 4794
1364 1974 3915
4182 4410 1294
2121 2378 3425
322 3629 262
413 1031 3911
1420 3147 3177
1474 1712 3948
2989 4136 2660
3489 4356 1425
1297 3728 1414
1996 2704 729
1048 2477 935
240 2908 2462
1523 3380 1882
1000 1854 4835
4048 4671 1695
1157 1782 141
3492 4858 4436
1476 2093 899
1929 2769 3732
5 2296 578
3709 4823 4473
4205 4324 1871
3061 3611 4638
2588 3767 2486
834 2275 771
2988 4240 3030
2011 3176 930
2951 4813 279
889 3017 3694
1329 4571 3165
13 3279 2601
3040 4068 4021
827 2756 1402
1528 2411 3124
4115 4458 2604
4101 4342 1329
480 3818 821
1740 3762 3916
3438 3980 1668
145 2249 4489
713 800 4713
4954 4956 4562
3838 4854 3575
10 1387 2991
3149 4916 2535
3024 4090 1198
37 2282 1560
814 2324 2998
4640 4830 2896
4311 4513 3453
557 4053 4799
2198 3682 1283
1916 3905 4493
636 3533 2931
605 2896 3527
4954 4959 2484
1063 2496 4621
1509 1532 3799
3936 4508 567
2263 2961 4711
4189 4414 4219
40 1300 2052
375 3962 2912
163 4606 2001
4510 4942 2489
825 2425 2562
3650 4131 1202
3779 4456 3994
3660 4922 121
1024 2243 4750
851 3778 2299
1020 4479 1678
1240 4625 951
4653 4761 2667
1385 4290 1839
3940 4456 2519
4791 4945 943
2044 4207 104
3089 3491 3758
4899 4920 1473
3747 4016 4171
2167 4499 3226
1599 4583 394
3906 4837 3406
506 768 3348
2910 4403 4697
579 2530 2897
3128 3389 1495
1973 3220 4384
218 3172 4305
1420 3224 3246
2307 2884 3668
1908 4614 734
4730 4771 3409
3064 4940 3124
4021 4389 1389
466 2271 1325
3169 4777 1606
2141 3364 1900
3512 4975 2923
3879 4398 1093
2466 3755 2397
1381 2181 4184
2024 2605 2631
733 912 3809
798 2679 4444
1924 2992 747
2859 2973 4407
2804 2876 4417
2749 4412 4644
1792 3961 2687
4218 4919 1840
559 4832 1181
3925 3940 1914
2345 3393 969
1541 3992 613
458 2547 4780
3714 4767 3277
4905 4933 362
222 2772 2627
4738 4956 1113
2813 4193 3129
2905 3620 3966
4418 4580 605
4413 4788 1082
1445 3222 3314
4055 4566 1434
708 4769 1320
2724 3999 3452
3855 3997 4385
1006 1550 4385
155 3071 4074
2422 4955 3651
622 4991 1128
2200 3268 922
1261 1393 884
4559 4724 1408
950 3481 779
3726 4662 124
2884 3927 3144
2152 4209 3137
1682 4829 4810
4477 4558 3804
3781 4733 2834
1320 3303 120
1939 3560 4978
1273 3447 4968
2150 4444 286
4085 4396 4965
751 2132 2995
589 3901 1697
2945 4607 2244
4217 4287 4702
4051 4436 1775
3158 3471 2031
1472 2147 2717
861 3758 2435
2412 2458 3259
149 3190 2493
3962 4413 1590
2759 4988 758
887 4805 479
3 1264 957
1902 3627 1058
2557 4604 940
819 1291 3345
893 3400 897
2884 3736 1521
1149 1657 1025
705 1099 1701
800 1041 3311
4685 4988 23
3001 3513 2339
4835 4913 242
283 900 1381
3367 3960 1186
4266 4368 557
4396 4772 146
764 3802 2654
1909 3592 2459
67 89 257
4809 4832 2111
1927 2136 2966
3578 3598 4067
304 2968 2224
1671 3962 127
2259 4849 525
481 1136 276
1857 2940 986
4986 4988 4309
1343 3436 2626
781 1197 1665
3364 3377 1299
378 4785 4753
3124 4669 4870
2382 4840 769
4825 4919 4084
1752 4851 4249
4206 4380 4665
3499 3894 1532
1110 3326 3552
4933 4952 586
2569 4894 3075
3296 4315 2539
3549 3690 1687
849 2126 1517
1429 2084 2844
3489 4875 2485
2456 4385 3613
1856 4921 3768
1351 3925 2795
831 2122 3502
3179 4418 4380
1789 3918 744
1698 2012 1493
911 1434 4463
4592 4912 1765
3585 3713 4884
543 827 1494
3140 3889 1567
4897 4897 4178
1672 3523 1775
4115 4320 1764
4686 4825 1763
2126 4598 789
1221 4753 1913
1956 3168 877
1046 3423 1737
2216 2328 4367
3427 4705 1739
4560 4869 3316
3084 4713 203
80 1760 372
4280 4890 3379
4607 4969 3589
1390 3976 4658
1934 3507 2366
2304 3763 2260
2890 3391 1149
3051 4650 3826
3882 4092 2523
2357 3881 4559
1404 4512 3111
3153 3592 2236
4432 4691 1173
3224 4746 1360
1247 2385 3164
338 1892 1377
2056 2589 4977
2605 4244 1314
3885 4582 1715
937 1243 4325
3110 4345 4575
1074 2206 1099
1605 2973 141
3129 3562 2428
3613 4909 451
3871 4675 3544
1413 2593 2259
1131 1558 3838
2831 3557 3848
2573 3849 4392
2108 3814 2123
801 3343 3029
4923 4923 4490
226 3726 2100
3774 3807 3357
1998 3623 765
2887 2943 3380
3042 3769 1098
4926 4952 4787
1836 2784 1661
2911 4006 4612
914 1873 4504
798 3882 3406
3193 4654 4383
3584 4395 1674
2245 3899 2190
1850 3469 3055
2049 2106 4164
2228 3803 4696
20 1936 618
3528 4379 1743
1457 1600 4360
2866 3791 1049
3892 4850 4895
3603 4554 1410
1675 3725 3753
1609 3917 3532
3398 4839 2015
3278 4417 2257
3702 4247 2007
3601 4340 770
4081 4366 1615
4894 4955 1682
3463 4327 2791
3691 3975 3289
4921 4997 3981
3792 4228 2145
3875 4901 698
2754 2807 1759
681 2451 2309
1114 1400 4313
4711 4811 3023
4033 4985 3732
2951 3966 3334
1085 2737 1971
4067 4508 2042
2634 2814 3186
2266 4889 4882
1160 1663 3415
3511 4822 2132
2381 4114 997
563 655 4654
3325 3990 2850
4976 4985 3128
2605 3293 2827
2990 4470 4036
4328 4895 1682
2587 2617 234
2520 3057 3355
4798 4896 1084
143 3035 1512
1194 4133 4064
4234 4488 2091
637 1734 4636
776 3758 2155
4371 4545 1438
2117 2548 2119
733 2282 4276
817 3741 156
4891 4925 2645
2702 4927 4498
3215 4827 3293
2035 3054 2975
2476 2666 4484
4390 4674 3278
4550 4629 1566
1791 2297 2494
2889 4910 299
834 2077 1742
1967 3393 1035
4267 4421 1325
4205 4990 1197
292 978 784
284 319 1104
2418 4424 884
2563 4885 1757
3570 4211 3549
59 1504 2582
3937 4024 4387
1606 4694 4770
4383 4650 1814
4042 4963 1053
384 3091 2832
3051 4801 25
1631 4733 3304
4421 4824 2256
3136 3657 1217
4109 4988 1400
4268 4631 1436
3790 4192 9
4356 4425 42
1699 2370 206
4209 4376 2505
740 2561 948
3418 4709 216
1293 3474 3855
4122 4174 1240
2972 3680 858
2894 3978 3153
985 4315 2045
411 2645 3109
1266 2372 1997
1993 2005 4105
4959 4996 12
1613 4259 2890
4648 4940 2525
3596 4050 4139
2044 3668 4842
1049 2510 1790
2676 3675 4589
2226 4850 4595
3952 4077 3065
4738 4964 3790
986 4808 2848
1391 3154 4452
607 2944 2231
1406 1713 4965
538 1768 3382
3557 3789 2489
1975 4013 2645
1184 1391 4750
899 3494 3188
440 1925 4564
2534 2774 944
1163 2013 4495
4958 4968 4563
1630 1933 3811
1721 3682 3213
363 2867 722
4668 4770 987
3696 4816 4573
480 4952 2576
2353 2731 2005
3963 4542 4124
203 1671 249
328 2534 291
2016 3292 1374
2433 3154 2275
2761 3638 1905
1903 3415 3531
985 3655 1179
1293 4226 3934
1790 2417 4453
4421 4536 2487
1902 3806 3403
1427 3833 4332
3628 4398 4610
3071 3152 2322
862 3998 943
536 3253 4204
4409 4758 4681
3050 4013 743
4950 4984 737
4375 4555 1283
2721 2892 1769
2522 4548 1050
2783 3729 3330
2399 2577 4813
2175 4647 3882
3991 4188 2460
787 3250 1062
518 4981 2082
4448 4934 1131
945 3724 2666
2548 4806 4673
4094 4448 4063
1767 3659 4232
2013 2568 3908
3318 3521 595
4197 4907 3908
3909 4407 797
4359 4580 577
2109 2805 4307
4205 4555 3301
2489 4700 4166
2773 4639 1666
1954 4010 753
4704 4747 1193
609 4588 3974
3756 4001 2259
3779 4813 3807
2695 3120 1067
4769 4840 4337
4412 4993 3731
2998 4579 4793
437 4243 3906
309 996 1985
4874 4998 538
1165 1943 2395
1173 1873 4032
4352 4991 2677
1451 4542 3614
1462 2406 2273
4992 4997 484
4338 4565 2163
4659 4740 455
142 1905 1201
4052 4378 3095
776 1457 2189
2891 3075 4278
1845 2140 2646
661 2429 1239
1367 3266 508
2835 2964 639
2914 3312 3291
2813 4225 4996
2136 4471 3927
3401 3514 2207
4271 4548 2307
2918 3819 2323
1536 3071 2402
1124 2387 2454
1945 3196 1638
417 3533 3979
3760 4049 4942
638 4790 2065
4894 4967 2424
1098 4920 609
182 4477 384
1995 2891 2825
366 3944 3763
3783 4259 323
1693 2244 1592
2487 3080 1657
1709 1995 3757
1878 4628 1417
3541 4276 2241
3538 3948 2666
4327 4888 3254
1422 3308 331
1729 4138 1077
944 1875 4479
3848 3897 3996
12 1393 1503
4012 4924 3437
3988 4466 82
381 3227 1425
2187 4618 3039
2499 4745 2070
124 301 581
4922 4952 1776
1136 4690 37
4088 4477 2261
2984 4408 707
2062 4772 2432
2647 3787 1408
263 1109 3398
3734 4003 1037
2266 4117 2910
4702 4956 4469
3421 4606 4875
4820 4842 4581
3335 4107 1408
35 2317 2522
1146 2549 2054
117 3349 4841
1928 4627 3438
549 3777 3402
4877 4919 495
3507 4617 4702
2765 4016 3725
3183 4118 2323
4261 4800 1242
493 1964 211
2343 3452 1350
993 1531 4176
160 3434 3979
2463 3428 2041
2404 3732 1854
1478 2496 3682
4287 4849 171
348 4965 2916
2863 4992 4305
2393 3532 178
2832 2986 3303
177 3433 804
1673 1874 1250
4328 4356 527
3224 4341 1952
4480 4749 1538
2673 4971 2663
2198 2970 1542
1788 4467 3091
3242 4983 2446
2869 3787 2240
635 3325 3924
4173 4742 4431
2548 3820 2064
695 2351 4832
3478 3597 1352
2370 2504 3272
648 3861 4619
4050 4275 2174
3262 4756 266
2599 3164 3249
2393 2716 554
4345 4431 3949
329 2370 3076
4980 4988 4824
184 1521 2461
3585 4153 3768
2607 4889 4966
1330 3414 4566
109 4885 1491
3709 4868 3524
3529 4400 2756
4772 4931 575
4759 4782 4303
1718 3060 493
1635 2101 1775
741 3260 4491
88 2742 4226
3004 4763 3747
970 4497 4839
4709 4715 1625
3559 3576 1530
2083 3593 754
3027 4959 4315
2505 4739 2551
3416 4174 1002
2055 2568 3258
3457 4617 4218
3148 3484 4611
3196 3268 2577
451 3846 4203
3265 4097 4068
581 4210 4560
2435 3767 4843
4195 4677 4770
4515 4686 1995
1688 2229 67
1977 2399 4194
4164 4439 4016
4944 4993 3797
2876 3803 3529
614 625 2341
2962 3180 4367
1466 1683 2546
2836 3203 3136
995 1780 2571
2442 4568 4689
1424 1438 1764
3267 4613 895
209 4265 2046
1509 1727 1681
4993 4993 3038
124 3350 3666
920 3653 2424
2442 3439 866
1032 4302 2374
412 3800 372
2427 3560 1793
3299 3893 1386
1002 2096 4068
1119 4467 4493
4878 4908 4527
2288 3426 2848
2262 4472 4316
4453 4588 4029
270 2297 3484
879 2261 4338
290 772 1487
2273 3033 3031
817 1897 511
3017 4520 3981
4795 4855 659
3716 3891 3926
1440 1660 544
1928 4105 614
751 4512 2384
2006 2785 4563
1556 3891 568
4925 4969 3694
4956 4977 4676
757 2328 3219
4528 4967 4198
1632 3241 3735
3333 3938 2516
2087 3390 381
3280 3472 964
3165 3729 3141
3589 3944 1422
1596 2767 1159
1004 1426 855
2724 4629 400
446 3762 3599
4101 4795 4556
1269 3706 3092
3196 4397 3122
732 4979 2924
3702 3933 3501
540 1247 3227
1032 2523 1566
649 3875 2252
3273 4755 680
4339 4589 466
530 3446 3622
1266 4251 2119
1318 2294 1020
3997 4719 4846
1279 3755 2416
4131 4392 3000
3330 3573 4654
2803 2917 2475
4765 4802 4381
1114 1370 1982
4357 4985 995
4514 4552 2086
1261 4098 3176
3293 3960 822
375 3778 5
4779 4812 764
3647 3730 4459
2020 4848 2209
3973 4870 4036
2064 2804 2803
2556 3748 1046
2601 4127 870
1232 1756 3997
609 3479 3370
4916 4991 2137
3338 3569 4673
4233 4316 4162
3040 3846 392
812 4075 3605
2313 4119 414
3887 4531 642
4476 4978 983
1317 4098 3920
4114 4976 2501
2062 3891 4640
470 3616 375
3585 4216 3830
3460 3952 3596
4930 4964 1422
231 3404 467
1868 4703 4392
391 4751 4608
2588 3602 831
2106 4178 3521
1328 1798 1758
3629 3634 517
4505 4505 1061
4818 4966 4512
719 998 1365
3851 4509 1986
1426 4296 2098
451 1094 3432
2339 3479 3111
1179 2715 785
4746 4860 2458
4579 4684 3998
1619 2039 2901
2020 3044 4833
3999 4630 3416
1445 3810 3204
2596 4303 2533
3506 3746 3286
1809 2366 3205
3673 4123 2035
4121 4867 2819
4826 4843 960
894 2429 1760
554 1341 2251
257 4549 1899
1313 3931 743
3648 4407 4156
4866 4881 1900
3344 4479 4924
2675 2748 2618
4482 4486 1465
319 410 4611
2948 4255 4249
4990 4991 75
2393 4954 2014
204 822 485
3511 4485 1776
3546 4546 279
2645 2993 753
1129 2216 801
1567 4314 30
671 1173 4433
901 4091 3493
2860 4736 1480
4285 4475 952
4450 4512 4710
626 2563 1197
4319 4827 4170
370 3621 1616
4265 5000 3865
675 4713 1564
486 3472 1522
105 3239 1350
4380 4578 3631
4508 4999 2085
1949 3908 4303
4261 4792 620
3776 4747 965
2996 4295 4079
4734 4778 806
2165 4849 3592
3974 4732 1913
3696 4202 4179
3461 4853 4635
389 2693 925
3937 4140 3799
3586 4591 1248
3101 3919 2006
1697 3300 3008
1081 2535 1518
3678 4184 2879
390 1048 4289
3498 3937 1188
1047 4778 2569
4256 4335 1036
3786 4540 3011
59 2030 3699
2169 2395 1447
3748 4523 1222
2224 3637 4206
1189 1307 715
2908 4870 2204
4230 4781 1014
3334 3815 3108
414 1953 2503
1501 2924 1115
4400 4687 1583
1572 1727 3538
2870 4400 4667
2254 3440 2322
4774 4858 1299
1236 1893 3835
4941 4958 3526
377 4919 4149
923 2624 1067
2480 4579 2982
903 4211 4505
3077 4453 2882
2859 2939 3097
546 1492 104
2253 2584 4031
4831 4865 1178
803 3750 4055
1969 2736 584
4487 4626 3163
1411 3417 1551
4895 4905 2168
2580 3592 1526
2933 4840 764
4595 4935 4744
682 4585 602
2869 2902 2233
42 123 442
2226 3623 3057
910 3705 4941
1189 4816 1638
2023 4066 2969
2889 3482 4740
200 3560 3613
1032 1605 1264
2070 4720 1986
3533 4119 1159
1730 4508 748
2725 4727 25
1344 2025 3028
4536 4980 3806
732 932 3193
1068 2313 2791
2594 2825 1201
3829 4215 598
502 4505 2061
4041 4164 3773
1542 4334 4019
4987 4999 127
4724 4886 4789
2837 3837 3629
3639 4031 2784
4624 4714 364
124 2228 889
894 3775 3686
4269 4273 3427
2360 3821 1432
1210 1981 2265
3743 4347 4417
216 327 3968
2085 3252 1178
3519 3947 2510
148 628 4896
2989 3147 4790
2168 4239 357
2019 3569 3896
4454 4484 1470
3618 4410 4342
1518 1931 1578
2452 3390 1018
1053 3435 1488
1728 2929 2388
2430 2827 1648
2630 3908 2135
3600 4119 2567
4811 4833 1841
4687 4941 3209
966 3014 2082
2851 2987 2726
2107 4227 3753
2116 4337 1797
3959 4157 46
3556 3598 3502
383 1842 1451
953 1977 4238
4330 4486 1707
2146 3752 3082
4608 4639 1380
1362 4387 2978
4196 4928 1913
3806 4786 3196
3675 4464 118
2512 3951 3695
3569 4453 4418
4328 4714 2377
4926 4991 4192
1431 3838 1215
4688 4978 3252
97 3603 2792
3815 4256 4428
4516 4857 3711
4014 4704 1695
1039 3435 1600
477 4792 104
2019 4591 1145
741 878 1062
1056 1801 2143
3083 3259 4936
4296 4678 4979
2952 4405 3685
3718 3985 3497
2435 2721 3074
241 3370 786
4402 4711 2471
4668 4844 57
2353 4109 2923
4125 4843 2405
3472 4545 2457
3368 3475 1260
3821 4475 4564
3722 4183 1406
380 3043 4704
3324 3758 4877
2546 3471 704
3938 3940 1768
2180 2986 721
1000 2448 1104
1850 2188 4083
4404 4661 2783
3853 4172 60
3444 4571 4881
3393 4478 1552
1785 4376 958
3644 4646 28
895 4210 2308
2731 4493 1836
1457 3156 4748
4959 4988 837
904 1200 2153
3121 4423 4717
4635 4649 3078
1508 2247 3141
3383 4021 2805
2523 3475 1242
4164 4913 2496
228 4461 575
312 1305 3424
2600 3211 70
3137 3557 4723
1500 2450 2562
3583 4081 380
2594 3539 4275
3495 4943 601
60 4445 1127
910 1227 4281
264 1741 3022
2027 4424 3788
4540 4925 2095
2304 4863 4918
2749 3149 1770
4774 4898 386
3682 3746 1617
1858 4123 3227
2174 3364 4527
3245 3362 3436
3193 4803 1304
172 3416 2794
4683 4950 1383
3491 3655 1795
2242 2794 4629
2515 4821 1003
4052 4251 2995
4854 4886 4723
2797 4661 4747
2615 3599 1082
2801 3296 3605
1948 3272 1697
4408 4913 3248
451 4977 2756
3984 4137 661
2925 3720 3643
2925 3247 3842
1815 2921 2960
882 1127 3128
1513 4828 4773
2397 3921 4197
3694 4513 655
4959 4983 1348
2017 4577 3883
3010 3695 41
1043 2149 580
3280 4342 3475
1983 4706 3918
4189 4688 3069
1200 2918 1746
302 3479 3007
2724 3243 3158
3156 3573 2782
2095 2422 2510
721 2077 3013
2260 3374 4022
170 1891 46
1780 4748 4240
4445 4531 4867
4078 4200 2989
3721 3721 4623
1137 4019 2599
355 4988 1580
1349 3688 4910
1953 3955 3792
4973 4977 4678
4329 4872 3297
115 384 4275
3843 4927 4895
1397 4187 4956
4832 4900 3109
1481 3813 2439
1915 3520 4813
1045 3207 2839
621 2393 3374
1134 4684 3914
1056 4236 4234
2012 4789 2949
287 4011 3366
588 3836 429
1523 1923 4568
3024 4788 2126
918 2330 3205
949 2134 4829
2729 2821 3289
4391 4555 1507
76 1839 486
3471 4479 2103
495 2767 528
4266 4721 2339
3891 4324 4967
1727 2968 1518
3542 3686 2808
4488 4644 3060
4310 4314 254
2284 2491 825
3259 4852 554
4895 4958 732
2048 2446 2259
3413 4610 1624
3607 4494 262
3736 3991 4349
2691 4225 1101
4901 4959 2081
1565 3519 1871
2540 4463 4904
4747 4983 1433
3356 3510 1011
3576 4569 4802
3899 4881 1715
4663 4968 121
959 3219 1504
1469 3678 4429
3411 3701 3274
4773 4810 2555
3295 4590 471
3777 4190 3159
1790 4339 550
3388 4315 561
4774 4992 1133
4756 4788 288
1760 3847 3439
4002 4623 1680
4291 4428 4574
1032 1637 4892
1169 2272 2167
4312 4524 3612
2657 3481 442
1871 2003 3966
234 4983 473
2689 3464 1508
47 2462 1374
249 3214 3294
3875 4216 4775
4187 4376 2950
3541 4594 133
949 4727 3211
3444 4388 2128
2365 3523 3909
4767 4840 4705
4214 4756 662
3314 4747 2124
3710 4523 4701
3372 3657 525
1906 3183 2171
4709 4906 2546
1679 3063 2430
3910 4308 4946
3665 4879 108
1273 2715 218
1191 3218 1142
3204 3811 1567
4841 4962 4631
4236 4911 4542
4554 4595 1923
1318 2227 3799
1023 4830 2321
1021 2797 352
2803 3319 4474
415 4092 1028
4117 4151 4256
4311 4538 2435
4422 4499 4551
4780 4980 1239
3151 4607 4751
3634 4861 2056
3547 3645 4995
1940 2140 404
4536 4714 4820
2574 2905 4074
977 4707 972
538 3590 407
3151 4661 1894
1548 1953 3892
425 1974 318
436 3943 2795
1245 2901 3970
3215 3236 4367
387 4050 3513
1011 2240 2769
2011 4742 2030
4278 4333 4749
89 1708 2455
3576 4239 754
1864 3424 330
29 3841 2535
2795 3759 1297
4750 4860 2886
26 52 262
1090 3047 4655
174 2031 324
240 3620 4338
4616 4715 2594
3827 4244 4711
3060 4391 3029
2244 4004 1230
492 1239 123
3706 4011 724
2346 2628 596
2283 3068 1865
315 2938 1132
2401 3333 1706
4082 4388 3222
2861 3276 4539
1171 4014 4358
1384 3840 1328
1884 3201 4619
445 528 633
1931 2809 510
3964 4175 99
645 3133 2679
43 251 1359
3101 4684 4527
464 4557 3005
295 2362 520
2003 3863 330
4634 4744 3715
1735 1822 2354
2260 3069 463
749 4857 983
1854 3795 3644
4090 4866 1185
3252 3645 2288
4300 4597 1954
1540 4843 4309
3153 4162 191
1091 4945 2333
3609 4918 1601
2425 4721 3069
760 1376 1251
2209 2583 1
893 3320 1077
529 3110 250
2626 4087 4701
2817 2822 442
1856 3001 1425
4196 4495 289
107 1065 4826
554 2208 4957
2681 2755 1220
716 3470 2169
658 4219 1237
4820 4997 2244
2199 4864 575
3677 4433 3588
4899 4965 1762
774 2277 3211
3807 4831 3443
1555 3898 474
1707 4644 4051
1247 2210 891
3545 4415 1978
2240 4786 1073
3512 4432 3354
1216 3798 4304
3459 3996 1733
2536 4900 2335
3184 3658 1004
3841 4882 4741
1785 2501 1924
1481 2910 4623
1829 1839 736
46 3828 4198
2139 4160 2177
638 4822 2203
1970 4698 2634
4256 4380 1954
2396 4694 359
2735 4800 2260
4535 4923 4056
293 342 10
1680 1993 891
3979 4765 4651
457 695 906
1061 4132 3545
2086 3577 2407
4062 4320 4023
3293 3686 3696
2200 3199 746
1991 3386 4680
3570 3710 2123
2215 3901 3741
1611 3791 4522
3018 3883 2503
4939 4964 912
4399 4625 2502
3791 4041 931
4037 4222 4510
3385 4279 989
1413 4325 2057
295 4306 642
653 4399 2207
1480 1903 2715
2352 3563 3479
4458 4961 2402
1790 2910 3676
2987 3872 926
615 1530 2786
1281 4913 579
4665 4895 2774
1760 3956 4937
2106 4805 1910
4515 4609 2523
377 3630 3607
3465 4872 2800
2669 4788 1352
876 2243 533
4468 4655 340
1112 1316 3125
1069 3954 244
2247 4535 1073
1014 1479 4727
1265 4148 4540
4718 4988 3703
1149 4529 4498
1038 1532 1531
1191 2366 1592
4372 4589 137
3316 3887 960
2412 3887 2056
2813 4196 4221
1140 4429 3869
233 1481 3075
3870 3982 4994
1389 3362 1094
1534 2864 2518
1805 4966 212
335 781 4760
979 4431 4499
3850 4590 2907
3617 4833 2347
2641 3379 2578
4290 4876 483
1282 3133 1036
4302 4636 539
4103 4104 768
53 4309 4539
1973 3465 498
2117 2355 3141
4071 4164 2170
2260 4810 3176
106 3533 909
4402 4487 3816
2740 3213 1735
3396 3874 1596
947 4507 3246
4156 4253 269
147 3099 781
1400 1424 634
3933 4150 3121
1682 3747 3262
728 2782 4554
784 3198 3102
1481 2816 4477
2207 2856 333
1654 2624 4781
3894 4215 625
3485 4806 3576
4675 4855 4646
1973 4168 3192
4578 4664 511
4583 4633 1108
3280 4695 1941
3732 4438 4883
2868 3831 4100
1417 1847 1962
2354 4645 3989
4732 4930 4834
745 4752 2563
3332 3521 3190
2084 2369 3021
595 4563 4403
3642 4939 4914
4228 4886 1273
4582 4986 2243
1602 2410 1132
2223 4399 4323
2120 3137 4644
4049 4230 2824
4909 4972 2296
4245 4566 4836
234 1365 3867
4929 4969 116
1990 3938 3554
1503 4176 4704
503 1975 1885
1365 4416 1907
2389 4565 2052
4882 4993 253
2069 3517 1703
3445 4128 2
3847 4572 2184
1380 3386 4966
939 2444 2275
2549 3796 1326
181 4959 1468
1173 4579 4808
578 819 1896
484 614 3949
4471 4625 680
4486 4507 3435
2436 3814 2590
844 4435 3469
2958 2971 849
3688 3959 2431
565 2312 4932
3717 4914 4804
651 3330 1024
2906 4335 3339
1241 2869 2330
4064 4541 1877
260 968 716
1366 2587 3934
2589 3861 4805
887 4944 674
775 4097 1505
510 3497 3165
2670 2971 3310
3892 3901 3325
4497 4855 1705
1706 4103 1476
1247 1636 2055
3198 3927 4043
3148 4674 2119
2329 3791 1142
3797 4909 4124
1221 4497 4443
3111 3955 3788
4626 4956 1427
2363 2925 1213
2413 3552 4527
3641 4929 3211
3177 4633 3752
536 4907 2998
2900 3703 3443
4915 4921 3457
4777 4914 2029
1305 4560 1318
753 2193 489
4277 4414 129
4604 4672 2054
4385 4949 4626
4101 4724 3903
582 4016 4918
3613 4737 3120
4572 4973 4843
92 1313 2159
4542 4973 1033
3483 4924 834
863 3409 2064
4368 4759 138
125 1622 4250
1115 4844 3288
3806 4696 150
414 1435 697
3243 3963 1745
4706 4708 4663
2523 2894 3590
1653 4038 265
104 248 4251
2527 2545 442
2437 2874 2826
4500 4654 625
4921 4990 4405
2088 3793 1688
3890 4312 1856
224 1496 1748
2859 4779 567
4157 4648 2771
2271 3878 4898
1084 4038 1064
1917 3287 1582
89 3930 3230
2776 3639 4346
1310 4483 3115
204 2335 880
3732 3900 736
3695 3771 698
2744 2894 3097
3608 3981 4517
2320 4686 4214
1812 2820 4681
2927 4392 3427
1396 3405 1494
4771 4895 1154
2184 3534 1795
3685 3924 1023
3132 4757 2519
227 2550 4036
2581 4302 2527
2502 4519 349
1117 4363 2575
2453 2547 1532
1786 4981 4194
862 2431 3590
4699 4988 1913
1502 3359 4741
2557 3132 3327
1910 2995 4156
4852 4882 3996
440 4899 2304
4777 4847 1590
4865 4914 3914
1215 3403 1033
4164 4511 741
3151 3822 3670
2994 3103 1158
2643 4518 3701
1934 3950 4597
781 4208 3845
3314 4121 2345
4486 4508 1853
1051 3656 4720
1735 2328 2233
2281 4820 2513
2668 4932 175
3454 3657 1892
4535 4930 2210
3518 3527 4825
3341 4988 3690
3970 4765 3380
2781 3924 2620
2705 3619 700
4540 4776 3706
1910 3595 4725
2172 3328 3218
988 4264 2739
1882 2398 372
462 4738 3666
4764 4978 1004
1729 3828 4025
3029 4954 1183
4263 4892 227
1838 4150 2287
3582 4462 3649
1573 4382 4722
706 4828 1234
561 4048 817
1404 4669 2940
4574 4953 3509
720 3025 3842
2200 3185 358
47 147 2000
2148 2848 2744
3182 3714 665
2066 4536 3293
630 1350 4289
50 3471 2804
1090 3598 4126
2462 3699 657
183 433 3978
3360 3749 2439
2693 2995 1613
2521 4490 5000
974 4580 2293
3360 3796 1640
1084 3728 62
2484 4087 849
759 1137 1934
3773 4033 3923
2400 4614 1635
593 3570 1156
3235 3869 3433
2865 3722 3683
91 1578 126
2309 3226 384
1279 4075 658
844 4599 3941
469 2213 1184
1584 3420 2231
1050 1699 2457
3730 4906 4719
2399 3683 3868
3660 4799 2085
2627 4358 2518
3836 4969 2558
1014 2656 1654
2457 2937 496
3494 4193 2419
4994 4996 1233
3414 4043 1816
63 98 3269
1024 2565 3524
983 1916 4810
1613 3373 437
3286 4649 350
4433 4485 2516
3414 4612 3342
603 727 1818
4068 4566 3813
1766 2901 3456
58 950 691
3952 4564 2088
3318 3661 4631
1486 4686 4877
3722 4295 3625
4876 4942 3777
4315 4937 4358
2315 4127 3033
4292 4631 1622
4775 4866 483
3546 4360 3110
682 3726 4000
2793 3737 4618
4618 4627 2073
2975 4051 3427
3503 4652 378
3603 4304 99
2117 4576 4900
2845 4638 564
295 1145 1205
1174 1910 92
4594 4599 2575
1562 2203 448
1775 2751 976
1431 3434 2391
4789 4795 4301
3494 4055 3211
346 1228 574
1888 2341 3394
3992 4945 3701
2979 3539 2599
3288 4071 1518
1134 2703 4999
1202 2643 3639
1803 3050 2506
1925 2392 4134
3011 4790 1540
4798 4824 3183
831 5000 3545
3388 4829 1900
3279 4113 577
2300 3139 4896
3486 3942 1427
1466 3654 1615
4260 4855 4706
639 4379 1985
64 3010 2597
1107 1112 2431
265 2355 3012
4279 4417 811
4556 4771 3589
3178 3725 2932
2448 4406 3753
3635 4485 1268
2452 2681 4409
1786 3641 1805
1517 2521 3384
4137 4732 3194
2879 4729 4026
1345 1914 4832
1122 4909 2769
3922 4153 1597
1481 3766 4268
123 1314 4364
2557 4003 3433
1935 3589 1149
694 3330 2923
1022 3547 967
2868 2872 3749
437 2645 646
225 3420 2527
4786 4818 3299
2191 3895 4796
3196 4541 1642
3090 3170 2189
1775 3493 2463
48 3894 3777
4598 4845 233
2466 3078 4605
48 2547 840
1286 1447 2917
812 4171 3936
1660 2460 1941
2736 3966 3612
2227 4402 2515
3396 4270 1506
3924 4022 2107
4458 4775 462
4324 4914 4247
1927 2761 2089
4208 4586 1426
4368 4764 4031
3182 4116 183
2891 4154 3316
2061 3571 3625
2260 3128 3884
2645 3367 291
2987 4269 2878
850 1509 1185
4213 4447 1421
253 882 4904
4570 4594 1283
4759 4773 3337
725 2755 3648
1148 4306 913
4383 4635 815
4103 4710 401
4014 4537 717
4250 4581 3517
2083 3273 3512
2343 3099 3461
4913 4942 2130
2669 2762 2471
445 927 3698
4342 4566 1713
4984 4998 216
3649 3943 1112
3961 4160 2665
859 2703 4346
934 1128 333
1981 4506 2468
2881 3204 4659
3761 3781 285
3530 4530 945
4311 4811 516
1345 4901 326
2113 3325 3472
4323 4404 3843
2315 4330 2935
1565 3096 1075
555 2513 714
1051 4637 1858
193 1384 567
544 588 683
3039 3981 3721
1653 2763 751
4571 4867 3077
3332 4778 4435
4789 4879 3751
3583 4018 1017
4308 4621 3364
1116 2362 449
1071 3464 4389
2097 3558 3717
887 1756 4495
770 4861 1871
36 4890 1820
4731 4907 2089
2443 3185 2149
2441 4092 1221
824 4702 4722
3447 4541 4474
4817 4833 2220
1382 4507 966
4187 4205 340
1594 3634 4002
483 1849 3365
417 2289 351
3623 4560 2248
2382 4410 4713
4079 4804 1652
966 3337 2332
2786 3258 3327
3588 3836 996
1852 4699 3078
341 2863 757
338 4468 4946
4491 4639 1911
2932 4567 4693
1907 4697 4220
4414 4660 1842
965 1291 3905
1552 4117 4691
2147 4226 3327
4956 4981 3566
1491 2838 4107
2303 4459 4305
1478 3322 2955
4676 4991 1361
1202 1311 1544
713 2013 1545
1133 1279 3017
2504 3579 4922
1319 1747 2465
1963 2903 2472
1775 4266 4115
3684 4265 948
501 574 3919
4341 4974 1715
55 3417 4791
1231 2027 3578
4171 4854 1830
3127 4569 2373
1171 4774 279
482 3318 3089
3676 4328 1435
3371 4789 3439
4158 4598 3897
4134 4735 2257
4766 4899 718
3743 3915 2584
1281 4597 2836
4818 4925 211
3755 4742 4027
58 1014 1490
1721 3029 4201
2320 3473 2387
4481 4490 4964
4420 4865 2988
2021 2490 4287
3313 3711 4029
3929 4308 95
2717 4388 4240
4630 4876 3306
2106 3948 1109
751 1741 4759
1037 4907 3171
3397 3460 29
3050 3645 24
640 1779 3233
438 850 3258
4319 4827 536
1244 1897 2081
3123 3225 3035
100 3592 2194
4227 4310 2609
214 2276 1275
3737 4955 3952
1081 1701 4424
2552 4081 3637
1251 2056 3747
3182 3332 626
2873 2960 2013
1759 4891 741
1978 3946 522
1443 3127 4130
4121 4399 814
2418 4817 2135
4462 4599 4752
3253 3334 2070
684 2511 2626
255 3067 2761
486 1644 1591
4855 4889 1252
3512 4005 3383
1014 2671 3027
2611 4531 4738
3789 4188 4043
4321 4834 524
4273 4716 2389
2706 2911 1467
902 3857 4957
3829 4306 4196
4514 4520 3568
2386 4363 2884
410 1825 1364
2596 3850 2276
504 4439 190
4458 4848 3231
4430 4723 2286
4991 4996 3172
443 1178 1878
416 2627 1015
66 2269 3365
2945 4388 1154
636 3300 1760
3010 3557 566
3998 4846 1071
2262 2422 303
995 4005 1147
4403 4858 2949
1313 3677 2542
5000 5000 689
5 3786 1393
3419 4987 3486
355 4871 2382
2793 4786 2949
2798 4981 2757
174 2988 2422
691 1212 4814
4257 4290 2278
139 2225 1042
1352 3225 4872
3409 3724 747
849 4522 4708
1457 2155 2352
2495 2995 4009
3287 3412 4746
3868 4444 807
3150 3492 1872
60 1897 1413
2486 2971 3301
4946 4966 3493
152 1938 3691
4184 4369 2040
2359 4551 4438
669 3133 3292
761 4373 1330
8 707 4249
3890 4697 4048
1894 2660 1681
2374 4945 1295
2998 4438 4091
3948 4273 4586
2433 3832 234
941 4341 3182
4209 4569 4687
1796 3036 4042
177 3026 1930
3153 3765 4561
1895 3587 791
3646 4705 4996
4899 4955 455
2510 2689 2882
1212 1470 307
3570 3618 2063
4617 4799 844
187 3016 557
1561 1881 4519
2952 4698 656
1527 3701 1018
3193 3525 550
2450 4998 3095
2275 3647 3145
4051 4207 3651
1014 2369 3863
3809 4934 1997
2582 3012 2034
2539 2949 4746
7 3440 2635
3509 4093 4501
2043 3138 993
1580 2718 3063
2700 2964 92
1460 3407 2667
1631 2228 2834
2711 3172 3375
3718 4493 1025
2390 2917 1291
1001 3349 3829
1520 2974 721
4244 4471 3098
4033 4267 1456
4596 4812 355
61 2890 2511
3210 4115 2439
4392 4563 1683
4447 4977 1832
4001 4013 4108
4743 4933 2951
1052 3310 3404
819 4352 555
2578 3645 4891
3490 3604 203
1031 2932 165
1678 1975 3332
552 1573 3315
3 79 1312
1213 1418 956
353 545 2002
758 3424 3961
1905 3208 2064
137 3128 4447
4527 4810 3890
4274 4916 16
279 2180 127
42 1708 1632
2612 4812 4149
1425 2203 3478
4247 4512 4538
1907 2434 351
1104 3216 3739
4298 4978 2566
1487 2174 4146
2234 3215 4069
193 2254 1022
1079 2404 2384
3611 4083 4305
462 2925 1938
2304 3890 648
145 961 1313
2484 4196 161
567 2585 4567
3371 3975 3982
2129 3504 3438
2957 3382 2240
980 2054 1737
1084 3857 3767
4671 4889 37
81 4325 2359
4871 4874 2167
2615 4614 4043
4328 4926 4722
2764 4774 4918
3455 4344 1181
4661 4845 3687
1780 2120 4704
1285 2195 2655
2585 4308 148
3434 3470 2194
1273 4424 3895
2502 3695 4009
4027 4646 1561
138 1656 1368
1385 4298 2409
4709 4971 2942
2299 4670 1602
2317 3099 4729
490 4532 641
3156 3889 4461
3291 4731 4618
1283 3297 2111
1150 4487 3700
130 3043 986
359 1728 4903
1580 3131 4475
2976 4689 493
2163 4688 1865
72 4383 330
1998 4931 1591
3253 4602 1142
2007 2693 2198
4080 4376 3684
2178 2680 544
4676 4695 4557
1675 3512 3385
603 1586 1804
3113 3207 889
1663 4693 4925
2373 2959 973
2787 3861 3639
1847 1909 4450
1951 4363 3054
3472 4135 700
448 4130 2110
326 1345 2694
1063 1396 664
1961 3295 1304
967 3750 358
3753 3919 1940
1586 3812 3775
4124 4200 4331
3898 4359 2166
2077 3946 4512
536 4150 2251
1490 3810 4943
3864 4934 3169
43 4929 2315
3996 4702 1441
3919 4151 427
4520 4704 4371
4379 4478 4473
1948 4750 1557
170 452 2983
1910 2636 1770
2720 3038 1773
4918 4994 1821
2713 3780 2787
4038 4623 945
2605 4979 3656
1921 2188 2060
766 4350 2929
1232 2413 2978
2307 3562 4613
1365 4793 2063
965 2061 1095
2834 4943 1915
1995 4412 1086
3347 4583 3100
2048 4703 1976
2142 4665 4661
73 2126 3102
4252 4557 3347
1291 3041 2982
1604 1842 4111
2798 4950 1686
2837 3999 1002
2982 4284 472
2845 4201 4540
1062 3827 4188
2321 4317 1491
2586 4054 668
3373 4065 4218
3718 3952 3957
3348 4549 15
2690 2942 4322
4338 4755 1549
2836 3975 4540
1907 4575 2913
2015 4388 1728
1775 2423 4608
3290 3696 3987
2547 2744 3544
1569 3301 680
1998 2487 2673
1386 2113 4461
4610 4695 3174
1086 4515 311
1636 4076 4709
511 1009 624
3837 4866 4612
1385 3140 4056
2630 4105 1052
1832 4202 4298
1629 2924 3223
510 2985 750
3743 4818 3778
4697 4800 2525
720 4197 2180
3403 4368 712
224 4802 1910
2781 4518 2296
4042 4715 3596
3329 3707 1664
655 1994 3200
742 3312 1965
3278 3363 3319
2090 4495 3554
4178 4624 859
942 2255 3001
1035 2847 2872
323 1294 409
194 3804 2731
3823 4998 207
1701 2925 3374
710 3390 229
4272 4892 2617
3698 4471 495
1283 2072 1731
3860 4475 4271
4689 4880 2993
2979 3065 4479
4565 4910 4121
1975 3819 2292
2974 4882 4532
470 1340 2292
4846 4921 626
523 4555 2583
4923 4967 404
122 3630 602
880 1525 2270
427 4088 2161
4081 4718 3025
4486 4636 4425
2183 2999 2056
860 2709 942
245 3977 2886
568 4401 4944
1530 4467 2654
393 4812 36
4507 4822 2800
73 158 1787
2652 3930 2762
2497 4064 1296
2794 3161 510
342 2399 2046
533 4094 4880
2869 4593 2482
1000 3946 2994
117 2459 1933
2733 4009 3734
4653 4854 4090
1425 1547 3776
758 2808 754
1891 3537 3144
4001 4184 2780
828 1813 4276
549 4468 2776
1596 2801 3455
4421 4754 3911
2967 4711 4066
541 1142 2913
3870 4626 1829
3660 4411 3754
1262 2060 1165
1915 3732 933
237 2838 3258
3647 4595 1135
3786 4559 3097
765 4448 1282
959 2835 434
1533 2963 4077
1009 3087 3794
2830 2952 3522
2633 3088 1642
3944 4624 3437
2707 4050 4602
4214 4999 4014
3826 4841 2559
1723 4148 4659
1180 4587 623
282 2985 1152
690 3444 4866
816 4928 2207
22 2271 2177
1973 3791 2782
4523 4694 1101
3531 4546 3870
941 1345 3323
56 1883 3475
1355 2112 4711
2766 4329 3289
261 1834 4817
3315 4233 4585
2951 4633 4733
906 4421 1968
1298 2004 471
2002 3607 2765
2713 3320 3341
4348 4493 1173
2788 4822 4138
1717 2512 734
3025 3387 583
55 3660 4193
1847 2078 4911
4492 4848 1273
3852 4282 2973
3400 4421 776
4861 4951 4934
1766 3655 831
783 3912 4412
4089 4838 4986
2784 4287 1252
1155 4936 3331
3644 4521 3197
451 2779 3029
1255 3148 209
2469 2972 874
2058 3442 2059
3900 4462 4870
2222 2450 3387
3245 4478 4842
4902 4960 1443
3806 4436 2814
4075 4904 4742
2777 4400 4156
135 791 983
4055 4368 1818
4228 4796 2215
3927 4228 1445
3511 3841 2993
619 2587 1986
4819 4957 3280
1987 3693 4073
4579 4729 824
3537 3790 3537
1639 3731 585
1893 3830 1645
2330 3312 3180
2315 3348 1980
3896 4069 4821
1813 3903 1770
4614 4944 1655
1003 1982 784
4301 4761 174
3861 3866 1452
2077 4165 2555
115 1810 3898
2999 4158 168
182 826 2636
2988 4611 2731
3747 4579 2918
2726 4192 2253
163 921 3003
4758 4944 1748
1067 2520 2596
3453 4031 3707
4294 4457 3433
822 4936 892
2816 3632 1894
4062 4834 3175
2609 2947 3384
2658 4761 1080
3538 3731 3972
4231 4257 2312
2271 4973 2679
2753 3695 4582
4889 4916 2205
3495 4173 2465
529 1645 2623
1505 2902 1031
3832 4018 2073
3953 4101 369
2061 2592 131
3528 4778 2586
3507 4384 1196
2610 3647 2047
3022 3722 3557
2606 3698 4700
1881 3947 2611
4249 4909 286
1124 3424 3817
3343 3851 178
686 895 3819
4498 4972 247
4639 4703 415
4326 4357 1607
1717 2004 12
2251 2767 4503
2264 3637 3642
4957 4960 697
1229 3756 3831
1983 3569 1296
3411 4161 1856
2669 3348 1292
93 3439 2294
1568 2207 1258
4308 4708 3107
2037 2659 2915
2418 2931 4191
4371 4828 208
4998 4998 2211
1297 2454 4558
1683 4686 1847
3643 4445 1271
4178 4917 566
4243 4352 417
4829 4880 4213
3096 4454 4725
3541 4329 2702
3609 3661 926
1226 4718 4142
4512 4814 2464
2370 4214 1152
3337 4151 1709
2881 4533 3968
2837 4899 3610
4876 4913 2546
2753 3824 3082
2360 3865 1925
2287 3934 523
2039 2918 3527
2325 2432 531
1795 2143 1174
620 2912 4210
1391 1722 1079
1931 4619 3235
156 4798 1390
643 999 3776
4122 4804 557
4402 4818 1876
4908 4923 4788
2497 3448 1522
2610 3635 4803
4932 4968 3922
4916 4961 571
4277 4374 3619
3927 4561 3879
1359 2590 283
4305 4883 488
4246 4355 3485
3843 4190 2370
1465 3822 2454
4494 4717 1955
1654 3736 225
1014 4005 379
4544 4645 3412
3425 4916 1295
1210 1933 3493
4669 4727 1499
2745 3950 1699
3877 4571 3045
4848 4992 4313
1937 4762 3289
3960 4844 2188
624 1960 96
2532 3925 4351
3163 4187 409
899 4239 4234
2176 2800 2686
3556 4123 470
587 2619 1690
4022 4617 636
1211 3448 3231
2130 2735 4264
902 4104 3599
3577 4689 1007
4809 4908 1174
4823 4845 3422
4106 4885 1130
728 1867 3280
2676 2898 384
754 3978 2554
1213 2946 196
2758 4511 2116
586 3347 4156
612 4318 764
465 3029 577
2049 4772 1461
4205 4716 4498
4353 4816 4273
846 3987 2400
1788 3961 2806
52 603 1655
979 2252 4931
761 1000 3344
2017 3199 2702
3069 3332 2289
4942 4963 3304
2500 4299 1208
1312 2508 4092
4001 4048 2316
3169 3446 4203
372 4702 998
57 4580 1883
2039 3626 1449
2585 2880 2418
4073 4516 2479
2737 3093 4150
237 3593 2967
3563 4216 1036
4992 4995 323
2195 4660 3850
2240 3675 1684
3880 4504 1099
1352 4894 3878
1715 1735 4200
737 1070 309
1208 3618 4368
1217 1411 2397
3356 4991 3964
208 230 2847
4131 4617 129
3534 4409 1018
3372 4547 3979
2093 4017 3615
4703 4842 1778
420 4039 2091
3415 4977 3928
4145 4428 293
2051 4029 4526
3451 4593 4322
1627 2078 4714
3215 3659 2099
1941 2481 1786
3135 3730 979
1754 4724 3142
3657 4070 1466
830 3520 250
3429 3479 2179
2920 4926 41
1626 2061 591
3249 4984 3882
322 1154 3608
798 3278 121
3656 4153 4478
2599 4108 567
4188 4803 664
1706 4690 4541
3797 4319 1053
1434 4027 2402
3018 4400 303
14 1092 3444
3627 4728 4479
1964 4974 105
4665 4855 3972
3118 4850 4211
908 1657 2601
3139 4643 2920
2608 3674 2956
1016 2814 1886
4242 4386 3636
3305 3763 4751
2707 4412 2820
372 1408 144
3477 4080 3087
1283 1591 493
3481 4301 2271
4885 4920 120
1362 4617 3744
1598 4488 1272
3304 4425 2562
1189 2934 3661
3027 3522 655
1338 4419 3531
1617 4714 2670
1937 2041 924
2028 4418 2590
2307 4040 238
2388 3437 780
2046 3125 3003
1174 2549 700
3007 3133 2008
3829 4846 2762
2649 3033 1089
3429 3487 2585
1290 2515 3303
2693 3149 1261
2444 4801 1194
448 1173 2658
2870 3928 2644
1196 4310 1352
4124 4145 3499
3813 4600 2065
2578 3958 589
3250 4380 552
4042 4275 3318
1535 3274 4356
2922 4744 2991
2693 4926 532
4487 4572 240
1725 4098 3773
2334 3945 2147
759 1587 1157
1037 3517 295
4209 4264 2834
2755 3984 2802
3904 4144 1077
2672 4880 1176
2687 4501 4801
4276 4591 333
4180 4603 4326
4436 4562 1319
1117 2552 3565
170 3737 259
1674 2616 998
2535 3034 3010
4544 4886 3720
3096 3752 4621
3495 4590 3402
4996 4999 490
4957 4991 494
4663 4863 4780
2713 3474 3740
691 3675 2826
3134 4825 4775
3620 3663 3609
144 1287 4229
4552 4787 3228
1660 4635 883
1051 3442 2148
3132 3159 380
591 1238 4689
4849 4876 1137
655 2036 3714
2104 4744 1770
3345 3988 1370
2217 3786 225
4250 4937 146
1512 2168 3767
4766 4970 4384
4771 4853 2986
322 2576 1007
311 593 4517
1340 2372 3734
3567 4040 1635
3179 4651 193
2153 4459 1158
2660 3222 1239
2842 4816 2527
1654 3465 3769
4792 4829 582
3608 4916 4244
3552 4827 11
1527 3292 1333
2496 3259 2883
3054 4187 3532
2366 4806 3654
4913 4914 4468
4460 4614 3267
2272 4823 2825
4764 4979 4952
1734 4960 3210
4757 4953 4049
4550 4699 2899
1507 2980 442
3617 3738 772
2965 3194 3322
3457 4490 3846
3139 4752 1648
4088 4368 4539
3403 3756 2142
111 1269 639
368 2423 2508
667 3873 1665
3599 4236 3335
4704 4787 1288
1682 3602 2112
3774 3786 2999
2999 4535 2778
1977 4592 3618
2426 3104 163
1975 4273 393
4031 4906 3264
4407 4927 153
2603 4572 53
3250 4160 1555
3256 4463 3492
244 1943 2020
3441 4075 1174
3077 3882 369
746 901 2160
4774 4871 1849
1612 2181 2397
3377 4168 898
3904 4935 394
3999 4913 2955
3846 4910 4311
4893 4934 4425
4608 4658 1854
968 1857 1252
3216 4384 899
3114 3199 3426
4401 4994 1494
4496 4695 4888
55 1309 4447
3667 4944 1508
703 3379 164
70 2923 1520
1287 3060 4354
1209 3008 3364
2542 3572 4514
4943 4965 1998
3916 4907 1200
1937 4744 1809
2063 4043 4018
1540 2502 2
904 1852 2893
3467 3929 805
1730 2927 1772
636 4580 790
954 2176 3327
3428 4207 2990
1333 4003 3306
459 1523 1629
141 4278 1646
3725 4622 375
2118 2867 2485
3141 3447 406
232 2818 3137
872 3297 1060
4893 4896 4999
2224 2401 739
1332 3357 4229
4766 4995 252
3592 3731 2823
4955 4994 3275
1719 3707 850
1868 4098 1216
4013 4690 3736
4895 4992 4686
67 4809 3969
4900 4942 1109
1504 2192 1016
1971 4925 2393
991 2200 3801
4771 4828 3030
250 1413 676
244 503 1728
4252 4313 2971
238 950 2088
4388 4816 4798
18 1017 4970
3673 4816 1137
876 2118 769
2189 2699 3346
2523 2704 4159
3919 3943 1844
2565 4887 553
8 2829 667
3299 3311 2365
171 4155 3452
2447 4131 623
3003 4099 3277
354 1115 4258
3521 4330 1638
656 885 3755
214 724 2918
2883 3452 3051
2991 3129 635
4526 4911 718
2190 3275 4924
1702 4264 1883
1239 2814 414
62 4119 1105
3930 4082 557
3515 4793 1630
54 2987 4486
3179 4491 3461
3186 3320 2482
4037 4988 2555
826 1837 2534
1929 2396 1430
4974 4994 181
2481 2992 4555
2057 2940 4978
868 1363 1188
1430 4171 1823
2568 2929 2077
698 2985 2752
4071 4181 3099
258 2542 2191
1802 2001 1195
4214 4366 2454
29 347 4912
570 1533 2752
4976 4982 1468
2955 4263 1935
3989 4824 1936
2111 2372 41
2309 3535 2177
4917 4974 2192
2060 3277 4841
4688 4993 1694
2833 3399 4934
3568 3731 2003
1668 4751 688
2131 3192 71
135 4430 1754
3364 4044 888
4073 4184 4517
2690 4468 3128
2036 3633 3903
4824 4853 4217
285 574 4705
4040 4857 1268
2041 3687 4607
4136 4398 3358
4624 4860 584
1252 1580 4815
4538 4984 2970
628 4562 2533
933 2224 3674
3830 3900 3572
2639 4901 4652
3080 4413 3158
4983 4983 2875
3807 4756 3777
3366 4647 4276
1592 2263 726
835 4658 793
62 4938 2018
3422 4775 1396
1224 2766 2461
4836 4968 1295
4649 4718 4342
1061 2117 3723
3407 3746 400
72 3356 568
2171 3679 3478
4618 4841 171
3245 4542 4028
953 4559 3541
73 4309 211
3040 4832 492
1341 1936 1607
2916 4283 1169
1412 4755 1936
4245 4790 4575
3615 4749 4935
3109 3252 189
3438 4572 3327
4333 4593 3336
550 3995 922
2858 4801 2153
447 3096 1851
3471 4350 968
1970 3244 878
2333 3257 1248
2251 3955 4423
3587 4033 3080
4414 4510 3246
4010 4623 946
1446 1928 62
3865 3947 3745
298 1625 4286
48 1885 2470
840 1905 2435
958 3938 2941
1158 2139 1154
1895 2928 3993
670 2099 4119
2074 3015 3905
4652 4818 4740
2445 3503 4777
1896 3737 2682
1496 4949 4996
854 4764 4276
542 1842 1593
3384 4219 2917
4127 4802 674
1104 1414 1690
3722 3919 4604
250 2248 3216
3240 4218 813
3652 4987 3825
709 2592 2350
3555 4895 546
4249 4830 3522
552 4058 1093
276 2925 2212
2430 2769 1878
4345 4595 1128
2632 2855 1480
4913 4984 4658
2123 4929 3380
3439 3544 1185
4230 4312 2435
3520 3828 2428
4472 4723 4911
1067 1418 3870
2147 2969 1042
3332 3403 1622
3869 4209 1580
1743 2061 3840
2286 4100 3460
1844 2167 3342
951 1999 4649
4363 4537 4977
2593 3902 951
4812 4812 2154
20 926 2453
2791 4701 1998
131 2533 1464
2269 2795 1866
1255 1534 1462
3980 4502 86
2159 3935 555
1416 4165 4107
2793 2855 229
2895 3060 3957
4707 4739 1673
1299 2252 2417
3927 4360 4116
2108 3878 4106
3302 4531 2831
2385 2667 3087
1998 4208 1793
4673 4791 443
2980 4319 4663
1750 4267 36
2681 4237 3414
1297 4089 3306
1192 3742 2336
785 3953 32
4910 4993 311
2471 4871 4229
131 579 3473
23 3147 3861
3095 4250 1181
1038 3240 391
650 4350 4098
2911 3812 1069
3938 4758 2622
1914 4365 890
2453 4964 4920
4925 4992 425
1605 2605 1202
3329 4934 656
4946 4948 485
3803 4195 2466
3755 4605 4572
79 2641 2881
4066 4848 1494
3158 3846 1946
1217 3583 197
1934 2379 3244
2487 2667 3880
3548 3819 284
1751 1810 1271
4517 4927 2921
782 3797 4357
3574 4779 142
3505 4526 2628
2958 4198 2985
4425 4807 3481
696 2866 2485
2497 3472 4103
638 3467 678
672 2816 1577
264 2282 796
1304 2381 1074
3467 3536 2120
1800 4219 1446
2505 2879 1268
824 3528 367
3091 3338 1112
290 4316 4894
242 512 618
3266 4658 3233
1771 1790 2998
1583 2786 1605
2432 2436 4638
507 3227 3664
749 3692 232
1415 2219 344
351 4615 850
2174 2981 3447
403 3943 2859
2627 2930 4216
2406 3888 486
2874 4745 3066
125 150 1136
1191 4514 987
2009 3439 1670
3861 4505 4139
4121 4473 27
1202 3908 3813
87 454 4543
4917 4932 480
1560 3565 3393
2726 3852 4794
2567 3003 3144
1610 2563 844
824 4962 1977
783 3225 4011
3534 4806 1798
3665 3666 938
4005 4127 4523
4513 4944 2055
2239 4031 2438
491 3411 2555
2079 3031 2811
155 369 3234
2302 4501 1736
2541 3960 4140
1496 3662 3307
2371 3864 1375
370 3538 656
2385 3913 4701
159 4233 4328
3858 4970 294
2673 4012 522
4697 4793 2034
3064 3251 1754
2851 4432 2209
2168 4761 1490
1085 2065 4488
2923 3909 1271
4302 4814 2413
4720 4805 3041
4132 4790 581
4331 4921 3783
4466 4867 3228
1105 2939 1751
2801 4212 3212
1244 3886 3856
4147 4421 4188
2391 4812 1904
1705 2564 1240
207 210 1857
3274 3795 2135
925 4056 1633
4139 4991 2884
834 3046 3901
4220 4292 1222
3060 4708 4274
3419 3514 2362
2367 4043 656
4002 4265 3058
259 2282 3424
3043 4310 2065
2062 4036 4196
3724 4589 2988
124 4534 4811
336 4675 1786
763 4730 2274
1703 3639 3448
1670 3807 1651
3762 4973 1422
3238 4092 3432
4022 4456 2037
42 3981 3490
330 2983 2505
1257 2171 4029
143 4119 1119
1431 2925 1085
704 2771 1476
1844 2144 1254
3242 3984 566
4481 4943 3869
4401 4584 3545
698 1821 1801
4044 4861 340
2326 4033 4600
2359 3486 1490
1596 2477 1128
541 4923 2146
210 1293 3084
4032 4481 3907
1901 4843 4112
955 1613 3872
965 1412 3855
4866 4947 2344
3933 4088 3693
3472 4782 4103
4671 4756 4602
2913 3541 4066
4868 4958 3849
3919 4847 804
1426 4279 3924
4655 4854 4593
4273 4714 3497
4837 4840 3741
1248 2801 3568
1356 2728 3199
3716 3798 1891
2970 3541 4940
2371 4754 4921
536 3432 696
1080 1113 1531
2307 3293 1621
4602 4674 132
4028 4080 750
4144 4624 1785
2349 2735 1211
976 3832 3090
4413 4420 3294
1503 3332 470
2085 3260 1154
2351 2837 757
3379 3821 3570
4904 4969 2136
412 3138 4229
2110 4600 3733
4053 4740 3099
3359 4945 4786
3874 4735 1447
1841 2447 1776
3255 3971 3104
4771 4821 2663
39 40 2626
3769 4717 4965
4897 4944 2772
2554 2679 4380
2637 3764 2299
4699 4899 3984
396 720 725
1692 2632 329
3763 4639 3386
3709 3717 3526
899 1397 1685
3702 4935 706
2423 2858 3919
4724 4777 1669
4100 4587 720
4112 4895 1706
3368 3862 3346
3633 4216 3250
1502 2981 1212
211 1128 2411
2006 4067 4898
3346 4426 2847
592 875 1187
1269 4119 2588
338 2663 3306
2781 2866 3270
2819 4576 3875
4841 4926 923
4548 4597 2600
2193 3877 45
3434 4236 882
702 3234 4098
2669 3640 2968
4458 4900 4645
1940 4679 2656
4413 4493 355
2905 4571 3881
1919 3733 3580
3488 4747 3816
3274 4731 2017
1856 4990 3820
3613 4578 1277
1943 4823 650
1670 2987 1552
4541 4814 2912
1783 2886 2506
673 2201 1921
2284 4006 2897
4666 4998 4610
3471 3918 2357
4722 4750 2833
2475 3167 2596
1762 4415 1364
214 2543 4699
4189 4818 1009
1543 4672 4541
468 3447 804
2429 2464 3958
3993 4819 2920
4804 4811 1431
4106 4860 3991
80 298 4183
2633 3960 1380
1897 4979 3033
1840 3687 1873
1613 2736 1294
153 4158 213
4032 4245 2865
3794 4491 286
1273 4238 3841
1644 4018 3284
3769 4996 616
1763 2532 2565
2835 4296 2393
2289 4084 4880
3015 3631 903
1526 2933 1575
2003 3695 104
4649 4919 4151
1927 2355 2548
3309 3759 655
4688 4978 2000
2936 3307 3903
3904 4925 1594
2408 3816 3784
2968 4864 1090
3979 4785 631
161 851 2639
2839 4189 4371
1018 1261 931
4631 4832 4812
3207 3243 3701
3661 3919 3405
3268 3671 3361
2644 3452 299
3588 4456 3349
1498 4720 4942
1113 2966 1944
4836 4874 381
4508 4902 3572
1650 2784 4454
3788 4255 1998
3126 3316 3040
462 3155 3649
4175 4835 4295
1901 4704 2065
1145 2521 2041
1105 3866 2995
1701 3766 2767
4644 4863 1431
2701 3216 3902
2833 3971 2471
2787 4378 4170
18 4968 3827
787 1610 326
1836 4471 1970
3380 4409 1224
4769 4970 1034
4857 4968 2991
3485 3652 2515
3495 4173 4964
402 615 4992
762 1144 633
945 2838 3981
4940 4956 1829
4691 4916 4935
4936 4945 92
1115 2352 747
4912 4958 3866
4476 4890 721
2301 2985 383
3412 4807 2515
2062 2137 2491
3389 4574 4954
2647 2855 1835
550 3054 1167
4272 4512 2862
2907 3275 3226
3645 4616 4084
1139 2086 1160
3013 3277 3147
2859 4351 3629
4284 4489 4232
4441 4973 1112
2875 3655 2966
2446 4978 317
992 3959 239
4604 4896 2571
1454 4578 3746
104 3117 1459
639 3692 1480
1421 1647 3054
4325 4413 4122
3229 4775 373
4312 4412 796
3800 4862 3220
4656 4741 3423
3702 3880 2632
159 388 357
4646 4822 2084
1443 4889 3530
4484 4668 2025
3625 3977 2345
4135 4239 4231
4642 4921 3272
2994 3963 3002
752 1989 3412
2697 4357 13
3032 3214 1701
2321 3197 3055
1906 3484 3123
4262 4714 2500
4250 4874 1703
2914 3286 3065
3535 4969 1882
3949 4332 4675
932 1665 4572
4322 4830 1390
1212 1929 1802
2804 4246 2625
2996 4002 2273
1841 3417 2136
3213 4834 2092
4970 5000 3351
3071 3515 681
1512 4421 78
2543 4654 255
1323 2750 3985
3110 3144 4076
1674 3320 1374
4149 4734 1284
2618 4458 3069
633 4686 587
2565 3637 3340
1342 2210 4729
124 2788 1318
3467 4918 382
2279 4418 1638
362 4137 4786
3444 3709 1108
4192 4735 420
786 3254 1208
3708 4010 1816
941 1875 3741
3718 3968 2401
1812 3011 3937
3782 4452 3355
3646 3650 2929
2174 2351 922
220 390 1993
137 3783 1731
3781 4046 3656
2253 3845 297
694 3600 371
674 4918 3722
4721 4726 2938
1205 2956 906
4361 4576 3607
4765 4814 2060
4358 4558 3048
3084 4317 3312
3103 4507 1643
807 4896 4113
1606 3472 2110
341 2910 4847
2101 2293 2969
4021 4218 731
2107 2906 2887
3820 4590 1962
3604 3894 1529
4673 4902 81
1433 4202 3486
2122 2361 601
1971 3736 1467
994 1717 444
673 3546 3396
4902 4935 214
2157 4594 1591
1721 2960 2603
1249 3049 2323
3898 4504 3566
2450 4767 278
3901 4201 49
2167 2738 1921
66 1255 2799
9 4307 251
3020 4576 3947
2316 4022 176
2843 3900 1222
856 3892 4661
3425 4844 4698
2965 3865 3824
542 4666 2588
4900 4989 4799
119 2753 1796
848 4386 401
1270 4674 119
197 403 2150
3160 3194 647
1893 2538 3079
430 4218 589
4440 4631 2930
3515 3972 2352
2289 4345 4063
2253 3957 779
524 1867 2975
4482 4788 680
3063 3330 2138
4396 4801 1644
4592 4972 1100
1014 4118 3902
656 4842 972
4940 4982 568
284 793 982
803 2987 1811
1680 2166 4954
561 4944 792
3373 4064 1569
4456 4568 1166
2060 4030 1614
620 3635 2143
525 1889 4427
2848 3153 3475
1230 2363 3909
1131 2638 4772
3219 4064 3253
644 981 4531
1109 2738 2121
677 2271 1821
390 1229 2451
2447 2940 3747
4703 4934 59
4135 4470 1975
2591 2913 317
3302 3683 2782
4727 4747 240
3814 4394 2086
2878 3493 3894
1234 2663 2062
455 1643 197
4325 4408 1376
298 2336 1024
2792 4971 1083
3288 3349 116
2969 4873 111
579 3018 3126
3377 4894 3816
1518 4827 246
75 4356 4895
4538 4817 2708
1715 2048 2546
3046 3134 4575
3411 3441 3228
4704 4953 1863
33 1125 2070
1625 3783 1838
3995 4045 4935
2920 4601 2921
4698 4979 16
3847 3904 4619
1272 1470 922
4787 4840 4455
4706 4870 1979
4093 4572 4067
3803 3839 1267
2022 2090 3397
666 1076 3943
1714 2962 3666
1841 4797 2402
1911 4730 2328
3879 4131 1819
2153 3396 3375
2754 4271 602
3209 3408 551
347 4161 73
3302 3653 1970
3804 4411 4605
2484 4389 3528
297 906 1344
1017 2363 551
814 4140 4089
4265 4530 1781
3005 4536 4852
2704 3684 2813
1127 2963 1479
2439 2789 985
663 1677 2062
954 4050 360
2982 3225 3004
3948 3989 4382
2792 4600 3043
3482 4506 814
3890 4085 3541
2443 4973 205
2626 3126 2934
3498 4229 2998
3451 4381 4772
3745 4019 1360
1791 2455 3493
3032 4210 1581
1971 4934 3627
4908 4913 1193
3052 3087 3897
3601 4795 2817
4545 4558 2653
117 1292 4175
3005 4539 4070
1540 3189 1306
966 4223 2562
3921 3991 284
4430 4498 823
907 4824 1322
3346 4706 263
234 499 1151
700 3033 407
3492 4620 2925
74 3372 1023
1475 2764 2517
4170 4951 3233
2900 4590 3404
3371 3993 406
1887 2751 472
3778 3893 2555
2271 2606 3200
1988 2249 355
4950 4978 4465
1743 1965 2508
1459 4049 1460
63 1760 3096
3462 4991 3238
4861 4957 2933
1952 2825 4138
4316 4555 4845
1145 2422 2353
530 3972 932
1545 2106 3206
4601 4613 4448
3685 3738 1892
4384 4772 1838
1310 2609 565
3373 3721 4628
4669 4757 1049
3673 4793 1769
4080 4687 4449
579 2328 3687
1825 3961 3030
4031 4891 3407
1765 4499 4287
2952 4975 1480
4144 4265 4428
867 3822 4940
3256 4727 3491
2616 2787 3933
4118 4425 4331
3649 4971 1555
4042 4933 2588
165 439 1050
1815 4304 409
480 1505 1321
4563 4705 789
3610 4529 1926
4918 4941 3775
2994 4895 1137
502 2640 3535
2428 2986 1782
2756 3638 4610
4917 4978 371
2995 4914 117
3054 3817 919
4782 4998 3823
829 3012 380
3203 3368 3898
1161 1670 2407
578 1199 3265
3518 4530 2011
225 3997 1791
257 2657 298
4317 4723 557
507 571 309
169 4838 1772
4790 4828 761
2744 3545 3101
4126 4603 4898
766 2598 3945
723 2329 49
2579 3048 314
4564 4659 2676
1442 3205 3771
301 812 3080
102 1073 3885
1856 4124 975
3796 4825 214
1574 4039 2576
2755 2868 1849
3629 3705 4711
1718 2905 2561
4809 4946 4997
4129 4331 1279
24 3988 104
388 2663 4866
1020 4111 1797
793 2687 562
4309 4508 316
3281 3537 1826
180 261 1433
2614 4087 1739
80 603 628
2343 4098 2335
4929 4964 1922
2941 3604 68
305 4718 3974
1610 3050 3481
3680 4290 1045
57 2115 3038
3669 4477 2298
1755 2043 64
1441 4912 4507
418 1195 3498
4062 4348 3150
3441 4252 2891
4527 4590 4157
1893 4399 1448
1196 4535 4443
2474 3568 785
2801 4389 2930
4769 4992 3538
3825 4007 4888
3269 3535 1021
3925 4274 1444
3793 4878 4805
674 4601 2756
3926 4890 2798
2495 4595 3577
1647 4284 3280
1338 3169 796
4871 4889 3347
4320 4323 317
305 3853 4976
4552 4655 4109
1072 2554 3242
4267 4297 4964
2505 2974 4623
840 3867 3970
2952 4820 386
3710 4527 3207
1793 4081 1844
4931 4939 3567
3551 3713 1238
3844 4722 814
1973 2686 597
657 1946 3077
1661 2311 43
1904 2760 1707
681 4397 4263
894 894 3741
673 3310 355
1652 2340 4635
4481 4958 4038
1746 4580 3491
2480 2969 4267
2868 3218 4248
2910 4005 1706
3805 4514 697
364 3659 2429
1759 4303 33
1015 1888 4688
3971 4138 4696
299 1623 4719
2624 4789 334
4461 4894 3029
535 2737 630
3416 4140 2027
2776 4377 592
1940 1962 1953
3333 3420 4521
1776 3979 2579
4296 4951 1325
4622 4975 423
3198 4155 168
2813 3706 4001
4066 4812 1086
606 2997 1783
4267 4791 3496
1093 1603 1764
4723 4817 1142
3369 3502 177
298 4634 4
4242 4795 2377
4949 4999 1053
364 4896 2686
4441 4881 4316
1528 4890 312
1494 2675 2910
2204 2525 1761
2922 4624 4182
2958 4082 430
4827 4939 524
846 1149 4706
1694 2755 2580
2542 3167 4195
4777 4965 624
68 4540 303
1707 2708 3970
274 525 4573
1730 4867 4091
1336 2479 2530
1260 2031 4244
254 2243 1961
2482 3272 4536
4368 4659 1400
3343 4551 4623
3520 3617 4164
4776 4893 1698
659 4734 1156
714 2877 4611
4791 4977 862
193 4583 3317
1009 3423 4135
3243 4330 1997
4847 4987 1718
3760 3808 1710
4205 4528 315
660 3893 160
1536 4169 4775
204 4133 1729
770 4698 2506
1344 2261 3564
4709 4907 2205
4858 4870 2845
3377 4549 4843
1500 2074 232
3110 4782 2332
2702 4166 440
1175 4430 1824
3957 4241 3145
4555 4902 2769
523 3349 3408
1014 2206 3570
4731 4827 2648
4975 4985 158
1385 4415 2394
1148 3427 3682
1299 2056 4604
961 3455 2433
3166 4515 3517
1101 3109 2678
1429 3416 408
2499 4818 3049
1874 2090 2470
2439 4597 524
1540 2723 4227
4065 4986 4661
1358 1959 839
2713 3344 2144
4745 4983 317
2918 3857 3034
2476 4444 1648
2259 4496 1821
2639 2820 1509
2669 4386 2437
1276 1345 488
753 3891 2253
3212 4933 2893
3327 3819 2199
1756 1968 3986
1064 2882 785
2755 2977 3290
4636 4916 3708
2198 4902 3932
4313 4514 231
1512 3660 3896
3954 4955 3604
4878 4893 1065
4860 4911 4836
3331 3505 4722
306 3302 1293
1717 3909 1960
3382 4797 2430
178 4153 1317
3374 4265 459
1734 3953 321
2859 4680 215
3261 4712 2874
2269 3776 19
889 1208 902
3425 4170 4057
4250 4652 3925
4082 4320 1089
3843 4513 1751
2034 4128 957
3160 3638 279
3766 4363 2053
175 978 4810
1103 1364 3056
3945 3988 2351
1853 2099 2730
3111 4494 2875
1281 2346 2283
4162 4656 1739
2699 4149 3882
3995 4662 1225
2580 3604 4435
3826 4138 2339
2821 4962 4293
1722 3042 757
3150 3728 3492
3593 4074 198
395 1362 3890
2259 4112 2754
2547 2794 401
3069 3619 4452
2213 4943 2640
2972 4944 2803
4157 4692 2296
3154 4241 740
3470 4208 230
1933 4715 2690
419 4604 4493
1066 3248 678
2478 2790 1827
824 4669 1904
4927 4967 2699
1559 3825 298
4654 4908 3421
3407 3819 1847
1325 4507 3864
4885 4922 1523
1675 4295 598
920 2384 3804
2052 4601 1486
1195 4415 3242
3503 4427 2185
3977 4807 2482
4351 4715 4563
2028 4228 3336
2247 3512 4174
1997 2061 403
3866 4027 4876
516 4395 3543
91 3342 2620
426 1570 2807
2854 4876 2516
2073 3700 3899
4298 4771 1592
4546 4619 3982
2628 3072 200
4975 4988 691
3587 3865 1081
4565 4910 4438
1088 3406 2593
3349 3448 3555
3554 4639 15
4464 4709 2100
405 3705 4745
3173 3466 827
3392 4636 2053
1351 1628 2719
2536 4682 1853
3723 4190 1170
1878 3512 1023
3224 4037 1539
1459 3438 4936
467 4942 3864
3145 3540 1811
3482 4834 2156
709 1233 4933
1047 1077 4457
713 4349 4381
4525 4843 1789
3710 4074 3967
2134 2766 4194
324 4585 1776
4381 4605 758
2958 4837 4493
996 3254 2724
538 757 2021
12 1315 1888
2930 4196 482
3559 4883 1880
766 1653 1578
4492 4694 1470
2927 4662 4234
2140 4466 1933
3647 4927 3642
3564 4497 1857
4384 4804 238
3970 4276 1256
966 2142 1411
824 1265 2519
3714 4037 611
4694 4896 2514
4022 4244 559
1351 3913 160
306 2793 236
1707 3478 1799
3454 3744 3041
2587 3402 3848
1608 3380 746
462 684 2845
2239 4667 4289
4420 4717 1283
1110 2582 4732
4230 4376 2384
4069 4691 3318
115 4415 68
3544 3866 4004
498 1659 1623
3983 4101 3393
2855 3392 2107
2740 4589 684
865 3081 788
2897 3071 1784
4825 4830 2351
204 2371 4570
3672 3896 4246
1016 4497 2642
921 1715 3235
1297 4782 2209
4802 4853 33
4689 4742 1212
234 3868 139
850 1380 4052
1604 2277 2728
4979 4980 3826
916 1526 2712
4933 4947 2338
3032 4456 1116
813 1256 1475
4413 4705 973
3145 3188 909
739 2263 4060
2989 4266 2859
2580 2753 2210
585 2201 4064
1834 4782 4930
784 2817 1284
4322 4500 3693
787 3696 1364
4694 4775 1348
1540 4439 2040
347 3008 1527
624 801 3776
572 4924 2065
2416 3086 1206
453 1798 609
2317 3295 4450
2733 2738 409
3489 4529 2939
1737 3396 2725
2192 3832 288
1120 3194 4712
4059 4816 1213
607 677 721
4672 4982 2437
561 3535 2493
4626 4699 4050
1636 4937 3250
393 1208 1785
1736 2522 1324
5000 5000 1655
1689 4848 3611
3841 3897 324
4888 4987 3995
2062 2911 808
913 1577 897
4292 4953 935
1350 2106 514
3215 4027 242
306 1381 2129
3222 4512 2013
1276 3450 4341
1817 3347 3402
3857 3935 2969
4666 4809 113
4593 4989 3310
1440 4283 2885
2510 3912 1021
2534 4084 3097
4841 4980 855
2949 3801 993
2863 4866 3591
168 2904 304
100 3235 1933
3256 3388 1506
4866 4916 4974
1141 4958 1550
112 2360 2993
4188 4300 797
4397 4480 2407
31 3143 1501
1630 1770 945
3448 4784 3428
2465 3703 2995
3635 4649 3992
476 2641 65
1771 2993 2438
3872 4077 1134
1283 3098 186
1889 2669 4250
490 1857 1516
3382 3893 2638
1325 3093 4202
2380 3816 4130
2229 3694 246
256 3184 4811
3677 4235 1485
3695 4521 62
3568 4638 2685
1845 3286 3776
3625 3928 2547
1850 4822 4096
518 4230 1468
1858 3543 3844
3799 4647 2424
2406 4746 1939
618 4897 3149
602 2631 4574
3951 4197 1821
4423 4890 2838
3484 4530 2205
2176 4218 1966
4331 4652 2035
1111 3935 4589
3261 4521 3413
3519 3813 826
3851 4237 2655
349 942 1624
4429 4695 467
3867 4253 1688
1839 2687 821
2420 4155 922
3424 4375 3529
1850 3038 2646
1964 2748 1109
1183 3813 2958
764 2102 2120
1497 3049 2297
1218 2102 34
4968 4993 1284
1031 3885 3904
62 4271 1807
2624 3580 2397
4550 4927 4239
54 454 927
4588 4780 3650
13 3405 4442
7 4845 4502
3233 4003 2698
2322 4570 4679
2236 3175 4075
228 356 372
4777 4866 525
629 2633 4497
89 2185 1053
1837 3534 1679
2488 4497 316
3204 3977 2189
1998 3061 682
1952 3800 226
3476 3769 1967
271 2624 339
4238 4484 4289
406 2461 1162
4255 4443 4351
3339 3907 1900
870 3036 4107
3838 4478 4018
1190 3231 3132
1702 4504 4594
257 4502 2699
963 3794 1537
4534 4631 1890
2576 3762 2272
4217 4460 4160
2032 3709 4577
4581 4992 3587
4129 4278 3316
3771 4437 3907
3596 4584 4544
659 1088 1933
93 2614 1138
1209 4831 1084
2367 2734 2713
4146 4298 248
4719 4865 159
105 4552 974
1617 2074 1348
3554 4950 61
814 4046 1587
3078 4034 1490
3829 4564 4445
4353 4642 1206
1881 4832 3246
2629 4720 4702
4884 4939 3517
4197 4674 4456
4783 4844 394
4421 4609 4004
232 259 726
1832 4955 4185
3310 4749 597
568 4246 2789
2250 4386 4893
2851 3625 2287
1666 3097 1055
1768 1917 2420
3554 4434 433
3603 4804 4226
671 3965 3433
4951 4994 133
1644 1762 4723
284 4561 2471
2857 2932 2539
3988 4930 51
2226 4839 234
2447 3388 60
4724 4841 673
4815 4966 2607
1594 2790 4617
3520 4805 3470
3882 4703 224
2070 2909 1308
4447 4665 79
4979 4998 1602
1210 3886 4895
4885 4961 3053
3973 4366 3856
1409 3298 248
2904 3150 4357
4374 4782 1923
4087 4977 2764
4241 4732 2550
2328 3039 165
4002 4783 2841
3022 3804 4182
1813 4453 3360
1668 2358 1732
2053 3063 1571
2620 3545 1836
4818 4876 2058
781 1211 4108
