5000 5000
4039 4719 1202
3205 3621 4557
646 1785 3360
1932 2827 383
371 516 2201
1686 2624 514
3048 4938 1598
4491 4546 4617
1280 2246 3611
3450 3524 887
2076 2540 2074
1544 3772 3353
1931 2321 3226
2593 4075 571
516 2746 3850
1167 2917 4757
3399 4562 2044
1209 1511 1090
4256 4596 1480
4997 4998 4137
3601 4802 1227
3429 3637 236
1803 2329 2340
1313 4963 1601
232 1419 92
1001 1812 4773
1144 4671 1664
627 3261 1836
299 1023 1270
1656 4286 3461
3074 4322 2634
2605 2811 3754
848 1722 3377
339 746 2130
51 4161 3464
2202 3813 4427
2729 2946 4569
4532 4648 4061
947 4652 2327
2463 3403 4325
3777 3796 123
321 3941 3519
3349 3496 1636
1508 4740 4224
2726 4391 4539
1393 3095 3380
1879 2095 368
4640 4737 3278
4178 4915 298
128 4255 1837
1637 3354 4636
3378 3524 2653
4762 4903 2254
2764 4392 3012
983 4044 4
3380 4974 372
521 2853 2786
3097 3955 4053
1046 2265 3782
2323 3848 1790
4507 4866 3451
2458 4774 2439
4505 4849 4407
4130 4569 2764
1011 1825 1653
454 2238 3929
1524 3524 3821
2636 4350 4533
3317 4854 4504
2359 4458 2585
4280 4490 1800
783 2328 751
4027 4682 341
4997 4997 2128
2764 3918 4900
3204 3860 3278
4979 4979 4077
4042 4375 4828
4998 4998 606
1856 1902 2240
4803 4930 1052
4126 4684 1880
2330 2513 1507
243 3546 1462
4892 4928 51
2299 2496 2928
678 713 765
2104 3565 3388
3020 4086 3921
3275 4178 4449
1992 4970 4078
1098 2348 534
501 2858 4092
4801 5000 2077
3672 3821 1159
225 2177 367
1594 4746 3870
4484 4787 2995
4365 4960 4071
1621 2363 2154
661 2625 3809
4702 4841 2480
1550 4546 826
3400 3598 2386
1060 2121 908
3422 3920 3786
2793 5000 158
2188 2875 4649
111 1782 4452
3430 4908 52
1455 1929 1107
4469 4991 4043
781 1050 335
2695 4999 444
2352 2605 2137
1754 1880 3102
3869 4962 2585
448 706 1553
2192 3616 2092
3878 4677 2690
3169 4906 64
3589 3701 957
1459 4912 1948
543 2325 739
813 1303 2512
190 1150 2085
3050 4205 1359
1432 4129 4710
2179 2782 1963
763 3203 1342
3821 4867 867
4144 4292 1150
1930 3163 3952
2605 4449 841
3944 4288 1558
4707 4904 2379
1099 2901 2040
2444 4042 2077
896 2938 3365
781 4200 2114
2544 3632 24
2271 3897 2216
3060 3414 189
4585 4932 3887
3419 4986 4638
2527 4679 4001
2961 4557 2825
3746 4470 1872
3123 4608 961
3261 3445 444
3610 4887 3846
3951 4251 4002
2661 4900 3176
3325 3538 2866
3279 4303 4222
2523 4583 1449
594 3685 4394
4043 4051 3037
2862 3004 3714
1371 2934 1343
3487 4879 3473
4078 4849 4884
1498 1795 2165
1346 4858 1134
199 4780 4942
1168 2037 2825
707 1675 4741
226 1685 4200
1369 2796 3408
945 4720 3188
2009 3400 1058
197 475 4185
3061 3988 4
4557 4600 3101
1939 4518 3152
15 397 3823
2229 2544 1061
477 2686 2922
4083 4104 2917
2809 3147 1369
2359 2882 4292
4915 4985 2266
437 1409 1279
4119 4889 3055
2851 3016 1023
635 2070 558
660 1321 3564
853 1018 48
3655 3980 3184
622 972 498
1672 2732 3284
39 584 48
904 2957 4182
451 3054 2886
2786 3664 4504
2969 4025 4229
494 3966 2056
4989 4998 4516
1941 4685 208
413 3224 4521
546 4757 3562
3375 4655 2262
3754 4485 2492
215 1678 2909
3695 4999 110
896 3490 2961
1203 2295 3856
172 1203 4213
3544 4501 3534
415 2323 2541
4226 4481 2109
2140 4046 185
1158 1857 2194
4889 4952 940
4568 4801 4906
3046 3837 1942
4238 4826 4547
1526 4209 2993
4873 4907 3417
3960 4400 2527
4863 4934 127
2799 4175 1489
3168 4056 3085
857 3645 2431
4082 4596 3864
4092 4704 1015
3564 4127 637
3390 3769 848
3411 4144 3909
2582 4959 3576
1182 4341 215
2738 2803 1369
1935 4400 4572
2238 4783 2618
2192 3057 349
4413 4998 3749
4158 4920 3727
4136 4344 2073
1497 1576 1312
4684 4684 4198
4462 4691 4902
697 2264 4031
2834 4341 2619
2238 4057 2095
4456 4693 4787
747 984 1073
2366 4683 2985
1723 1792 1123
1221 1235 3397
4034 4389 4800
2667 4692 2617
4770 4940 2423
1748 3555 2317
2353 3956 1848
1355 1365 1148
4279 4371 3934
941 1627 993
1774 1957 3864
3793 4928 3744
1910 4200 3603
1622 4669 857
1525 4773 2697
4577 4970 443
3730 4811 2465
2918 4301 528
4903 4995 2052
2009 4003 1041
4028 4515 1482
4525 4686 78
972 3183 1603
2964 3334 2278
796 1942 1777
872 3597 1846
3981 4239 4777
4007 4661 947
1460 3834 4220
38 3022 3277
4741 4788 1049
3169 4040 796
4632 4781 2215
4746 4911 4607
1635 3545 1467
8 4638 4337
3597 4499 2304
30 2637 1019
864 3816 4444
3118 3255 3920
538 1445 1420
4940 4948 2686
1540 4519 324
4454 4469 2418
3823 4276 3620
1759 4514 2184
1571 3836 4719
3826 4559 1224
765 4425 1810
166 3287 700
2431 2827 1654
3122 3635 2073
2039 3050 1153
603 3718 578
1399 4552 1841
3865 4743 1879
2494 4440 816
2927 4897 4273
3971 4919 3737
1220 3316 1090
3968 4777 3697
1122 3447 2961
4924 4937 3628
2596 4382 1076
3924 4919 3284
4329 4644 2824
1991 4857 4192
4477 4751 4384
239 3565 2795
4495 4746 7
4984 4987 4710
626 1330 1174
282 1839 1882
254 1800 3361
2846 3494 4088
2626 3068 403
429 4904 3835
2687 4336 2297
1396 4658 2090
3679 4914 589
423 3893 4480
3038 3581 4521
83 918 1304
4640 4650 709
2904 2965 2854
4476 4714 3672
4804 4834 3848
3834 4284 85
1808 4697 3684
3596 4898 4408
395 962 3090
737 2040 652
3443 3599 3913
2932 4757 55
2055 4708 747
4968 4992 2673
4913 4929 815
4366 4515 1492
302 3520 2122
741 3927 701
2973 3351 3329
1731 2191 3247
1508 4846 1907
4931 4960 2409
4417 4636 4171
132 1559 2352
735 4538 2659
1028 4399 1736
4511 4936 1480
4105 4479 4354
1874 3737 3869
3496 4880 1391
84 1484 3100
1175 1790 63
2631 3676 4566
3770 4203 1572
1030 2490 1827
4374 4865 3567
3575 4873 4298
73 4212 115
1918 4729 316
3020 3396 4373
2169 4633 2187
4117 4716 1097
417 1431 158
829 4679 2196
30 982 1758
1161 1836 2977
1680 2321 2460
220 2487 3242
2256 4998 1364
3483 3694 949
1101 3208 1754
1923 3539 4166
3701 4555 1372
155 3914 440
2517 4247 271
1954 4274 1143
2672 4323 1963
4293 4874 2264
4924 4977 1469
1997 3029 773
1207 4242 2844
3050 3373 3177
2457 4555 4144
4668 4823 2384
4312 4594 1953
3707 4185 2639
2144 4549 1340
4706 4879 1822
3848 4785 4565
326 474 4009
3775 4452 851
4947 4993 2716
1235 4014 4856
4987 4996 580
3695 3767 1659
1323 4123 689
204 2392 326
877 1001 1554
72 1898 2056
4605 4845 2304
850 4364 2951
437 509 1920
3192 4608 1019
2253 3036 2107
3769 4268 3152
1316 4279 4250
2410 3574 410
3589 3684 4674
459 3784 2886
263 2442 275
184 783 2490
215 4531 4141
595 4222 3733
2666 4732 4340
906 3561 4244
4167 4200 4330
1818 4843 4971
3249 3826 2141
2529 2848 3148
547 1653 3096
33 2305 1423
128 3929 4556
1378 3725 3583
3435 3516 4373
2668 3095 1574
4613 4913 3457
4302 4897 436
2631 2765 1714
3378 4155 2373
1210 2342 3286
4286 4327 801
504 4401 2089
4436 4659 3552
4576 4998 133
3206 4172 2756
224 1344 4194
944 1684 2792
182 2711 37
2600 3883 4278
119 2566 1313
3916 4382 3270
4445 4763 3028
3368 3852 1515
2750 3969 3912
3266 4659 3359
3052 4088 3371
2907 3086 3571
613 4461 4289
4793 4829 4267
3745 4164 999
1867 4809 3984
2285 3521 4989
1652 4831 2236
4605 4673 1968
2221 4606 914
10 1845 654
3786 4366 4714
2286 3357 3385
4585 4978 3118
305 4961 4497
396 4687 2847
484 1705 196
2625 3103 1209
2952 3792 4940
2071 4733 3387
2230 4041 164
224 4722 1160
190 355 4063
1821 2099 217
965 3812 3478
4587 4596 2524
420 3136 1470
4044 4784 1064
867 2344 4713
1724 4222 2152
3052 4306 1331
4797 4960 86
26 4611 654
4806 4949 2708
4368 4667 3263
4783 4978 2027
679 1624 1382
1292 3490 4561
3795 4378 917
4838 4997 3557
1856 4561 4239
3601 4691 3476
4428 4581 641
2989 4859 1260
1096 4522 4755
325 629 85
3993 4086 4554
4348 4649 1246
1455 2314 318
628 2105 2898
540 2618 4680
3615 4112 261
2975 4757 1594
1851 2673 2833
37 1612 3360
3432 4657 768
3853 4234 323
2735 3727 4365
742 1136 3005
4762 4859 1022
1969 3263 2595
2948 3939 1913
3986 4906 2974
1536 3647 803
4939 4972 2491
3433 3477 3277
1390 4799 2957
2249 2416 793
3810 3955 1870
3596 3852 2409
4717 4883 3889
3588 4998 444
1928 3748 4590
3488 4881 4285
3404 3800 3517
884 4989 3445
4997 4997 2589
4124 4288 1938
609 2241 2690
1285 3746 1821
4846 4886 4400
2193 4467 1935
2244 2860 4110
1416 3866 1096
3754 4149 1208
2020 4412 130
3085 3930 4957
2387 3427 2623
2758 4927 2501
4404 4928 1239
320 1841 1708
2180 3011 2263
894 1575 4447
1022 3944 1950
4341 4961 2709
3092 3814 539
1055 4980 1851
2845 3543 544
1200 2190 104
666 2373 588
2901 3298 367
4023 4307 2895
4939 4939 1578
3529 4115 1525
4007 4271 2657
378 3908 3809
2779 4344 3228
1470 3787 3698
1787 2960 4493
4296 4497 3867
4968 4992 2465
948 1910 4510
280 2208 3344
1007 4486 2853
2688 4346 667
1346 4028 1381
263 478 4474
3591 3913 2746
4085 4749 1129
3964 4227 1638
2963 4690 4838
1519 3016 4307
271 4011 3149
963 1141 4188
1725 2679 286
510 2787 3438
4650 4906 3132
4931 4966 1210
3096 4133 980
1606 2743 2922
2754 4851 3178
4885 4963 604
2528 3978 3542
837 4663 4848
1137 3610 4870
1426 4340 674
3331 4269 3448
4815 4904 1258
1370 2134 3786
3792 4428 365
2681 3684 3940
2654 4405 2845
1507 1642 1788
1795 3418 1083
2286 2626 71
828 2262 1025
1204 3596 799
2014 4089 3339
805 4829 2228
617 1286 4399
2295 4062 2390
2703 3821 2744
3470 3951 2948
2693 2968 1900
72 1852 3448
471 1248 3073
4993 4997 525
1044 2897 3150
4574 4612 659
1558 3819 599
1575 3194 3991
4954 4992 1440
74 3304 1030
2073 3413 3321
657 1536 1358
2882 4713 3632
2145 3392 2177
1612 2865 1337
1163 3863 3603
3912 4524 2472
2040 2449 593
1416 2404 3559
3525 4155 2076
1920 2933 2330
2691 4660 3262
437 2573 2290
3546 3885 3793
235 1093 764
3147 3651 3534
321 900 1302
271 2522 1934
3050 4370 1672
536 1883 3374
514 4997 4388
1487 3922 1386
401 4785 4393
3395 4519 670
3674 3754 3484
1204 4492 1265
2083 3953 4031
1839 3253 1658
1079 4505 4784
1394 2286 2794
905 4806 1843
3066 3171 2700
4049 4982 3964
4508 4594 3853
2911 3344 4873
349 4180 685
155 1683 2127
1705 3365 2776
3904 4576 2418
2903 4296 4484
3265 4817 1635
678 4813 2827
1742 3566 2764
516 675 1348
4695 4798 3908
2071 4986 3663
1749 2996 2503
913 2827 3601
1013 3138 4450
4497 4676 2423
4428 4653 1626
4410 4467 1231
4982 4986 3147
2803 3731 4090
1842 2062 1947
2395 2750 4459
4303 4475 4526
4516 4745 2624
1943 4468 1635
4116 4557 1460
3060 4728 3039
1220 3360 3177
2520 4767 3958
4193 4907 399
3476 3945 4846
1369 4716 1263
3033 4120 2220
3655 4127 2718
4461 4601 2589
3249 4440 781
2154 4845 3953
1154 4769 4357
2568 4846 1125
4667 4811 3566
2269 2745 2842
3526 3748 2053
2251 4642 2806
4441 4547 4598
3650 4104 4129
3852 4309 2684
4541 4627 3596
69 2823 4049
1525 2228 1781
3050 3230 4290
3014 4047 3743
3152 3841 2427
113 1145 3410
3704 4727 351
2625 4795 913
2776 3269 4832
1595 3312 3489
2426 2642 1834
4080 4432 4450
2251 4004 862
3957 4752 752
4086 4549 2923
400 3687 3788
1126 4489 4252
2704 4300 458
2362 3651 2257
219 4588 3104
4928 4942 1231
770 1528 4354
1234 1439 2266
2727 4757 3437
1351 4322 3382
3572 4676 1380
2831 4273 4238
3348 3693 4459
4867 4870 1799
3686 4183 799
2326 4795 2057
3010 3689 210
3348 3799 2003
1654 2035 1665
3393 3482 1197
3159 4556 3051
209 4303 4460
32 3402 2834
225 3917 2044
4580 4655 638
442 2117 2071
4081 4628 4809
3491 4665 879
4689 4929 804
1547 1839 2312
1491 4372 4083
393 3152 3707
1459 3813 3515
3946 4173 2952
2477 2863 1689
2869 3187 321
3952 3986 3962
1339 1662 1941
1435 1921 2628
2323 3628 1607
1036 3345 4540
589 3243 3912
3712 4522 3735
4214 4369 1285
3065 4991 1740
1537 1838 723
5 162 713
3053 3689 3929
1509 2835 4291
662 2964 3238
2886 3546 3913
2669 4079 1990
1506 4233 159
2963 4946 980
4647 4806 1745
4278 4396 4047
2692 3325 1768
3585 4475 253
3781 4860 4885
1538 3998 3377
198 4445 3708
4706 4725 1022
438 1260 3073
21 649 2443
713 4457 603
3920 4231 2115
4444 4549 3088
2176 4258 2050
1635 3743 929
4363 4749 3676
531 4764 3748
245 2657 1639
2951 4020 4090
2903 4141 4309
2987 3323 3972
637 2330 485
512 3304 2052
3650 4104 4580
1774 3660 2038
4002 4586 388
3694 4959 2482
648 1932 500
3040 3919 537
412 1737 1752
1598 3310 4152
2474 4166 1737
2712 2816 2548
4976 4978 1725
698 4760 75
589 4354 4622
464 4519 2478
1199 3025 3920
3510 4432 204
3076 3112 2375
4972 4972 4896
441 1633 2977
3171 3993 4733
4248 4394 1466
1538 4061 2208
1121 1636 1244
3714 4747 3872
4136 4138 4165
2519 4604 3048
3818 4517 4588
836 1527 4954
931 3224 752
1370 4670 2289
459 4971 1206
2578 3914 920
644 4211 677
4454 4964 2409
4966 4997 2723
3140 3781 663
4977 4982 794
1241 4270 4982
3915 4008 3168
254 4566 3981
2017 4916 590
4774 4989 3750
2378 4077 3991
3268 3555 1810
519 3863 4972
1963 4788 3071
4496 4750 3870
3776 4940 1270
4801 4982 3897
297 411 4026
300 4569 4173
4367 4695 3380
3640 3729 2703
167 3281 103
1642 1820 2512
353 4522 3145
2988 3955 1716
2159 4244 4888
381 3362 3481
3413 3985 2942
4393 4643 4650
2492 4326 3241
3784 3821 2565
1420 3227 1752
4551 4556 1338
2292 3125 638
2853 3198 465
4987 5000 3192
4786 4842 2985
550 3849 340
4579 4804 427
649 3393 4588
4440 4679 214
3012 4200 4104
2850 4741 3469
1283 2772 2160
910 2064 3696
2231 2786 1042
1385 2066 2271
2509 4099 3678
4471 4926 3505
601 908 2496
2784 4910 1328
4940 4942 4741
871 1052 535
27 3793 313
19 1332 4608
737 4439 3042
488 2608 3337
875 4275 675
4128 4791 3280
362 671 11
4745 4891 2076
3094 4217 399
2347 4395 2663
3975 4269 1721
4480 4838 4756
463 1102 1453
62 4782 330
4819 4874 805
493 1139 4332
1999 3132 4448
2893 3533 3541
2639 3449 923
513 1835 1293
4715 4844 270
2301 4407 4271
4283 4921 2096
1164 1215 3679
1908 3586 2586
4853 4993 957
1421 2087 797
52 4921 3126
2871 3347 1647
4628 4783 1589
4670 4953 3341
4697 4907 2767
3357 4035 3317
2045 3136 111
4737 4984 3287
2559 4265 3320
4785 4813 767
4453 4723 3452
3745 3916 3544
4499 4840 4972
4410 4741 4303
2167 4329 1284
391 2576 2458
2229 3649 2198
1462 4295 356
3230 3462 1042
2756 4059 4462
1163 4189 513
1765 2628 2638
460 1585 2409
966 4866 2629
1319 1928 978
3991 4785 1105
4969 4994 188
2615 4964 2263
2949 3240 3328
2639 4230 417
2949 2990 592
4765 4807 2555
1951 4537 1686
3841 4409 3498
4075 4533 179
1787 2887 625
4799 4922 2851
533 4299 2513
3733 4811 3136
1514 1585 3849
1750 4575 3326
1580 2489 152
4803 4832 3274
982 2486 664
2009 2938 1228
3092 3374 4851
404 4575 4159
1256 3007 2298
335 4385 1360
4722 4834 123
1057 4091 1762
2164 4828 3672
4520 4649 651
2232 2301 644
4674 4989 3568
1568 1955 2379
4167 4879 4247
3752 3773 1499
202 3990 1170
1387 4962 3327
4168 4852 773
1761 3970 1794
129 2595 4785
2964 4873 4359
2617 4421 290
3404 4989 4261
3217 3790 2475
1581 2055 163
762 1246 2389
2488 3998 844
1419 3144 1579
1792 2704 2375
1958 2016 2788
4082 4899 1160
3760 4522 1004
3782 4997 2148
1994 3465 1341
3638 4399 4852
1294 2355 4083
2412 2946 2618
613 3260 3580
1774 4304 2863
3327 3673 3577
1708 3686 152
623 2521 2137
4188 4277 3809
2402 4152 2388
860 4908 1454
2012 3329 986
528 2724 222
3322 3578 1000
1814 3362 4387
2617 3721 3972
1418 4290 2290
1533 3397 2354
1474 4676 722
2935 3263 1466
1718 4202 529
2744 3462 4661
4454 4663 2199
259 541 1868
884 2677 1794
423 3868 1391
4750 4887 1334
677 927 1592
858 2913 142
1840 3903 66
4925 4969 2227
1558 3814 1574
2739 4506 3931
2800 4793 875
719 4777 4031
363 3534 3141
2875 4385 19
3753 4228 2328
624 3049 2813
1064 2833 1969
2252 4702 4350
2146 2210 4527
3476 3851 2670
1667 2745 1165
3150 3353 1950
1303 4548 575
4223 4626 2845
4611 4634 167
675 4694 1565
2829 4347 2116
584 2509 2234
635 3768 3083
2371 3486 3008
2226 2334 854
3636 3859 3123
4603 4883 236
1634 2163 632
3454 3696 318
1052 4380 2599
3332 3421 4681
2165 3293 3846
1036 4013 647
1489 3211 3577
3062 4376 4154
3318 4966 67
1584 2439 1293
2908 3603 3528
3639 3657 2336
4133 4244 4770
3025 4172 64
3782 4864 1331
1780 3507 361
1962 3927 4515
2693 4141 3963
3035 3799 1591
4410 4666 908
3664 3964 1937
2197 3562 1724
2781 4558 4746
1971 2622 3685
3870 4973 2649
662 4167 2526
608 3061 2729
4882 4917 1539
3429 4048 2970
3663 4893 4466
268 3844 3681
1554 2073 2470
4693 4981 2161
2409 3463 103
2591 3953 2399
2129 3063 1985
2198 4986 1684
3361 4368 2108
581 4409 4647
2880 3334 4779
2683 2823 2156
3621 4804 4450
4246 4629 1463
864 2581 2866
39 4020 2039
2487 3349 2461
4282 4460 834
4656 4762 3995
4776 4995 4499
4682 4883 4992
4991 4998 66
14 4219 1478
4876 4960 4010
4065 4153 3784
55 2735 4014
4966 4997 3292
4631 4796 2320
3071 4404 1048
1119 4909 3706
2177 4433 3179
4263 4290 2355
4816 4979 1558
265 1531 1606
4493 4792 4485
3300 4822 3419
202 1838 610
336 3072 3644
2301 3467 2781
4592 4836 1633
1561 3042 326
1981 4328 2624
4139 4163 848
1967 1984 2447
2417 4684 1090
4506 4620 2088
1220 2411 812
1749 3640 2774
2101 2263 4395
4271 4744 1506
2774 3729 2100
1606 1925 1391
431 2542 1692
1672 4543 4402
2205 2920 3441
3036 3250 2631
3307 4195 3976
4047 4595 3008
4605 4624 391
3652 4405 2064
3778 4645 4674
2697 2923 2883
608 2531 733
4564 4574 243
2367 4506 4460
1713 4627 1800
2712 4253 4475
4263 4328 4488
1732 4528 1804
1857 2316 3996
125 1506 1330
582 2164 2566
1804 2536 1690
4534 4565 4808
3554 4219 2958
3953 4685 919
1296 4958 371
2671 4752 2641
4664 4944 4468
4653 4729 149
624 1634 852
656 2795 1292
2737 4936 348
136 4391 19
1568 1587 47
1367 2339 2400
2631 2810 4979
1734 3722 2486
1930 3928 3177
2706 4445 357
3925 4102 1887
3924 4950 333
557 4031 3882
4545 4722 3788
3162 4874 1367
2406 3223 4260
2926 3703 1655
621 1953 4295
1633 4831 3554
2285 3652 4463
3778 4539 2532
1033 2324 3884
22 914 1890
2839 4059 4363
1012 2292 263
4753 4815 2368
2358 3400 733
1530 2064 2768
1775 4107 4978
408 4636 1100
3082 4456 4320
3831 4280 2206
4026 4876 4045
1458 3272 3596
3712 4864 935
4028 4719 1056
2483 4418 4160
3569 4702 3230
1105 3697 1850
277 2353 4153
4621 4811 3925
972 2644 1374
3002 4318 2023
715 3782 3450
3593 4622 1838
3656 4825 270
1221 3766 1844
2892 3003 3662
4263 4466 2296
3744 3804 3719
4336 4874 2981
4014 4046 1229
1726 3092 1406
3865 4556 2296
1635 4414 2194
2607 3227 2424
899 1067 3184
3202 3890 1144
4347 4635 4399
4888 4975 2508
3893 4420 4134
3677 4560 3506
1520 3951 4363
4445 4699 3488
3680 4974 1567
2639 3478 3240
1274 2860 4446
860 2607 1770
4220 4807 125
1930 4127 1909
4769 4916 3178
3307 4321 355
75 486 3388
2509 4480 570
4270 4593 890
289 3740 1007
3508 4118 1458
4072 4703 469
1383 2796 3286
3917 4173 943
4640 4906 4725
2758 3323 1067
3092 3990 4670
1637 3364 3241
4358 4977 3043
1895 2126 500
4551 4616 81
4090 4869 3924
1085 1979 3403
4050 4421 837
73 2008 1347
1392 1838 128
4245 4974 4675
1013 1305 2810
4853 4907 4302
635 1506 4280
3027 4334 4812
4285 4674 1596
1034 2362 3358
149 2924 1246
4236 4977 423
4817 4930 1813
1865 4102 4216
2107 3315 4706
3703 3892 2662
2138 2391 1873
2410 2571 590
4706 4825 1218
3907 4683 1423
458 4147 4469
3408 4889 26
1945 2173 4765
695 2368 1416
4809 4942 4075
4679 4868 4550
2160 2241 4880
1937 4975 4275
3384 4749 1545
566 3458 1133
400 3761 1824
2647 4613 4254
1419 2767 1732
2026 3192 4798
4126 4698 703
2064 2729 2511
4388 4989 1546
764 4444 1933
3715 4225 1524
2518 4337 2195
1897 4891 314
2726 3883 3867
279 4659 2433
2638 3414 852
4821 4882 3269
3373 3662 3061
2409 4485 2113
1335 4666 1963
3227 4555 2875
4971 4991 3574
384 3624 3799
1399 4075 4457
783 2916 1716
4085 4188 995
1581 2994 1853
3714 4172 395
2656 2708 2457
285 2230 828
3238 4552 2080
3916 4420 469
1644 1768 3579
4410 4849 3995
3227 4241 3919
1781 4866 2117
1880 2151 4659
222 4053 4449
4285 4860 1504
3823 4886 670
424 4498 1577
1261 2369 2411
4303 4890 421
2367 3505 1549
636 1502 1213
2997 3835 4951
2486 4076 3133
926 3611 1816
1018 4024 673
1212 4336 3058
4977 4989 2914
4635 4784 4650
4412 4596 3595
758 3489 4914
885 4231 4921
1023 2855 2860
2619 4438 4879
4915 4918 982
3444 3931 4421
2680 3475 4306
1855 2045 2618
1894 3382 3501
4207 4996 3829
1767 4726 323
4276 4301 2542
1304 3580 4271
2531 2771 4333
3587 4303 3294
1784 4036 2983
1218 3810 3376
2694 4128 898
462 3843 4407
4102 4263 2639
1539 3554 2134
1366 1783 2286
949 2049 2325
3072 4479 2689
416 487 4877
3060 3413 2417
2531 3092 2121
4575 4645 1323
3787 4007 3786
2531 3041 2847
4510 4804 3662
1375 3616 2723
3927 4662 445
3176 4445 4016
2078 3500 256
3501 4342 753
3881 3911 4950
3325 4886 4723
2805 3787 749
1772 4131 2519
3054 4738 2152
1515 4618 4864
1300 3346 1301
3049 3433 847
3105 3129 305
4683 4922 127
4804 4953 1334
3014 4186 4350
2364 2444 320
2284 4268 1501
4410 4589 3113
1050 3600 2205
1971 3957 4705
4778 4801 3524
4581 4642 2111
562 3256 2508
4392 4633 4049
4900 4962 3468
2478 4641 160
1405 1803 504
3748 4933 1810
3681 4759 1921
1216 1786 4379
3948 4530 2658
1754 2716 2569
3843 4076 2347
2610 3516 2683
1524 2942 2870
2462 3047 2721
2044 2367 3278
3187 3294 3818
2213 2761 466
4171 4404 1551
4782 4888 2795
2133 3285 1181
1297 4051 3406
3673 4347 2385
1689 1904 2562
4476 4684 2774
1667 3290 1299
241 1383 2585
4092 4441 2289
4064 4598 3538
2922 4152 1918
800 4779 3130
2724 3066 1536
4259 4848 542
2125 2499 3443
1450 2862 3495
4740 4952 2481
2022 3607 435
2884 4129 911
1677 2115 3386
1820 2929 597
4426 4619 619
3354 4804 341
3460 4257 730
2180 2465 2018
3469 4874 314
4879 4943 1456
431 685 3158
739 2943 3128
4099 4380 4785
3553 4090 1862
2600 4103 3843
1631 4504 9
2391 4996 4172
3211 3267 3161
4196 4482 4310
2687 3492 1813
3611 4236 1692
1111 2751 3919
843 1899 4923
4018 4832 2985
284 2698 3017
2551 3459 1804
3918 4698 1248
1900 3933 594
642 860 2933
1070 2915 3940
92 2393 3335
1659 3205 117
2082 3719 429
3088 3919 299
2332 4563 4106
4943 4988 3199
1417 2244 4021
1081 2001 1732
2127 3118 3835
1767 3460 2732
2717 3822 2245
2490 3634 3016
4665 4936 1362
588 3681 2485
4663 4702 399
2763 4252 1798
4189 4363 4117
1214 3527 4929
1168 4854 3010
643 2968 3400
3461 4550 4257
98 950 4662
3962 4502 3559
1959 4894 3101
4231 4971 4727
2060 4120 249
4195 4641 1318
1535 3380 4992
2938 4935 444
4218 4636 2063
3168 4250 1513
3724 4912 4308
4972 4990 1791
1563 3243 2311
3060 3515 2190
136 3234 4611
117 1251 1434
4406 4534 2461
3260 4982 3193
4895 4961 4356
453 4318 1111
3494 4741 2537
3173 4795 1952
4233 4464 4583
2907 3912 4017
1779 3458 3576
1561 4920 623
727 4717 4406
2963 3797 2167
2276 2798 3676
1056 2173 2
2789 4925 4062
571 3477 997
2596 4586 277
450 4903 4965
1697 4140 3155
4800 4826 4795
4874 4941 1182
1875 3541 3863
617 2523 2099
2744 2760 510
3552 4731 4020
472 3773 2023
3294 4417 1603
3676 3732 1385
1785 4151 1556
799 2810 2629
2416 2901 4374
4908 4975 742
2455 3717 4450
1963 3885 3197
4371 4583 4980
1416 2899 3027
4974 4979 4543
2730 2884 3498
575 3950 4331
2539 4173 2415
1061 1876 4063
3724 4817 3949
2242 3138 978
299 1468 1543
4120 4191 3984
3388 3811 2354
458 3481 1473
4983 4983 1865
4428 4488 1207
4301 4776 2420
2516 2840 3758
3437 3638 3464
2618 3180 1359
1179 4367 4493
3508 4800 2690
988 2282 3589
1166 4596 4828
3726 4089 4171
2831 3793 238
1033 2234 4298
4272 4437 777
1944 4427 3058
1872 2195 502
3691 4848 1124
4347 4598 1862
1551 4710 1805
3399 3961 2087
1502 4382 3584
3077 4916 4616
3697 3852 3479
2983 4122 3451
464 4806 520
4147 4305 3960
3340 3458 115
2644 4948 1251
1078 1623 442
1380 4246 163
2974 3653 992
2294 3087 1209
1333 4138 3560
1402 2306 3228
3505 4546 2743
1816 3740 2022
550 3935 1221
1209 2573 2625
632 1961 200
4387 4745 651
4102 4267 1186
3474 4612 3293
4694 4843 4657
4955 4998 2490
754 3815 4447
2757 4432 3247
1634 4737 73
1595 3437 3255
368 4523 4691
4425 4467 2616
3575 4584 1594
1528 3420 4181
697 4789 3099
3011 3884 4987
976 3700 2141
2150 2951 1726
3924 4365 2662
4610 4693 4861
4112 4150 1881
4656 4888 1347
4335 4745 3996
225 3038 2107
954 1612 4066
843 3579 3479
4219 4310 2943
2960 3520 4361
3 2773 1379
1034 3438 507
2158 2353 303
3036 4315 3721
4106 4561 1194
1152 3647 225
1801 3368 2903
2751 3750 2559
3856 4790 617
3599 4383 102
396 3630 113
3335 4937 1011
339 541 2816
669 2617 4140
1341 4485 2734
4577 4603 3928
1195 1562 2536
1902 4602 3800
387 3101 2788
3873 4824 2166
19 3843 4015
3623 4010 436
4717 4743 2292
4114 4275 414
2723 3745 92
3661 4768 2389
13 4744 4368
838 2487 93
817 3073 3508
57 2517 170
662 1495 1581
3507 3700 58
3905 4053 4906
4765 4976 957
1966 3797 3773
2621 4322 1358
1422 4778 1235
3385 3654 2836
4327 4913 4214
298 4437 3392
1575 3777 2658
3972 4973 3096
3877 3924 446
1685 3537 3326
924 1212 1894
4707 4748 3546
1787 1937 3378
3478 3611 1976
213 2563 2727
218 1960 4365
870 4526 2026
3950 4676 980
4888 4947 4412
4013 4888 746
4422 4981 2221
2076 4301 1619
564 3173 3309
2919 3011 4474
3939 4453 623
732 1112 2809
3702 4035 3720
2084 2883 4695
459 2619 4212
3094 3161 2974
3936 4300 2397
4215 4532 1268
2851 4517 4110
3942 4856 3728
390 1574 4095
396 2914 3689
3654 4698 1815
2484 3432 4303
3614 4910 1194
1630 4559 4066
242 4018 2021
4365 4905 4777
1515 2765 1622
1588 4196 566
4127 4829 1553
351 4343 4872
1091 4866 903
1011 2958 3530
4544 4612 2968
2034 4265 2618
4098 4225 2075
3747 4252 4331
963 2169 641
3133 4067 1497
980 1813 2502
985 2703 148
156 1527 1325
3271 3816 1475
4280 4786 4016
1748 2426 2679
2799 3635 304
3804 4589 4971
2714 3123 3831
2649 2721 1095
577 3018 3019
1165 4984 3847
2263 4144 481
673 3501 3064
4164 4394 1830
3501 4745 1328
280 854 3320
948 4993 4455
638 4076 538
172 1105 3391
2845 4342 896
3749 3989 3516
3550 3863 4014
2549 3910 2852
2617 2755 1498
3667 4191 1059
4136 4591 343
3836 4770 4279
295 4512 851
3518 3744 3640
4520 4920 4561
1949 2738 3548
3710 3782 1784
2662 2707 1793
2973 4387 2294
1736 1926 4020
937 3377 110
4967 4984 612
4928 4957 2740
4983 4999 3975
3387 4596 1479
3539 4823 4403
4157 4689 634
3584 3767 811
4817 4903 4452
2207 4692 2859
250 558 348
1711 4337 2284
944 1259 3848
4534 4776 2805
1196 2617 3360
3298 3432 870
1745 2190 4868
2524 3645 1718
3355 4992 2122
403 1425 1212
3637 4432 2883
3551 4433 1248
39 1069 4207
4702 4865 1160
3553 4695 368
3831 4343 3276
2278 3739 325
396 3136 2003
1373 1535 3587
1246 2816 629
4825 4915 1656
2216 3929 2148
805 4751 1911
3525 3555 3183
971 4018 1648
4570 4881 2344
3947 4885 4714
361 1709 2179
3248 4518 2103
701 1179 4185
2147 4465 4405
120 2237 2163
4282 4921 2431
3063 4155 600
4854 4894 2118
2375 2578 2241
2360 2926 2374
2641 2844 2103
1913 4891 959
537 1486 1606
4786 4909 3510
3094 4555 3888
4859 4899 1027
3560 3930 4990
4970 4981 2503
3126 4777 2651
4932 4959 628
718 1103 3142
1040 4696 275
663 4041 2856
543 4924 4796
1122 4686 1913
3639 4204 1602
1776 4675 4993
2620 4329 4977
665 2385 1776
4387 4604 3026
2668 4798 4479
1467 3928 235
3099 3264 2870
4589 4981 2006
560 3291 1913
363 4217 1816
140 1479 4828
4820 4921 4276
239 4038 1040
1329 3400 4496
3287 4026 670
2025 2916 101
4256 4257 3628
2211 2830 2592
1367 1757 4964
1652 3706 4404
3822 4144 1450
233 4927 2780
1276 1671 980
816 1203 4949
2459 3371 1788
3648 4288 1304
4346 4579 1704
255 3187 2704
1446 2130 765
4071 4749 710
1133 3204 4348
1709 4644 4060
2108 4058 861
3774 4583 1945
2921 4771 4289
4776 4809 2796
2716 2728 2865
1576 1676 883
4361 4402 2405
1459 4937 4672
61 2873 3015
271 4119 4807
1614 1946 469
4316 4828 4863
4548 4864 3246
4512 4861 1927
1276 4435 1597
1296 3204 3774
3861 4642 504
2266 4441 2878
2107 3055 3635
1727 3246 3902
1294 3975 1801
4937 4971 2415
1361 3277 1053
3984 4821 990
3121 3255 4779
475 2293 3506
3938 4003 194
2634 3744 3732
4920 4978 1089
3495 4276 1154
2616 4558 4338
2713 4913 4079
1261 3423 1275
2298 3715 3783
3687 3726 4462
3308 3536 4450
4069 4502 1609
3812 4438 2053
4644 4665 1361
4854 4959 4576
2539 3643 2523
4336 4628 1020
1117 4395 1534
836 3237 4119
1423 3186 2491
638 3555 4149
1506 1837 654
1027 1747 2517
3287 4486 2608
4368 4845 236
4752 4882 776
2532 4845 1390
4854 4964 53
1513 4671 3165
4576 4776 3690
3513 4158 2129
4219 4387 3207
1823 3753 3720
2962 3926 4510
4132 5000 4962
144 1271 1973
3391 3791 3871
3017 4781 3492
2711 4942 3502
3201 3210 4036
3487 4876 1495
274 1210 3202
1375 3557 3608
2417 4554 1651
3957 4382 2680
3622 3972 4077
2739 3484 606
171 1194 2558
558 3750 2582
3813 3864 2354
1983 4824 1487
3409 3619 459
2458 3738 1978
4644 4721 4952
3463 3616 1445
1615 2610 1587
2969 4540 2524
1590 1694 2902
2210 3859 3298
898 3803 1280
4509 4797 2112
4238 4553 812
1984 3232 2799
537 3552 400
3781 4917 2012
4338 4650 4372
1129 2891 4571
3214 4227 3368
665 3047 820
2022 2680 1911
247 3765 1708
774 1532 3304
1868 2065 1188
4274 4525 4643
1882 4171 971
992 2827 1285
341 475 2469
166 1991 906
2586 3141 3698
1972 2190 82
245 3570 1343
2706 4780 4207
582 3406 4382
4873 4981 1634
509 2172 2955
2864 4424 3001
3911 4645 548
3717 4308 1070
3824 4724 1425
266 353 3874
4593 4636 774
1631 1840 1199
448 4613 2058
1452 3590 4213
263 3743 3000
2931 3109 2351
4667 4717 4421
3098 4874 2527
1242 3264 1242
2024 4478 3571
3759 4478 3686
3388 4772 4175
4919 4994 1354
3322 3860 2877
2249 3015 3548
1399 4717 2774
467 718 4786
169 4638 149
4689 4784 1897
1753 3187 3863
2737 4800 2522
652 1388 4963
1450 4195 3033
1630 2213 2158
1364 4529 1122
4841 4865 3802
757 3208 2161
3531 3593 2054
964 3348 2574
290 4227 1923
3079 3182 4851
3176 4038 3721
4056 4351 1463
4934 4967 1653
4626 4783 4775
3792 4343 171
4699 4929 3494
880 4050 3734
4202 4471 3970
4052 4703 1865
1701 4595 2052
215 2018 1037
4245 4252 4195
1300 2718 3040
264 3698 777
2966 4319 883
3057 3202 1413
201 2267 2437
3100 3615 4213
2686 4333 2303
3679 3836 1551
1701 4861 1262
2599 4861 198
2034 4274 2075
4380 4902 3155
2694 4909 3084
672 4170 4320
651 2804 3933
4150 4991 2942
1304 3006 4298
1310 2076 701
4598 4944 2882
728 3762 3
1600 3016 1598
3196 4885 1786
556 3761 369
3143 3442 2299
589 903 4176
2654 3258 2182
473 3234 4237
224 3108 3492
2701 3993 3335
2297 4847 3577
3755 4835 3159
1448 4276 1467
4729 4893 4767
4634 4961 4235
4543 4828 158
4236 4596 2183
3667 4016 303
4509 4552 4311
114 4877 851
4900 4900 3632
1543 2972 2660
4560 4967 2187
812 2606 4409
193 3510 886
1231 2145 4503
929 3286 1242
1406 3470 1925
3087 4299 2078
1144 1740 159
1572 2314 2510
3860 3996 3323
4317 4820 3714
1805 1910 839
1416 3836 3531
2077 2671 3675
1466 3949 4131
1963 4874 3881
1489 2194 4177
2063 3020 3235
1391 3374 4783
2748 2998 273
501 4295 4107
4585 4692 4851
3717 4881 819
1142 2403 4495
3442 4439 3185
3516 3522 2681
3293 3782 1679
2998 4874 3933
291 3117 2508
201 4347 2255
1037 2084 747
4496 4805 3664
1508 3173 3038
4275 4665 268
3537 4131 4982
142 4764 3305
1030 1800 4728
550 1629 2741
3750 4860 4094
2016 2042 2678
2772 3199 120
3553 4199 3869
837 2076 1315
3160 3238 2817
4576 4891 3349
3693 4875 3450
1552 3687 1212
4574 4837 3634
55 1802 401
2941 3987 1836
3873 4855 798
249 4217 4723
3463 3794 3634
179 1545 1629
1525 1957 4364
63 1409 3880
2189 2962 2505
3624 4934 2536
448 3021 1321
1516 2703 2157
3827 4129 2751
11 82 1912
4171 4553 2626
4654 4671 1914
1323 3892 2882
1399 2660 478
1592 2359 1857
1832 1999 341
2717 4467 3776
811 4165 339
2047 4146 2551
1882 3321 3400
3417 4579 3932
3354 4876 15
4496 4660 3002
993 4541 1238
3893 4521 4042
4166 4450 4542
652 3683 3949
3303 3835 2799
842 4938 492
3501 4658 1597
1058 4335 814
2991 3096 3282
1501 4544 2002
1238 1474 1176
1807 2663 1797
3494 3646 2934
3617 3982 710
3259 3919 417
15 4093 2234
3503 3637 988
771 2052 907
2915 3619 3106
1427 1634 4993
4512 4543 4072
1583 4084 2319
2666 2904 3291
2528 4387 3873
220 2663 135
3847 4770 3487
4543 4589 841
1557 4647 27
2204 3202 3350
3550 4584 4130
4440 4905 1335
670 2557 3893
3350 4393 2653
3664 3794 3271
4123 4924 1819
903 949 3618
2519 3372 3368
1277 2381 1334
31 261 2073
2839 3052 2971
61 1263 3145
1343 3973 3688
4370 4532 4493
828 2366 545
4035 4686 237
3382 4614 2760
1781 3606 2806
1108 1283 1160
2950 4117 2711
2973 3571 4424
4631 4808 4324
826 1104 2698
3303 4995 1691
4324 4988 2163
3548 4204 2356
3048 3743 4037
4681 4690 2435
983 3553 2991
377 2313 956
1492 3191 4610
2947 3040 2057
4847 4857 2821
3649 3769 4575
4005 4267 1644
2224 4534 211
4348 4404 3889
190 4867 1490
1318 1659 1973
4473 4506 3212
4535 4698 2414
3930 4824 1827
874 2207 545
2029 3231 55
3805 4487 1352
4035 4222 607
1967 3094 3994
2979 4329 1423
855 4955 4433
2481 4455 343
2330 4755 2385
2522 3408 3697
481 2115 1843
1332 3088 192
2549 2760 2668
4688 4699 1957
1392 2385 2927
760 2481 1521
280 3631 4962
3029 4764 3088
2224 4631 4673
4078 4400 1863
3821 4364 1748
2084 2086 2413
44 2650 2881
3686 3932 3446
4857 4926 3743
177 863 4759
4728 4739 370
1548 3562 4336
3583 3836 2338
2283 2426 3460
3249 3668 1955
2646 2695 4171
101 314 999
1522 4230 612
4168 4793 718
44 3603 658
1863 2562 1351
4427 4977 2271
2410 2636 757
935 2580 3574
4316 4335 789
206 4670 3011
4132 4137 3976
4678 4962 4588
390 1260 4192
3809 4325 334
2544 4111 2885
1146 1921 4295
1298 3602 337
2766 4240 2117
2630 3241 2401
3769 4235 2689
766 1458 261
1651 2967 1613
493 2992 279
1363 4613 2386
4387 4736 2908
2932 3707 386
2031 4358 2777
1490 1813 1360
3208 4550 1254
1243 3348 143
4127 4166 244
305 4970 3709
1616 3085 785
2962 3107 3343
2888 2975 4046
2998 3022 2438
176 2503 1506
1195 1746 948
4648 4742 727
3014 3954 2133
610 3083 3172
134 3656 49
3185 3422 4231
1353 1698 1005
2464 2608 2002
962 4057 1023
2109 4830 1420
461 2712 191
4993 4996 1599
2360 3243 2961
895 4858 3129
4394 4472 377
1631 4127 4019
4807 4923 3802
4491 4835 3060
1427 3929 2962
3904 3992 301
4850 4956 2706
1885 2117 928
4702 4730 2557
1295 1395 3048
1219 2286 4452
2384 2622 2480
1190 4884 2593
1962 4672 4482
4631 4959 3692
2746 2824 3846
1484 2300 610
3807 4219 4924
4973 4976 1108
4834 4938 1969
3708 3922 2689
4390 4641 2323
3376 4519 3159
4630 4841 1872
2570 3382 2803
3485 3952 90
2112 4453 3131
3850 4226 4901
4664 4754 3183
4832 4978 4285
3131 3443 1642
3229 4170 1846
168 235 4810
17 4845 1594
2088 3589 4490
2678 4503 4717
3422 4844 4473
554 3241 1018
3466 3993 1550
716 1748 1904
1755 3130 709
4 2523 1525
564 4552 3674
4970 4977 999
4413 4700 4072
3804 4806 3358
2055 4838 2464
1936 2231 4837
1468 4778 3826
3419 5000 295
4766 4987 4053
4934 4949 3650
2567 3964 1939
2965 4068 1604
3852 4096 4990
3431 4947 170
1975 4346 2658
1104 3179 1236
2020 2447 1979
745 4547 2244
4159 4411 236
2175 3920 1273
3730 4670 2848
2586 4699 235
2629 3040 4516
2595 3546 2871
4920 4961 3623
4934 4982 2683
3792 3972 4378
897 4543 3259
2810 4656 1887
301 4618 2753
577 1801 2099
2465 4610 4551
3984 4126 3476
1476 4770 270
1837 3544 4521
4417 4670 2586
2789 3006 353
4709 4770 2830
3867 4093 2665
3885 4555 4234
1131 2226 4969
4070 4916 4037
2210 4632 4779
1706 4373 458
4419 4884 555
1849 3008 3365
427 4302 1036
3351 3535 257
2296 3531 3744
2442 3357 3921
2095 2461 3851
1260 4689 4753
1429 3439 4179
4378 4756 1582
2596 3616 4979
17 1075 2013
4585 4640 1263
4353 4725 2031
4192 4592 3699
4305 4991 1141
4014 4192 678
419 3707 419
1295 1595 2245
4042 4977 1179
3638 3848 3904
1145 4664 3119
1098 1343 3516
2801 4934 228
1859 3324 3114
2630 4064 202
4209 4349 2902
3817 4821 1921
302 2591 2667
2010 2086 2753
2282 4389 3113
220 4328 4362
1161 4830 4090
1745 3548 410
235 1780 2227
4247 4461 1354
4828 4909 1707
4841 4964 4695
702 1571 2736
1799 4947 3744
4248 4454 2976
1521 1834 1464
971 1754 4580
3224 4847 3714
2301 4478 407
783 3862 914
3033 4871 3856
2212 3774 571
3334 4916 1626
3742 4313 4674
4024 4106 4091
1962 2907 2234
4226 4584 4735
1216 4122 4936
4903 4938 3944
2913 4340 3294
2002 2495 174
3136 4629 4422
3997 4048 1659
1392 3208 2196
2864 3946 2545
2490 2738 2579
4412 4673 3162
1645 2990 1238
3302 4828 4768
3800 3904 267
1442 4469 2218
2727 4396 1652
2903 3562 2249
3878 4951 1193
427 3987 409
86 1310 1240
4525 4880 4515
4222 4379 2618
2296 2741 2629
4321 4723 3683
961 3353 1479
2996 3024 4020
3982 4738 1228
1647 2739 256
1356 4923 2793
2653 4169 2302
2584 3624 3202
2231 3920 2403
47 2909 1140
2701 4070 2997
477 2850 130
263 1171 572
2338 4246 3456
3035 3226 2113
4496 4581 25
1566 4015 1541
1405 1859 16
4663 4834 4215
131 3444 4939
28 1892 1132
2922 4807 1669
4921 4966 963
4671 4737 4992
1508 1555 1296
1553 4442 1098
2098 2795 4343
1596 4413 1175
735 4987 1759
1667 3055 4400
609 1778 4934
3895 4396 1974
1490 3596 3174
1105 2322 2375
898 2259 104
2596 2684 4872
3355 3846 4462
4705 4725 1258
3177 3912 1713
1810 1824 4325
4309 4481 3040
757 4139 4958
367 2964 4540
838 1788 2409
1268 1826 1849
3123 4754 1237
1012 2296 2593
1948 2148 4327
4248 4578 4236
2871 3625 3429
2927 4062 4661
4912 4932 6
3096 4863 939
4710 4867 175
1914 4184 3633
978 1977 3183
1924 2569 1820
1600 4497 2443
2777 4615 1043
3880 4181 4526
1899 2883 2754
3163 4204 2819
4715 4750 1249
1693 3035 1356
4381 4564 4580
3875 4218 2335
4822 4999 3151
1886 3404 3804
3876 4045 1430
484 1677 1687
4891 4918 4280
1202 1558 4332
4166 4666 4607
222 988 3728
3131 4213 3657
1756 4644 4057
4852 4870 952
429 3042 1519
2884 4424 2153
900 3957 2971
4225 4893 4837
4633 4769 83
3658 4119 607
761 1869 1155
4408 4575 897
231 593 3672
904 2246 2855
4647 4784 758
2435 4099 3554
3432 3615 815
488 4864 4826
4347 4539 2986
816 1959 3747
837 2092 3191
617 4623 1173
3961 4786 1687
2634 2948 3717
2280 3309 2761
311 449 4491
1536 2437 3902
4386 4575 3143
4006 4177 3881
1271 2174 3494
2614 3391 238
4227 4999 2308
4967 4994 3199
1914 4720 1896
1847 1855 1222
4837 4895 2314
3286 3909 3886
803 3650 4390
431 726 948
2552 3248 3302
4986 5000 248
4782 4881 3109
4708 4735 532
1587 4442 359
3453 4322 15
81 728 3477
4670 4809 971
3779 4559 2508
4839 4842 3660
478 740 2550
2945 4821 3758
1096 3708 1959
2661 4468 3932
2196 2593 1541
2713 3385 4146
2954 3313 1406
2490 3198 4670
222 2840 4833
3087 4293 2944
605 1536 1645
3343 4298 2740
4810 4913 3955
4494 4756 1852
1386 4720 2
3008 4419 1005
4471 4639 2476
510 571 4917
3397 3936 4586
818 2371 1299
4243 4939 4008
3474 4520 3085
3293 3863 4258
2309 4557 214
3947 4830 4283
1377 1595 3100
4846 4919 4057
4614 4771 4910
107 3599 1338
1703 3846 1515
4453 4473 2788
4352 4520 2049
1586 2575 1034
1339 2470 2418
3090 4810 4669
2860 3311 1347
1936 2782 1305
3269 4326 4105
2917 3582 3791
764 2957 324
3496 3814 207
2137 4139 1767
168 2076 2514
2567 4362 1362
3558 4452 4138
962 4202 218
1740 3479 1536
3926 4610 350
3244 4216 4392
709 4160 2653
143 3216 715
2771 4580 2755
563 4631 4827
4643 4740 2694
3779 4933 980
4625 4958 492
410 4513 4634
4622 4948 542
1750 4230 3926
3448 3749 2636
3356 3845 213
4348 4649 1077
752 2134 355
2657 3641 1900
2018 2029 3160
2793 4385 2176
2495 3498 2177
381 2334 2664
102 219 50
2513 3493 4254
3196 4244 33
1652 3886 741
1247 2633 4361
4433 4628 3336
3119 4167 4756
1396 2003 1411
2139 4920 4486
1305 2219 4495
3135 4615 202
2966 3863 3190
1433 3989 1081
417 3974 2557
4315 4954 2711
4042 4363 3741
1580 2898 3820
614 788 61
2008 4807 1539
4086 4701 2204
4414 4575 162
3918 4532 3100
1598 3718 474
2660 4663 1551
530 1472 1185
91 2254 4986
4895 4957 3993
2744 4808 3404
2041 3646 4388
625 4364 2998
2656 2988 4051
4773 4799 4243
1726 4185 1822
4223 4255 440
3601 3959 2390
3215 3504 3769
46 1126 1352
2626 2712 1739
705 2582 1002
3427 3852 3202
2402 2646 3299
87 2600 1889
763 3653 4376
3960 4292 2494
3720 4854 4729
1865 2678 3253
3985 4924 3990
3718 3805 2817
418 1020 3299
3669 4213 4376
4358 4533 2388
3243 4762 4106
3412 4710 1033
4 3398 8
3719 4555 4973
3102 3549 1743
4681 4975 1647
3423 4148 4782
9 2645 3954
1436 2500 1741
3526 3596 3747
70 2035 2131
477 4879 2684
1479 2727 543
4909 4927 2336
4242 4998 2027
447 553 3956
402 4548 4414
2460 2925 719
590 4528 4691
327 662 4431
2000 4838 4666
4964 4967 21
792 3851 2949
4370 4604 428
891 2640 1418
1718 3231 722
534 2337 3660
23 3276 4206
2747 4522 913
3137 4119 1875
761 4015 3494
4650 4951 3843
3293 3396 498
1731 2772 3718
4458 4731 3564
4691 4713 1243
4586 4730 2099
2182 4642 1018
3052 4944 3753
1320 3824 4620
2204 3895 3117
336 4280 851
3621 4915 4504
4736 4811 2791
3768 4039 4003
2472 4435 4094
2380 4868 4937
4954 4971 3137
1580 2380 2724
2175 3299 4250
3543 3806 1820
1897 4838 1132
4713 4776 3366
1954 3464 4657
3204 3981 207
2639 4931 3975
4004 4898 4503
4347 4564 4709
569 583 1856
2158 2647 1335
2928 4698 3001
4184 4560 3206
597 3434 3672
1696 3202 1553
2080 4374 2094
858 3588 961
1399 2148 4551
3674 4394 353
3690 3962 1641
1413 3901 2775
723 4866 4557
3718 3968 4922
939 4246 4733
4435 4766 2767
3842 4900 2235
216 655 4523
1497 2178 1578
1705 2018 4140
528 2356 3561
1938 3379 4984
4192 4810 2796
4221 4680 3254
1739 1785 2315
2048 4645 1745
4234 4686 4890
3574 4682 688
3289 3532 119
1519 4415 4091
1908 3348 781
4644 4991 2676
2161 3083 2138
4114 4905 2540
821 4974 3751
229 3866 3491
2203 3834 4339
786 4956 4424
2400 4945 1993
4196 4976 1445
4703 4977 1512
2113 2329 494
4814 4879 979
259 2317 267
3211 4364 2997
696 1133 3373
788 4696 4569
4884 4901 963
2900 3063 2039
812 4144 1951
3260 3988 4419
3807 4415 1408
1391 3678 3626
1802 2884 2277
3525 4391 4427
2860 3475 846
1847 3955 29
267 3325 4681
2567 4749 331
2081 3646 3743
1119 3912 164
2712 2774 811
345 1499 3754
1134 2207 223
2071 3382 4595
4231 4460 2817
43 1941 2611
209 3711 4156
1082 1586 2912
2383 2523 4286
4394 4724 616
2657 2882 3716
3997 4670 3198
3680 3695 1151
3613 4413 1490
2300 3165 1898
4928 4974 1514
978 2799 4912
864 4390 4280
2921 4606 3671
2834 4294 411
1239 2140 4355
2016 2340 3993
1983 4042 3026
283 3827 2556
1587 1782 900
2318 3930 2253
1810 3716 795
2250 2275 1813
2994 3284 1647
1185 4927 4122
4577 4691 3330
1267 4212 948
546 2643 2546
303 4665 4614
1466 4702 2833
488 941 2382
2118 4749 2904
461 2259 1534
4251 4525 2340
3791 4371 1214
471 4660 1288
4691 4825 3839
1401 2544 2895
108 440 196
772 2007 3547
1476 4737 1487
298 3743 4901
1306 4594 1913
901 4539 4097
4037 4240 3592
458 968 4335
3130 4613 1977
18 4734 3268
220 3681 4776
3578 4568 3926
798 1692 3984
4203 4706 3293
2871 4950 623
1132 4994 1075
4712 4814 4500
4034 4951 4540
3207 3884 3423
2611 2716 902
597 3588 3659
865 2772 540
1735 4106 2872
1150 2745 3224
2803 3335 3319
2086 4570 4548
4856 4989 918
4939 4954 2933
1488 3605 2850
3597 4893 4804
3573 4194 1487
1812 3580 2563
3425 3478 3035
457 3740 4473
1750 2135 3623
3605 4687 1267
4954 4966 2305
1732 3335 2956
2591 3794 4016
1750 4222 747
1801 2652 1942
25 3643 1320
139 1477 4300
4330 4575 2548
4291 4895 1615
4235 4601 3769
3632 4875 3179
2619 4607 4165
1877 3800 1458
1860 3979 2471
2209 3587 4695
118 3477 135
3972 4253 3086
49 1562 730
985 1343 2694
249 4101 1120
3199 3254 2576
4246 4587 150
292 3683 1930
3867 4635 1031
4590 4674 2191
4039 4950 1419
2180 3523 1211
4395 4888 932
4233 4297 3626
3382 3619 4074
1895 2934 4671
3254 4837 4866
970 4569 159
4300 4490 2949
2333 2541 1327
49 3020 3766
3856 4633 1976
1281 3734 4369
1649 4889 4961
744 2137 3620
698 2537 2738
2799 3912 2445
1472 3798 1564
3423 4892 4349
1033 2799 851
3343 3738 2115
1197 3993 4754
3438 4359 34
2861 4706 2965
4013 4802 1974
1502 2833 668
1927 2048 4488
197 4302 3430
1714 4123 3825
1691 3651 866
4841 4868 1402
1499 3499 1571
2224 2390 2859
802 1793 1248
4064 4668 4516
938 3669 1418
2339 3523 4706
2037 4756 1972
1126 1653 1564
4623 4746 1775
938 3391 3011
4270 4888 1253
2889 2895 2893
4681 4934 4998
852 2124 3279
1518 2735 262
623 1610 2380
3972 3983 4602
2028 4619 2803
827 4980 2012
941 4694 1599
1389 1966 312
2076 2255 2901
4432 4884 4363
3417 4311 4438
162 3290 220
2233 2431 1059
3853 3982 1981
1865 4232 4054
4451 4987 4674
2828 3512 4610
4014 4191 3983
955 4693 4204
3362 4589 3766
4479 4678 832
4292 4735 3996
3039 4769 1031
2064 4037 2295
1420 1733 1364
1558 3316 2311
1624 2841 1963
4435 4724 2850
3165 4769 3449
1291 1744 258
2299 4304 1878
3758 4774 438
3044 3417 2916
554 4981 668
2411 3255 1303
4968 4987 4569
395 3906 2091
3744 4915 2885
20 1396 4356
3878 4824 3414
4368 4666 3222
1315 3728 2083
3801 3862 4957
3123 4730 2402
3599 4706 941
191 2951 4168
4213 4905 3932
3101 3920 3198
2344 2784 1389
4877 4955 1106
337 1142 66
4525 4821 3150
776 4535 4264
3802 4315 2972
952 2207 4337
804 2121 3950
526 711 2136
3957 4981 1565
180 2191 2061
3433 4334 3927
1121 3630 4566
2687 4843 2519
1030 1959 3659
2010 3557 176
1473 2558 237
1245 4357 981
3546 4542 4402
866 4042 508
304 3652 839
1617 4081 2178
2453 3653 909
100 1506 3208
4610 4788 1806
517 2553 1130
297 1173 4590
4831 4837 3143
2504 4861 4489
2248 3260 1523
4893 4976 4371
3346 4428 2612
3153 3867 1755
3335 4953 1238
1708 3715 1346
1030 4555 1122
2170 2667 2277
799 3474 2032
2742 3053 169
3672 4447 701
71 2234 526
4314 4952 3089
3342 4579 2986
3826 4522 82
1618 1959 3419
3098 3695 3640
2335 4395 4819
4423 4455 4539
4375 4996 781
1062 2601 3655
15 4327 1280
3424 4494 1037
842 2221 1006
3544 4216 2571
2816 4544 2303
2643 2673 824
1375 3085 2911
187 470 3087
1604 1883 1793
3469 4224 4415
1108 2186 31
2667 4008 2739
3947 4824 3275
844 2242 386
1587 3080 3238
3527 4399 4718
3836 4267 3740
226 537 1049
2799 3325 3689
1453 2500 2902
3671 3974 4540
3151 4877 4965
3643 4795 710
332 1917 4770
1913 3847 3589
3817 4671 4289
3663 3792 1357
3389 4771 2569
4264 4471 2951
563 2288 3216
4200 4458 3664
4579 4809 1958
914 3165 1009
238 1013 671
318 2294 1790
4674 4731 2506
624 2349 1479
3558 3829 4750
1276 2880 4413
99 4837 4253
4611 4872 3798
2025 4368 3799
343 2921 1657
1941 3668 2572
1981 3243 495
164 4230 826
2897 4026 3044
4701 4861 1028
84 4347 2479
485 741 1156
4535 4538 2097
3494 4590 4354
2439 3874 4216
3701 3997 4599
2793 3534 2620
2038 2966 3203
930 1604 4292
1003 1038 4736
2035 2529 321
1300 3133 1588
2365 4767 936
3750 3943 2518
2153 3761 4569
785 2005 408
1842 2506 4500
3226 4010 1044
1004 1595 4991
2075 4216 4900
1203 3150 196
410 4513 3446
1637 1808 3139
1354 2179 1510
4218 4312 4898
1311 2714 4898
3286 4140 581
2314 3340 1196
2535 4503 1106
253 2521 731
74 739 1124
4875 4939 3601
1548 3809 765
3847 4406 2364
3675 4660 1144
2592 3401 2743
3687 4930 1688
2214 3896 1666
3710 3829 918
1632 2290 4368
1883 2201 4582
4165 4211 4868
1915 1971 4243
4776 4814 1547
1034 2944 68
1100 3095 410
1344 2556 4829
4461 4754 537
736 2506 3090
1912 3531 4200
1163 4005 133
2824 3825 3881
1783 3540 3389
4154 4469 1273
3106 3445 4571
1609 2140 2254
2286 2557 100
346 3623 1860
2297 4472 3480
1300 2963 672
2869 3826 3459
1976 2061 2441
4273 4441 3609
1042 2908 1451
3134 3870 3667
26 2580 2429
2299 4261 2066
2760 3605 2693
2247 3005 2554
1974 4559 3897
1149 3459 4842
4560 4631 3162
1825 3469 1440
2313 3320 4411
2731 2733 309
265 2735 1150
2917 3035 4824
2833 3789 1219
1513 4767 3771
3755 4412 2312
4041 4516 4484
1736 2524 1332
2752 3151 2530
985 2655 3098
1895 2854 4401
2130 4629 760
3850 4315 2657
3609 4692 203
1875 4278 1465
3693 4653 4
1726 4754 1744
1751 2763 2002
3685 4196 594
3600 4628 1133
1493 4125 2552
1133 3035 54
2348 4820 2478
1765 2172 2838
944 3664 2017
3596 3657 4919
2393 4613 3419
3823 4392 1166
1486 2567 2345
3997 4489 4447
592 2792 957
605 610 3166
3568 4705 63
4405 4512 1791
146 2358 132
1463 2846 2342
3373 3837 2699
2511 3674 3943
2946 3255 3341
181 793 3586
4700 4855 1313
4445 4507 1025
4621 4997 1955
2393 2408 3042
2376 2690 1824
889 3999 2934
4643 4931 775
3788 4498 3769
2163 2439 1660
1082 3119 3604
1512 3154 853
4203 4257 4414
2653 3630 4662
3345 3833 1725
2792 3658 2106
2572 3072 4549
4009 4719 3043
4769 4933 2991
3923 4986 809
3977 4814 1772
1635 3244 564
757 3301 2659
1412 3759 2765
1117 4099 1000
2934 3867 3080
2083 2932 2379
1006 2915 4432
3455 4717 4168
3582 4679 2952
2473 4424 4179
1196 3517 3670
500 4711 1541
3680 4685 4151
4198 4659 1761
1806 3376 3436
2770 4454 4405
929 4752 4350
2452 3178 1702
1425 3365 2598
2856 4723 1383
668 4037 4391
2126 3887 2655
2010 2027 4583
2128 4394 48
4270 4691 756
3195 3454 65
233 2927 3098
926 1854 3176
1280 2541 3490
1401 4775 1200
3260 3450 2438
4812 4869 1457
3964 4446 817
3839 4267 3683
63 378 4997
2166 3097 654
341 4116 816
1649 3035 2777
3048 4369 2882
3052 4989 1341
3542 4220 2695
3743 4112 1736
3618 3791 2177
4461 4858 3793
2641 4075 2749
4281 4823 4412
1629 2082 1126
3072 3377 2416
499 3353 3033
1496 3912 48
422 3735 2954
1554 3589 4516
1687 1721 4855
2460 4921 4812
3733 3926 2594
3086 4080 2376
1466 2092 4984
3729 4666 100
2692 2910 1199
1582 4459 3076
2799 4077 1202
1803 3687 519
3732 4367 2153
1439 4707 1405
918 4651 3165
2418 4549 4077
4543 4635 3811
3400 3750 720
4889 4908 550
837 4143 4834
1493 2886 4631
1855 4768 4613
483 4252 2665
3191 4719 3068
850 4009 2200
1823 2392 1618
1847 3240 983
2633 3885 3304
4867 4895 4984
3925 4992 3316
2762 3554 1592
1580 4348 430
1916 2392 4427
2614 3802 2144
3375 4320 800
2292 2686 341
4718 4843 4721
1719 3868 3304
4775 4834 4326
1583 2759 3920
1588 1965 2964
1928 3510 2154
265 4014 1121
102 4963 846
3333 3509 2257
4173 4186 1313
2376 4749 4490
1614 2056 4356
4825 4885 1947
2463 4317 1356
830 3907 1156
262 4149 2047
3071 3667 4389
4351 4356 4786
2081 4676 1747
2176 4861 2273
3965 4626 2728
1230 2769 4198
20 677 1205
4382 4751 84
945 4948 992
4855 4977 2755
1294 3077 4326
519 4569 1452
4784 4831 3819
3411 4682 2843
2462 3382 125
3681 4293 1005
2721 3225 578
326 4621 584
3261 4561 4736
2025 2611 2174
4558 4778 3049
2363 3943 4629
527 2729 1420
740 3216 1821
990 4961 1912
1362 4256 750
3516 3864 4772
1516 2474 1710
1417 2356 543
1473 3662 4403
2325 3135 2007
774 3841 2297
2477 2586 1868
2273 3156 698
3918 4199 866
4972 4972 3921
4479 4718 2437
2389 2462 4963
3579 4289 4970
3056 4010 1060
14 4307 1136
4819 4998 1289
4573 4758 302
767 1372 27
3624 4130 4184
1878 4618 2334
918 2647 2507
2833 3658 3281
555 1137 3227
1432 1920 3618
2295 3764 190
1921 3457 1660
221 326 2200
1557 1885 699
2241 3378 4151
4411 4506 2107
3488 4971 4493
2566 4357 35
4976 4979 3972
4957 4968 537
2103 3418 2802
3015 3786 1221
2800 3190 3707
1956 3145 4286
3630 3654 3027
4223 4423 4185
2964 3683 3445
3985 4543 3544
3332 3589 2395
4478 4735 3523
4855 4979 180
972 2274 2586
4883 4947 2082
1055 3960 2862
4275 4452 831
4776 4782 4322
3504 4544 859
4351 4838 2348
4011 4552 5
4241 4471 4203
1590 1877 3301
4345 4930 401
4069 4404 3901
3195 3511 2033
4026 4837 3645
1377 2460 4317
3881 4452 4219
4653 4902 2028
2264 3806 2529
4318 4744 1776
1823 3116 267
3870 4635 1832
629 3222 1753
2219 4232 1743
1922 2241 647
2579 3556 4106
1797 4671 3401
1891 3143 3484
4657 4860 1520
3356 4131 4100
3763 4364 3266
624 2964 4754
4942 4954 2784
1786 2522 3933
387 805 341
2763 3740 100
4180 4454 3914
2850 4558 1594
882 4537 3964
2263 3573 18
1422 1748 3627
4424 4783 2471
2534 2809 3335
4264 4822 4087
4763 4943 910
2568 4498 3229
2328 4929 752
915 4238 1210
4038 4542 1123
3110 4603 4238
3981 4460 626
1116 2799 865
671 757 3746
4697 4836 3800
1420 3738 2671
4342 4526 2172
4620 4703 3901
3418 3998 3001
3407 4324 2555
2490 2944 3644
4833 4952 750
465 2848 1410
3129 4081 2202
4715 4955 2795
1796 2235 1574
4996 4997 4642
1510 4710 2455
2145 3418 1591
2524 4530 662
2923 3866 1059
1644 2785 3671
1630 4041 3899
4258 4283 2312
3489 4786 3869
2721 3134 31
3008 3464 3160
2591 4983 1307
3546 3764 3402
3365 3790 422
3800 4139 3897
2670 3783 3850
4550 4623 2120
1315 2927 1662
1018 2187 1052
2892 4622 4720
483 3665 3641
143 2877 4729
846 1243 2696
1512 3096 1566
4482 4874 4568
1904 4087 3108
2905 3020 1813
3776 4611 1799
1961 2422 2616
251 1088 2587
3257 4869 2637
1836 3361 1456
3988 4166 4316
4301 4697 4685
4108 4413 1490
2073 4959 4898
4447 4650 4334
1939 3191 4671
2190 3627 1973
161 1702 1048
4162 4200 3646
3716 3869 4597
1805 3450 155
836 4482 65
4157 4601 4268
3194 4933 4187
3346 3824 4836
1427 3716 1853
1446 2642 2405
528 3983 3
1685 2392 3784
40 1807 3969
999 2412 2837
1637 4113 3099
1911 4966 4891
3131 4573 1447
3065 4463 3337
1641 4366 3125
4836 4873 1365
1922 3411 1611
764 1866 2846
2774 2886 4056
2372 4497 4617
2264 2414 1402
900 4909 4593
4130 4539 20
1494 1683 3429
3199 3954 4674
459 2154 4005
4859 4923 464
1027 1184 773
1253 2429 385
355 4527 4786
697 796 3528
4681 4886 1715
299 3017 4184
3090 4956 4713
2937 2971 4556
2047 3434 3469
4118 4860 2729
3866 4627 1389
3669 3800 970
4071 4590 1839
3933 4245 441
624 3573 2335
3509 4100 1404
4028 4881 3092
2588 2729 1635
1323 3994 3444
824 968 1677
4281 4836 4166
3365 4438 4389
4774 4893 4864
2498 3037 2024
2952 3463 2866
3612 3951 649
1788 4816 2772
3910 4693 3934
4785 4796 3005
2321 4001 647
3986 4234 3330
4485 4814 3018
3064 3409 1645
2582 4246 598
2827 3339 4663
1052 4505 1348
1738 3550 3896
3605 4953 2894
3856 4889 2793
4456 4684 2088
657 1295 2311
93 654 1993
847 3957 3744
1463 3495 581
3663 4345 4703
4612 4936 65
8 3336 4431
2783 3004 1776
2780 4481 1863
1278 3135 660
1737 3869 2407
3413 4572 1097
2945 3787 1615
4834 4971 2944
2028 4531 2465
2300 2952 3647
4824 4980 3549
3557 3660 1060
4837 4913 4342
3030 4655 4760
4786 4994 3579
3054 3112 2480
1529 1540 4751
4084 4718 1929
2048 3455 1360
281 4507 259
471 4499 1212
1429 1964 3430
4679 4881 2225
1837 2474 567
4705 4897 2748
1348 2366 2724
3680 3765 1420
2978 3888 1736
2125 2202 3712
4574 4750 3077
4548 4647 468
4708 4900 2941
4581 4802 4711
4188 4814 2321
1590 2990 4370
2515 4057 4484
1865 2110 82
4640 4823 551
1112 3176 3724
1340 2742 4193
266 429 2514
2351 2751 1671
3564 3664 3198
4239 4280 590
4694 4744 1379
743 1835 317
3095 3148 2713
2458 3507 4681
1711 4583 3726
2556 3698 858
3807 4823 2428
729 3035 3059
2447 4839 530
1169 2362 1032
4076 4595 641
1264 4952 2719
3376 4962 2730
583 2578 1423
3410 4238 2911
878 1258 2582
4957 4981 1173
4082 4358 4707
1694 3666 4144
1257 4241 2059
2706 2911 196
3573 4855 1012
592 739 726
3747 4523 700
4503 4622 1431
1600 4465 2675
3686 4222 2408
2723 4405 591
14 756 1161
4884 4891 995
3591 3692 2861
972 4588 1499
2927 4952 287
1981 2101 3907
28 1455 2081
2634 3712 1231
1229 3756 4421
1031 4415 561
1582 4382 205
2964 4919 2266
34 2495 2907
3789 3926 483
3455 4462 4838
3075 4338 1776
2723 3389 3083
1273 1962 4299
1007 2554 2989
2946 3201 4891
2886 4450 4843
4603 4628 434
1207 3780 1262
3872 3982 119
2782 3741 2861
207 3490 4442
364 4480 1743
1981 4181 3033
4614 4634 225
351 855 600
4948 4948 3195
4900 4962 1725
3436 3737 3385
402 3415 3940
3059 4917 4940
2361 4793 2722
3897 4625 2813
3252 4026 595
4673 4818 4620
3114 4206 1593
4034 4471 2460
191 4702 1633
2575 3604 3008
2642 3978 4837
4208 4712 1345
1367 3956 3507
1947 4610 3697
1782 2214 203
3413 4863 3310
1582 2450 3944
4618 4773 1606
4839 4849 1307
1443 2326 1348
1125 4392 1669
1037 2548 629
3609 3875 1157
2660 4840 4266
1519 3098 4985
2054 2954 1211
667 4047 1118
643 3963 1569
2024 4569 1549
475 897 917
2495 3349 3873
4642 4867 1144
4126 4245 3670
2504 3881 2204
1471 2659 3125
1863 3129 1273
3665 4051 1993
2340 2381 1455
2309 4090 3726
3484 4595 1035
2337 3347 625
141 3376 1477
1034 1126 1426
3396 3463 2140
3450 4135 1831
2244 4281 2823
3066 3664 3350
1998 2042 1067
4590 4625 448
276 3526 3910
1753 4942 639
4745 4804 1049
2522 2773 2504
3495 3752 724
3479 4364 1443
3584 3747 174
4651 4728 842
721 2903 446
88 1184 3865
1848 1933 976
2470 4575 1625
1262 1938 1810
629 4139 1032
386 3367 92
2810 3172 601
2592 4965 2850
2935 4153 4930
1303 2927 3661
2583 4335 4354
2476 4698 190
914 2999 4473
4055 4943 3779
1332 2722 622
4919 4967 2812
984 1227 2944
4824 4916 3508
417 1264 2884
649 2760 2478
1815 1936 2907
1585 4783 674
1440 1581 2907
1109 1772 2768
4580 4981 2628
1401 2095 4567
1557 2610 2505
2009 2435 443
925 986 3695
881 1005 4076
1990 3081 1432
3649 4750 1346
4867 4943 1655
3547 4987 3831
1576 3172 4453
3190 4775 568
2775 4130 1318
4103 4773 2176
2915 3027 4183
829 3938 3920
4818 4990 2681
1589 2403 1321
4272 4719 3944
1875 3906 2104
3445 4276 4896
4385 4511 2376
4467 4494 3631
2523 2838 631
277 4236 2196
2989 4908 1193
2316 4489 3717
3615 4791 6
306 1224 2479
668 1057 2546
2237 3609 4651
3498 4496 2480
4678 4891 2749
1251 1341 2144
1841 1942 3553
1794 4106 1041
4562 4926 817
2170 3413 3027
4782 4967 1715
1978 2535 2755
1009 2951 2684
4031 4781 3526
1886 2267 3537
1921 2331 3695
296 517 4356
1488 3043 3242
1591 3311 2476
4775 4972 3118
4276 4326 304
2724 4467 961
170 4442 2834
2596 4463 4426
1807 2906 1092
1123 1649 4124
2717 3682 966
4578 4811 2122
4339 4781 1933
4286 4811 3502
3457 4651 1775
2497 4019 4173
3603 4675 3603
1605 2520 4808
1582 4479 2246
2209 3951 919
597 2518 867
1364 4876 1986
2337 3886 627
2281 3791 4845
4021 4824 1860
864 3782 280
3610 4142 844
4674 4818 679
1267 2250 1757
2847 4232 4135
4089 4135 4169
676 2975 3044
1215 2524 325
1211 3454 121
3990 4082 334
4956 4973 3565
51 327 3769
2340 3461 3069
3523 3663 2092
3821 4840 4569
1926 2305 660
86 1553 4751
3368 4040 1472
2107 4453 2937
1764 4345 4611
96 4246 3623
1190 1667 130
4366 4989 4735
1952 4002 1560
826 2584 2285
3086 4170 2980
3073 4020 2627
4646 4727 4285
4646 4936 3133
2668 4882 1533
42 3819 4224
4379 4655 2604
4512 4724 3034
531 2104 4381
3128 4895 459
3637 4136 1319
4854 4889 1516
3534 3823 3723
4863 4918 4502
809 3757 3230
802 3728 3161
858 3598 4832
1506 4425 2080
2897 3809 2386
1914 2028 2707
2271 2752 2397
52 2866 4087
1116 4922 4915
3425 4254 2922
3259 4433 1647
3487 4394 4946
2672 2897 1296
2448 2766 1823
1331 4749 4357
3079 4387 1283
1807 4291 3996
1397 3125 2333
3804 4932 3752
4556 4833 3617
4724 4784 757
2548 2995 2011
1641 4974 3066
2123 4035 456
714 2257 3499
2035 2691 1539
3445 3854 3390
374 4482 2516
2848 3901 4756
2333 4358 484
4224 4892 1795
3602 4843 1938
807 3288 427
4307 4504 1173
147 4543 1160
979 2133 735
1879 4702 1908
1173 1862 853
4395 4653 4795
2281 4497 2828
1936 2487 727
4712 4747 2629
1065 1502 2461
3857 4769 2014
2921 4292 2522
3573 3931 1580
3101 4972 4794
2846 3108 802
675 4644 1073
1181 4417 1183
1300 1705 1701
1396 3065 122
1871 4330 359
1176 4452 2481
1047 1477 2413
3275 4408 3878
1768 3680 557
1621 4957 2846
1160 1180 3672
3871 4083 2011
612 3345 2823
3420 3454 492
3337 4860 401
4734 4927 4296
778 2998 757
64 177 1854
1826 3205 4670
4944 4972 1038
4780 4888 2539
4006 4614 3948
1530 3485 4113
3716 3849 4822
2209 3306 4749
2378 4064 3747
4905 4999 633
3323 4489 2472
3599 4680 1389
3101 4123 2964
4499 4622 3257
1628 3180 785
4395 4414 159
3091 4465 2526
4216 4628 4607
3949 4196 1642
1685 4838 2709
355 2756 2792
3001 4425 2334
308 740 1940
1778 4222 2085
1412 1532 2749
3612 4008 600
3812 4336 1172
1589 2533 4917
4754 4896 4241
968 2193 4105
3923 4290 1863
3318 3962 1968
379 3621 2666
1654 3628 4771
2960 4240 4311
3125 4859 4297
1234 4495 3545
230 3688 4387
4579 4843 4920
4029 4544 1572
1049 2104 1419
4069 4650 648
3779 4527 3166
1606 2342 3161
4369 4458 2701
4033 4596 4376
1576 4436 418
4350 4974 4272
2663 4671 4809
3410 3883 1011
1264 3418 659
4454 4873 2142
3673 4016 4752
3344 3376 4540
1623 2479 3928
2137 4401 2143
4338 4538 4653
2433 4445 4339
2205 4034 2137
4560 4577 2140
1974 3788 1902
2664 4700 2262
796 3684 4282
4393 4919 4611
750 1306 3583
4532 4984 2689
1148 2675 3532
2787 3168 4540
3682 4605 4908
3915 4763 1621
3235 3517 729
4182 4588 3515
809 2054 2455
1846 2510 2334
1039 4399 3625
4410 4474 3205
2689 2832 2161
2673 4735 4866
3477 4524 2888
969 3818 4869
342 1198 1360
4462 4811 4932
1763 3702 4635
642 1702 2579
1515 3944 79
2085 2392 4944
4111 4255 1676
4165 4418 3066
1700 4986 4767
3884 4531 2747
1197 2174 3296
2695 3121 1237
3631 4634 308
3259 4108 59
2117 4735 1500
1134 3811 1525
3035 4514 2064
4165 4300 4596
1555 2944 4143
2811 4515 437
215 2899 2844
3679 3785 1034
3703 4385 3240
3852 3920 4939
2069 4688 1502
4861 4882 4938
1636 4002 2597
4354 4988 1421
2621 4196 1037
71 2912 4133
2639 4930 3636
4634 4668 1016
1287 2298 3012
2497 4194 2167
3918 4980 4476
4513 4620 2186
612 3388 1092
3521 3814 167
2887 4658 2479
765 2757 2509
110 4675 4002
454 3678 4665
3498 3749 460
1042 2078 3665
4195 4384 2775
2300 2818 4856
4078 4321 1940
1834 3700 459
3472 4719 480
2367 2910 38
4386 4521 2372
349 4530 4280
1828 3895 3124
4234 4819 286
2898 3515 2521
4990 4998 2656
2738 4239 527
4904 4982 2877
2476 3942 79
1179 3881 1896
4133 4842 1559
4296 4700 3124
4531 4937 1033
2222 2669 900
1347 3590 737
4059 4356 4167
1118 4384 4215
2981 3530 1087
4664 4794 1772
2632 4154 2280
3969 4053 4208
4586 4885 1923
1141 3808 4419
2414 4649 2277
4614 4685 529
3318 4462 3035
4687 4959 3957
64 285 2719
1647 2343 1982
1816 2272 973
235 4810 2375
3553 4301 2277
4469 4522 2389
3767 4122 2268
3484 4262 1670
1539 4809 1276
4339 4670 3776
1497 4687 31
674 1679 4747
2149 3955 491
1080 3561 3439
3013 4279 4147
4262 4831 533
2725 3641 34
1381 2285 3690
4395 4936 3420
753 2629 4383
1752 3602 4629
3171 3369 354
4018 4509 3213
1182 3002 234
297 2962 2203
3611 4542 4745
2132 2709 1994
784 4558 2710
679 1103 1850
1713 2719 2561
298 1058 1197
4845 4909 3712
234 3605 1173
2927 3997 1321
687 1622 717
4164 4244 2523
4226 4302 593
1560 2328 3257
834 1542 2900
2383 4405 1098
489 1144 2781
3305 4482 1705
4909 4966 4396
689 1878 4475
2218 4813 1641
4937 4975 1159
2854 4279 4307
2248 4351 88
242 1227 325
659 2692 3015
428 1031 631
3278 3472 2339
4485 4857 4332
4021 4264 1839
779 4957 3526
2040 2062 1628
4310 4817 2586
4017 4525 4845
1834 3360 2124
4743 4899 2320
1251 4716 3530
2487 4312 4895
684 4660 1203
4449 4731 1090
1845 4435 2383
1140 1673 1009
1405 2056 4450
1715 4613 834
4523 4818 214
2290 4745 1544
3595 4329 4466
655 991 1796
2132 4353 1963
3084 3538 527
4660 4889 4028
3857 4144 3978
1051 3113 382
4939 4971 3648
2300 3804 649
212 415 1156
3696 4092 940
229 1068 4645
4963 4981 795
3035 3763 261
2293 3250 2226
1375 4920 2086
1235 4567 3030
2863 3042 346
1151 2978 3986
762 1969 3454
1646 2432 3343
2445 4414 2887
3373 4339 4721
1035 1387 3381
1107 2833 3336
4379 4466 233
2250 2336 3406
2976 3549 1830
1592 1937 4121
602 761 580
2376 3472 734
2537 4767 3653
3147 3709 4409
1098 4254 4773
4234 4704 1467
2224 4103 1563
4741 4987 994
4021 4132 4664
2120 4303 543
3145 4774 623
3118 3862 2106
1576 4933 4403
3128 4645 457
2177 3631 2105
4149 4669 1135
2435 3936 2858
1029 3995 1353
4657 4796 2495
803 1282 2465
4492 4547 2424
4282 4543 507
1704 3712 3093
216 4300 394
4856 4987 4245
1664 2513 2379
2669 2722 4459
1325 2784 4365
1648 3215 3882
3324 4254 1802
1251 4808 190
2821 3173 2790
3713 4359 3188
1155 2844 2525
2434 2927 3625
1454 2660 2494
3136 3710 498
4582 4636 3018
4083 4371 3704
536 886 4432
2509 3972 2427
579 3285 1498
3166 3211 4985
1982 2233 300
1377 3866 1520
2656 4995 4349
4455 4718 4220
146 291 3846
4938 4994 1690
3503 4653 3179
2744 3377 3478
1055 2509 1944
4405 4822 2108
2958 3679 3274
2089 3611 3345
2676 4188 1898
158 438 2061
2607 3759 2235
1422 1768 3591
4101 4687 3954
437 3289 1493
3948 4434 2528
1869 1925 2749
2860 2933 1102
670 2465 3204
3026 3355 2588
833 4557 1383
3176 4113 3672
3826 4941 4623
2633 4763 126
3967 4488 4336
4383 4686 2828
746 3443 4415
4138 4852 223
1538 4523 1334
1497 1917 878
4596 4650 1442
3413 4358 517
4111 4318 478
1259 2941 3491
3391 3483 1331
1813 3080 181
2384 2426 1069
1246 2576 4814
1446 4073 3555
916 3280 2648
413 3482 1138
1498 4542 4495
1832 2008 4793
4388 4500 1528
4061 4803 1906
2151 4434 3155
1961 3005 4880
1380 2811 2181
754 3442 4375
1048 4152 4369
1539 2115 2557
410 3182 1988
1437 1775 3007
4845 4968 791
3124 4823 4174
787 4836 4713
1264 1527 2132
2842 3988 205
3266 4310 4303
4767 4860 4242
1000 3929 1637
385 3776 1824
3000 3087 3952
1036 1635 3260
3996 4779 3873
2150 3200 2253
2421 3160 4937
2476 2541 1008
953 4171 2864
2604 3829 678
3685 3925 4905
3728 3810 187
2777 3162 2879
746 4261 3927
3812 4351 4430
4729 4885 1945
363 1435 4917
3178 3612 2854
1163 3069 3994
1139 3204 4902
20 4623 1872
1811 3355 3734
2570 4518 1905
2593 4880 1219
3160 4409 539
978 2725 4136
4680 4719 941
2755 3078 3563
4182 4495 4929
2480 3804 2307
301 2672 4349
1614 4704 634
3683 4567 889
1004 2151 1602
2591 4376 3844
2238 2476 4002
3414 3571 4516
1044 1388 1018
1503 2615 4456
4109 4443 1940
3966 4288 610
2152 2949 839
2346 4951 1373
3805 4613 4964
3908 4753 721
4030 4688 3091
4987 4997 529
1281 3996 679
1249 4893 3565
2830 4276 3764
587 4395 382
603 4884 1069
2238 4957 1967
3234 3770 793
2013 2959 2054
4673 4747 1218
2562 3973 4773
2437 2458 105
2184 2665 890
2100 2250 2648
1492 4353 4357
4871 4885 3059
1830 4073 4433
3363 4276 2895
2112 3675 178
4875 4971 2527
2421 3082 3026
1760 4132 2522
3545 4814 1296
3659 4644 4655
4808 4820 4462
29 1869 1803
3779 4994 630
3893 3945 4431
914 3879 1175
4063 4130 3620
1236 2411 4532
2733 4951 2110
2810 4670 1092
1864 3047 1236
4021 4773 3928
4773 4819 2541
1614 3139 3492
2338 3933 4127
2313 3176 3991
4975 4980 4484
1643 4139 4563
4612 4680 2276
4484 4732 229
2484 4427 3454
3938 4214 739
4152 4448 4460
2763 3634 4803
68 3389 571
1127 3852 3959
2241 4783 2437
4704 4726 3619
2259 4086 4185
4391 4482 4809
342 3241 1395
1921 3308 1608
254 1102 2287
3811 3897 3343
4615 4895 1896
2073 3941 3576
2171 2195 1969
4390 4907 1148
3992 4535 1049
1572 3496 432
897 4309 2870
399 1649 1200
3713 4515 4476
4457 4709 1242
1191 4001 2009
1968 4623 3896
544 4958 4566
952 1929 2063
3145 4541 2282
2152 3260 944
2573 3381 4929
2508 4267 541
3072 4808 4108
2140 4780 2220
1275 4619 2500
1799 3724 4113
286 4386 2229
4418 4672 4102
3608 4225 4552
4393 4959 3181
4569 4888 4532
19 4995 1195
3663 4597 4652
4067 4952 397
2351 3828 2316
2918 4234 4022
2691 2930 4193
474 857 4604
2949 3021 4162
1406 4709 1959
1253 3955 3936
527 4843 1170
172 535 4046
1400 1508 4574
2507 4205 3131
4736 4822 4599
3763 4358 716
4928 4944 1681
1772 4521 857
1026 1667 4674
857 1404 779
259 3511 1804
3935 4209 2842
3235 3806 4910
1608 2218 3269
143 2805 1437
4845 4868 2046
4243 4510 4723
3572 4006 4994
4954 5000 603
3822 4453 539
3388 4194 2738
2209 3623 3585
3051 3324 2546
151 3873 4327
47 2798 3725
1065 1404 3764
4538 4568 4839
2249 3073 476
1906 3121 1852
2142 3672 1526
2321 4066 3586
2118 2866 4728
1274 1540 4652
4053 4943 2473
726 4347 4309
3911 4829 3558
4488 4963 3942
3321 4675 2335
1121 1202 4168
39 1542 1271
4755 4916 1771
560 2101 4028
174 4665 4761
404 3851 3795
163 2376 687
1435 4886 3012
155 4515 2936
1463 2134 4888
661 1869 1156
2760 4767 723
4731 4967 3458
1868 3022 4307
1334 4611 274
1598 3038 1810
610 4937 2777
2133 3550 3152
1883 1901 532
3007 3086 1595
2270 2881 3213
3450 3802 270
1962 3340 3579
4847 5000 2333
923 3765 4166
1808 4514 4494
1635 3789 3501
3711 4536 4149
4744 4783 2723
1768 1840 459
4030 4489 2227
1316 3803 745
3038 4933 4028
2249 4048 2136
2263 4886 1692
3986 4807 3567
846 4353 1159
378 554 1697
888 3382 212
2939 3956 3645
3064 4873 724
3520 4001 4860
2003 4314 2783
516 4350 4752
4234 4902 892
3554 4586 2713
26 1967 327
1326 2381 2774
3180 4582 4475
4473 4492 836
1212 2589 4935
158 3991 786
1384 3650 2075
783 1385 2175
410 4092 988
850 4995 2100
863 2564 2438
3235 4584 1151
4810 4895 737
55 4950 3144
3879 4512 211
2126 3310 1532
25 4231 748
246 4935 3624
3563 4613 1521
94 576 1618
1818 4828 1972
4992 5000 1761
2363 3777 1078
3161 3699 3786
400 2876 3057
167 940 3388
2781 4597 4488
3881 4260 2296
4035 4372 470
3956 3981 1406
2067 2320 2201
2319 2547 4915
1961 3040 1701
2258 4990 759
3532 3915 944
4859 4997 3976
2740 3949 296
2097 3529 4077
2244 3820 3102
104 4406 4006
4539 4760 656
879 4394 3317
1620 3802 3451
2374 3068 2574
765 839 793
4336 4987 4447
4868 4950 4038
2274 2392 3760
3206 4598 4730
3274 4377 2689
354 4373 4011
4776 4809 4370
2242 4357 1844
1724 4288 1081
3389 4520 2443
3323 3473 2274
1598 2066 1365
619 1222 2922
1242 3992 2439
649 793 2064
3350 4664 2175
2382 4481 2809
4062 4582 4572
1962 3996 4879
1633 4227 3058
1472 2080 1617
3436 3600 2703
3130 3312 4608
1507 3877 1277
897 2137 1905
3818 4168 1604
204 4198 985
155 2930 1601
300 4509 464
2409 2629 4827
725 2095 2001
437 675 3928
837 3984 2565
266 2509 2312
1851 3939 1690
4825 4913 4152
4762 4994 1878
4363 4840 4998
865 2106 505
3937 4407 3788
4191 4935 280
2376 3064 2936
2124 2982 2452
1172 4094 2856
475 2088 3750
4241 4908 2432
3876 4604 3667
3010 3330 1535
3725 3845 2201
1041 1967 1975
860 2570 2816
1583 2467 1368
1025 4267 472
666 2038 1588
4878 4900 128
730 1917 564
1073 1199 3446
3626 4160 1917
4219 4640 3843
3255 3494 2886
1794 2237 1834
2608 4044 4460
4049 4832 3828
2766 4288 2099
899 2234 610
1106 3991 630
4610 4920 3844
4981 4988 4398
896 1427 1734
2524 2958 610
3187 4497 3635
283 2878 2721
637 790 2156
1818 3821 851
4902 4966 728
2844 4446 1765
635 4838 4144
4494 4648 3175
3205 3359 2700
4356 4480 2787
4806 4865 4184
4192 4669 111
1470 2145 3739
195 3477 224
2840 2991 4250
119 3752 2111
4644 4716 183
1015 1913 2494
432 4036 2591
484 1627 4410
4008 4846 1787
335 1387 4540
4596 4652 1261
1882 4489 4661
4851 5000 4751
84 2211 2873
3874 3979 4016
3086 4250 2719
2101 4490 2146
3802 4402 900
1267 4155 735
4401 4573 795
3818 3898 1284
828 2951 4791
647 4982 2565
2188 4737 4971
3568 4143 791
934 4407 3112
2992 3756 526
3730 3948 3271
618 3342 3535
1930 2080 2802
4360 4571 3037
4821 4899 4008
3840 4634 1008
2706 3910 2416
380 2643 4670
3902 4654 3360
4596 4917 1287
2713 3269 316
1242 2276 1613
4678 4853 2848
343 1284 4141
4778 4936 735
1820 4316 1803
4998 4999 3910
4836 4923 2799
1806 4884 4698
1885 4271 2289
2267 4122 60
1822 4340 4142
4120 4772 3133
2273 4023 1809
4883 4884 3740
4560 4949 4687
401 4031 540
4856 4867 1271
4408 4543 2538
851 3484 1514
862 1392 470
1317 3885 2010
4000 4966 3325
251 2949 4246
1901 4936 1006
4805 4873 4291
2691 3356 2177
4711 4990 1675
1970 3729 1166
2829 4152 3637
2794 4438 2330
2415 2846 2169
1031 1059 696
1182 3954 234
185 3175 1389
3275 4337 2429
3937 4114 1677
4089 4834 4449
499 900 4064
2526 2903 4411
2579 4499 3830
4580 4727 3840
536 3771 4100
2530 3524 2044
3342 3808 4593
3466 4824 3141
486 1408 810
937 1436 2372
2940 3628 4770
2194 2616 4825
750 4540 3359
705 1561 669
1472 3767 716
2929 2972 4935
1855 2293 4442
246 2274 3120
1017 3320 2289
4648 4951 3777
1243 3710 3895
3456 4437 11
1813 3247 3108
847 3342 4915
2584 3009 4954
1080 2405 2163
3648 3977 171
540 1115 2095
530 4818 2447
3267 4814 3828
1648 3783 3656
3316 4990 1156
703 2425 34
2417 2751 3343
2969 4053 2118
4846 4975 3366
2265 2982 1269
4947 4964 1673
4180 4384 612
1848 2236 4006
1651 4856 1590
4301 4924 2099
4750 4899 4
1353 2514 856
1439 4511 3910
1705 2650 2906
4708 4861 3450
948 4302 167
128 4645 2711
4562 4646 1810
2686 3797 2278
4414 4603 1548
591 3606 2065
1562 1575 3485
3550 4603 1953
1191 3230 4597
4403 4524 1212
634 1757 3811
2105 3891 501
3316 4845 1038
4567 4800 844
1253 1738 2208
784 4229 4599
3442 4408 2223
986 2394 4071
1395 1817 4951
2071 2572 2596
4565 4993 955
176 608 3484
2429 4944 370
422 4013 3205
3645 4860 649
4808 4912 4371
4816 4968 3444
969 2111 14
4880 4964 2615
1870 4816 122
4451 4734 2949
1486 3536 2903
4747 4994 3206
587 4707 3580
3417 3885 2187
450 4730 785
369 3580 918
3890 4223 4347
4169 4957 3756
563 3302 2165
3603 3943 4603
3643 4139 4750
3386 4891 2935
3340 3622 4332
4122 4583 4777
2525 4262 1923
130 4311 1377
2561 4233 2941
313 1774 4608
1259 2936 2048
2955 3234 620
4016 4784 3930
3224 3717 1788
1080 3893 1718
17 2066 4933
4974 4979 3064
1328 4650 318
1222 4180 4334
4016 4682 161
2273 4107 1827
3176 4646 726
2541 3983 2411
3715 3947 1489
3464 4285 3790
3200 3697 4964
3654 4313 4687
3994 4932 4010
2851 3468 3602
1110 4050 832
2621 3150 3947
3469 3911 3069
3361 4517 3793
1969 3326 3935
1389 1423 986
1152 2194 3897
4884 4977 3148
2585 3873 1500
3383 3981 2004
345 4514 4646
3204 4679 3651
1440 3128 687
40 3168 2437
2861 4026 4492
4947 4997 783
75 4565 4190
1770 3964 843
4566 4707 754
411 2246 2547
3980 4485 2408
318 4856 1520
446 2160 252
511 3784 1266
1525 3021 4463
104 2380 4872
2479 4691 4978
475 2729 1247
2774 3587 2514
3867 3906 3191
1784 2665 1956
271 2619 4569
1137 2213 4090
326 3023 3391
2861 3405 683
1687 4366 4286
3937 4214 3614
4170 4205 624
3450 4531 2786
4187 4677 1811
3754 4058 1592
2428 2556 1661
1403 1855 3177
2504 4988 4029
2119 2312 3418
1991 2461 1718
1556 2305 667
4054 4954 2691
3125 3616 2849
4010 4041 4880
4164 4199 204
3 4818 2893
4333 4446 1030
795 3370 4800
2428 4076 1049
666 2701 2875
3082 4942 4149
1054 1611 2440
4370 4501 4293
4071 4838 70
419 1699 355
407 3016 2667
2817 4517 2935
4266 4986 2490
4078 4899 1305
4593 4847 4142
3656 4450 877
1664 4678 4976
2759 3456 363
3189 4270 586
1879 3119 2034
4127 4424 1186
3504 4996 3978
2745 3628 668
3661 4328 64
4769 4901 809
4939 4950 2016
580 899 1622
1412 3165 468
1076 2552 2490
1134 1434 1106
1519 2064 4216
3091 4957 92
3974 4155 4604
3416 3876 2979
621 2608 3573
735 3943 4080
1398 4363 3865
3811 4638 3102
4429 4948 4674
2027 2723 804
2010 4208 3581
4545 4750 4099
4297 4379 611
2784 4605 354
4885 4975 3229
551 2199 2237
2623 3766 4381
3441 4106 4373
3780 4550 1746
4904 4961 4805
3091 3582 3390
2617 4260 4108
4745 4905 1132
1199 4294 2577
1477 2490 1318
3520 4580 551
716 4454 193
4902 4958 2060
219 4746 47
2525 3217 1946
2077 2760 1914
1887 2125 2544
3296 4885 1264
4261 4608 450
321 955 2279
1848 2071 749
1425 2173 966
3619 4884 4338
4849 4949 79
217 702 1628
262 2357 1376
3391 3395 3005
663 4030 2628
3688 4024 2055
2990 3368 3602
1219 2764 4447
1089 2426 4521
1975 3306 2946
969 3326 4984
2293 3996 999
1162 4031 1527
3936 4503 875
1665 4305 2748
664 3382 1451
191 4922 4118
3528 4900 2354
2900 4109 1047
2283 3104 919
4365 4585 904
3402 4283 76
34 4886 3876
1353 2601 3936
3854 4393 4859
4146 4589 824
3753 4884 400
2910 4166 2621
3921 4176 3479
612 3023 3788
27 2822 2772
1791 3521 68
2594 2646 79
4387 4467 4564
3329 4551 898
4211 4754 3950
3448 3458 4172
2882 4179 2978
1048 4918 2848
3848 4913 2202
3244 4782 4307
2766 3803 4341
4146 4435 173
2536 2983 4275
4466 4669 3353
3286 4825 3325
4349 4775 4957
1221 4040 641
2003 4596 2816
2176 2464 467
1678 3635 4118
942 3079 2586
2757 4926 3844
89 4969 285
2676 3834 67
1325 1440 3331
4422 4894 4549
2459 3658 4776
4998 4999 1725
2980 4094 1485
4265 4769 4730
3129 4579 779
1958 1987 4961
2442 4947 3742
4864 4961 1670
1137 4514 3836
792 1087 2950
601 3117 1902
4901 4921 2076
1635 3018 2506
824 1010 3956
4292 4904 1637
1383 1507 4696
1265 2156 2065
4177 4505 1116
883 2233 3101
1194 4103 4184
2673 4192 1870
4089 4887 2178
1368 2781 4765
1072 4220 2493
1236 1986 4069
4046 4186 4511
3536 4147 3758
2565 3063 2659
