5000 5000
3484 4081 2664
963 3156 3150
1490 4983 4694
1611 2786 4021
967 1211 250
3647 4359 3408
1844 2702 4185
4856 4970 3361
1781 4052 1444
1831 2311 3533
3077 3431 181
1668 3026 345
3918 4780 1044
1287 4835 3488
2133 2808 3221
3149 4576 442
1123 2903 293
2541 4151 4933
2090 4216 3333
4536 4645 678
1126 4307 654
419 4293 568
454 3373 993
679 3819 1893
4978 4998 3452
1214 1999 2061
4962 4970 4534
465 1331 2633
744 1545 2641
2535 3731 7
133 2131 2109
4173 4875 4404
4872 4899 2803
4215 4216 2951
3663 4420 3652
4189 4251 4971
1308 4206 3778
4951 4958 3362
3434 3681 4870
3794 4972 4570
4700 4899 3798
3239 4684 1282
540 4475 497
4879 4994 4366
2880 3467 2738
4297 4569 919
233 591 4379
973 2032 1385
4942 4970 4718
1606 2268 864
944 3418 3967
3940 4822 636
4354 4992 4846
4423 4490 523
2909 3840 1249
987 2964 4821
104 2357 577
2688 4788 692
4693 4901 4495
1994 2435 818
274 1216 3584
4044 4144 281
4320 4991 4534
4764 4780 1516
1292 4579 2554
2529 3868 3726
3700 4849 3373
501 1279 3393
2785 3131 3721
573 3691 3791
4239 4793 1980
2302 4596 3498
2688 2820 11
3878 4158 2375
3405 3771 334
3487 3943 2662
4597 4764 1792
3091 3158 2660
3250 3877 2935
4386 4435 4816
4175 4348 124
4186 4504 3510
1865 4623 3471
1584 3175 3366
2019 3323 1203
1050 3673 3755
1471 3632 4077
4021 4093 2360
2487 4994 3881
4095 4986 3081
3048 3066 638
508 4638 380
666 2874 4422
633 3048 3876
2983 4561 3458
4254 4291 4756
4039 4084 1096
4434 4752 2256
2161 2347 570
1155 1698 2233
1238 2786 502
966 4263 1742
3597 3697 2039
4925 4982 2291
2380 2458 1931
2107 2230 1229
3996 4920 3973
2617 3389 556
1354 3431 1582
337 2116 4627
1693 4022 589
1950 4412 4500
1244 2441 2972
4809 4938 4155
1219 4493 3144
4723 4923 1559
3176 4605 1092
4465 4767 2894
2241 4061 761
1993 4396 3573
4960 4962 1130
3536 4385 4171
3163 3972 1961
2193 2826 619
2784 3648 3060
891 1384 1617
2727 4220 4496
3443 4189 1915
2039 4622 4249
799 4083 4858
3483 3571 3191
4215 4944 3473
3642 3674 2902
1737 4433 2898
4394 4878 3206
2381 4832 4383
1308 4232 1207
3445 4635 3307
562 3087 1170
4118 4707 4408
4414 4711 2996
4819 4885 2165
2539 2956 1634
955 2482 2104
3528 4241 3102
3905 4542 3030
405 1732 4062
3490 3703 927
816 3842 3940
450 4418 3808
3876 4912 4738
938 2739 4536
901 3514 1648
1774 3871 4627
3620 4589 90
3608 3837 1282
3600 4544 2719
3133 3825 417
4530 4674 3120
4702 4941 2226
1613 3068 324
335 499 605
482 3274 3327
759 1438 757
1061 2845 65
4873 4874 2933
1573 3713 1560
3215 4202 4108
3527 4181 4871
4239 4343 1127
745 929 3234
3316 3542 3718
794 2579 2420
4312 4779 992
3441 4383 2600
1712 4924 4246
506 1174 1732
2825 4824 2730
2589 4251 2283
2292 3769 1338
524 1709 4692
2866 3298 4667
3892 4575 643
1889 4516 1715
4539 4947 382
3085 3449 4345
624 1844 4075
1721 3725 553
2302 3395 1737
2753 4382 1649
13 1249 4259
1924 4111 116
45 4995 1651
3978 4375 2391
4316 4983 4117
4323 4843 3562
1622 2924 573
4327 4908 2541
3331 3962 3495
3412 4101 300
429 3219 4248
4534 4636 3059
883 1325 2611
1250 1552 2006
2355 2443 107
1621 2177 1441
1509 2422 3895
3317 3708 3267
2708 4550 2713
1119 2596 3827
637 3246 1823
3476 4517 768
24 555 519
1333 3986 2747
3617 4078 3094
2889 2995 1448
4071 4792 399
2782 3850 4059
877 4817 1834
4819 4829 1271
4720 4956 790
2582 4551 4949
3970 4453 4953
3174 3599 4728
119 1476 1095
2117 2280 4500
633 2513 4097
2755 4517 1247
3030 4199 1119
1255 4507 2002
3917 4294 430
2579 4952 4242
1012 3302 3326
16 1757 383
1645 2486 3428
4908 4971 1486
210 3579 4764
4433 4803 2464
961 2060 4413
48 4125 454
2217 3800 568
3018 3207 1061
3991 4515 1197
3659 4154 4069
1488 4534 2424
384 4710 3508
104 1768 3071
2583 3837 21
1790 2356 2138
2627 3787 4811
897 3182 4739
1235 4184 3805
3623 4106 1644
3478 4378 4309
2798 4660 2686
2594 3130 3151
1745 3529 4074
4793 4854 1477
3608 4100 1874
2805 4773 4165
4625 4874 1006
1648 2579 953
2907 2985 3837
1758 3397 3512
3615 4939 3781
3294 4503 3418
607 4389 4784
3229 4205 2470
4735 4814 436
2675 4763 438
2243 4618 31
766 1761 2154
2587 4008 3214
3093 3281 3884
159 3996 4993
3999 4056 441
91 214 170
1086 2180 1702
1032 2536 2049
1075 4454 4963
71 358 2924
2097 4853 2856
2302 4210 2785
3459 3869 4513
4210 4293 1955
789 2129 2606
2315 2522 3812
4855 4994 3403
2019 2334 4946
2238 2822 3081
2697 4585 4226
784 2868 1558
930 3156 1786
3531 4475 2180
1411 4230 4504
3382 4025 1982
3256 3669 372
1048 1246 1545
984 1130 4818
1480 2938 3498
2103 2160 3884
71 2947 356
2054 3656 32
4499 4916 3784
4896 4931 3343
4567 4717 355
2292 4034 1153
4612 4715 4985
1902 4530 581
2204 2278 2106
2102 2262 837
918 2961 3162
1149 1244 85
4340 4482 3273
865 4066 1291
4816 4953 1144
608 1469 2544
3382 4600 57
4281 4605 2433
178 3380 2213
2554 4254 2204
381 3203 3165
1893 4358 2678
425 3869 953
750 3534 3317
415 2544 1834
184 4322 579
4044 4547 552
2182 4746 507
3172 4516 2274
791 3198 4270
4184 4876 3031
1319 4970 4253
674 2636 2327
4675 4706 4285
4713 4878 841
1371 3668 2575
2019 2947 3022
4852 4952 955
3538 3993 3667
4911 4974 2928
4839 4842 3044
4017 4713 1474
1821 3050 3063
4662 4785 3906
4488 4954 4446
1034 3994 2045
461 1377 805
37 3236 328
4281 4605 4272
1308 1658 2384
258 1984 4259
487 2850 2063
2704 2722 3188
1613 4785 903
4389 4657 1249
1989 2815 431
2765 4215 2131
1907 4792 878
3140 4123 2169
2284 2624 4788
4773 4901 1572
4863 4938 2954
1963 3516 4105
3453 4758 3817
1331 3919 3997
2912 3533 1300
2776 3164 3499
4944 4965 2648
3484 3566 4916
624 2913 4675
605 2913 174
2981 4197 4207
4687 4985 912
3529 4459 4122
560 4735 4474
4641 4977 1329
3428 4702 2825
37 602 3405
2341 4565 3306
1798 1822 4431
1679 3745 2636
4647 4686 4554
3047 3229 637
644 2372 2156
2411 3811 1860
1809 3841 4758
4619 4808 1465
2678 3654 2441
3976 4103 4553
3859 4677 3506
4455 4482 2319
1919 2220 3839
843 2616 2340
149 1711 3882
4864 4900 4954
241 2624 1352
2405 4918 2494
2481 4672 2848
1786 2458 2742
10 4244 1729
122 414 943
3181 3538 4492
3131 4134 258
2638 3095 2855
4864 4942 1948
554 4819 3965
1216 4423 4883
4606 4809 3955
2992 3664 3080
2986 3316 853
366 1999 347
4552 4597 2904
4324 4838 3881
4222 4545 3724
3214 3374 3524
1952 4596 4270
4068 4769 1445
2465 3891 3681
4710 4833 4643
171 4146 3080
3576 4684 3517
1320 1710 4707
1740 4365 2652
2188 3691 4983
4740 4959 630
3080 3396 1098
267 3461 3361
2669 4522 1920
1331 2455 1142
4939 4974 2704
1440 3229 3444
4719 4732 3011
2437 4560 617
1144 3899 4231
134 2798 3119
321 4915 1773
2060 3807 3323
1905 4354 2120
1292 2487 4756
1557 3755 4246
3543 3933 704
4839 4922 4926
285 2562 2044
4146 4686 4157
2724 4008 3358
4419 4630 2326
1158 2634 3859
2892 3818 1298
1036 2521 1220
4312 4427 4004
929 1008 2252
4213 4487 687
2857 3670 2395
1488 2170 4402
4867 4931 3180
861 2848 1829
365 3219 1674
1643 2030 2020
1224 2617 4189
3226 4097 1676
2263 4368 4587
1809 1876 4686
1204 2760 2943
3754 4112 2333
1568 4535 295
154 567 285
3460 3512 3571
846 2796 895
327 2280 862
1167 2331 3439
4881 4939 3840
1729 4013 824
2826 4931 4730
4017 4328 1622
3053 3519 1356
1745 2531 4724
295 2516 4874
4392 4719 1034
3510 3945 852
1676 4935 2711
3778 4297 1442
3109 3351 4791
725 910 3928
4777 4786 2832
25 3930 1596
3931 4951 743
4528 4657 3486
2856 3028 2828
2713 3166 2543
78 2295 317
4145 4628 4623
2284 3267 4355
1090 2506 714
3881 4790 3381
2318 4514 667
4719 4911 4796
1918 4768 1565
3868 4542 4013
2968 3375 2679
1901 2702 4650
4541 4794 2189
3139 4090 4406
717 1960 3198
1812 4002 1914
1581 1728 3005
2606 4070 74
1018 3798 2679
2058 2479 1577
191 3845 2157
122 1371 329
648 819 723
4777 4849 1064
3691 4205 3969
3346 4713 1545
3827 4875 4628
1437 4115 1062
3821 4936 1138
3677 4950 2771
3355 4384 2566
155 1276 3720
1752 3060 3563
4276 4430 2517
4576 4846 4385
890 2293 4060
1324 2761 1043
263 679 1475
1776 4103 3321
3297 3948 1590
3606 4967 1383
3800 4993 4991
4223 4864 4755
4929 4949 4329
1322 2983 3267
771 4077 2789
1760 4181 1038
3200 3683 1687
356 2932 1790
1593 4216 1910
3917 4211 4768
862 3984 1163
1293 3972 4565
1797 3174 773
4796 4866 3361
3432 3866 3554
1221 4069 2545
3845 4446 3296
2817 3062 1081
3236 3421 3845
2327 3080 4106
3451 3880 1520
363 3342 1045
3461 4322 2614
1117 1344 714
902 3170 849
4174 4573 1307
919 4766 1698
2474 4166 1154
1142 4199 3638
761 2585 2365
2487 4092 4845
2012 2475 4670
2477 2558 1459
2033 2674 2687
680 4391 3537
857 2103 411
480 3337 112
3756 4067 3172
773 2585 4044
4072 4383 2826
3968 4002 3671
3272 4391 3402
4971 4974 4376
2787 3907 3372
3049 3428 925
3151 4065 386
4123 4782 3579
3501 3612 714
3467 3917 1846
4678 4757 3764
3177 4580 465
423 4140 412
3165 3601 1633
4774 4968 3290
3934 4583 4381
4922 4957 4618
2897 4686 1536
2374 3262 1623
1651 1744 3935
3384 4301 3039
2191 3301 320
2470 4888 3292
651 4739 4733
718 4582 2468
4836 4869 4497
3102 3279 2422
168 4471 1174
290 685 1003
2082 2627 177
1416 4251 414
2210 3470 609
687 3264 3587
839 3514 44
1624 3340 3600
222 495 326
2490 3073 1732
3226 3322 4051
399 4971 967
4492 4977 1316
3557 4527 798
310 3603 1265
4125 4188 1455
1822 4667 4551
1968 4734 3755
1053 3874 123
1648 4371 4729
2669 3811 4102
4213 4462 2731
63 2511 1715
4994 4997 3218
4596 4857 4618
4287 4565 20
1005 4164 677
2783 4945 3917
127 1015 1316
1444 3054 1404
297 3160 39
2400 4423 4688
1252 3348 2028
1071 1712 4841
921 1417 3260
2184 3321 1994
4435 4852 3729
1598 4764 1314
2703 4021 4507
4807 4944 2891
4697 4928 982
1281 3138 1760
4519 4582 2196
1904 4241 2182
1760 4344 1827
4094 4196 1106
1532 2690 3985
290 4607 4798
1161 4321 1107
3969 4002 3128
146 1492 496
1691 3137 3068
1363 1476 1754
395 3706 950
1612 2733 2642
4670 4822 1384
1416 4650 2019
2216 4053 2159
3594 3737 2413
3775 4746 4673
1054 2560 1029
1865 2111 1543
1181 4080 2271
4267 4933 2853
4073 4085 2004
1341 3110 1128
862 1967 3041
58 2011 4289
1305 4582 1464
3772 4938 1850
3826 4067 1629
4127 4469 3556
3288 4617 1653
1585 2822 4010
4963 4975 28
4470 4929 2750
3497 4984 3407
1854 2809 2811
4616 4876 1075
2241 2364 1697
4632 4912 433
4611 4762 4206
3554 4058 2625
3963 4039 4283
4521 4553 2801
2115 2742 4792
2151 2994 1402
2421 2814 518
4238 4668 4306
2366 2861 2200
1606 3886 1727
883 920 1621
2303 2346 117
3158 3699 2821
1725 2226 2874
4216 4480 1050
2849 3640 2992
2655 2787 227
2352 4481 775
2183 2378 3590
4827 4895 2843
1605 3455 2165
3927 4140 992
699 4646 1675
2238 3947 1684
4546 4689 3925
2050 2290 2515
3416 3577 4338
1806 3327 920
2207 2824 4916
1285 4562 4702
94 425 1568
3337 4370 1960
4989 4999 3976
3876 4499 1726
1090 4582 2563
4476 4895 4719
1800 3167 3494
3897 4688 838
1028 1770 3935
2087 2948 574
4545 4782 2861
4978 4995 681
3008 4251 4577
3685 4830 4633
210 2224 4719
4599 4821 3411
4149 4287 4561
4548 4896 1488
4548 4786 3909
3989 4411 3293
4116 4503 2027
1277 3124 3190
2051 4048 3169
1267 2155 152
3505 3955 3312
3571 4057 4571
4389 4941 4881
1871 3543 834
2042 4406 2333
4652 4999 2535
4376 4395 2988
739 2590 501
2069 2103 2254
1103 4743 3044
4403 4547 270
1167 2522 2187
3949 4284 4749
71 90 4374
4732 4840 2316
3396 4664 153
3974 4626 3186
4721 4962 1170
3025 3281 3169
234 3022 3413
1135 1608 1003
1708 1946 2454
1558 1637 3332
4399 4571 3447
2164 2606 1562
3329 4979 2089
4745 4960 4454
3555 4372 1077
345 4687 820
779 915 3088
1666 2095 1068
4590 4898 2974
4785 4846 612
3422 4975 1648
4035 4514 521
4079 4430 1549
2740 4779 1079
2184 3921 2333
718 1513 807
1111 2173 4161
1604 4844 1375
922 3231 1127
2881 4694 1659
953 3079 1936
3130 3899 4172
3033 3319 4810
537 3202 4760
1449 4559 764
4671 4850 2044
4020 4626 711
3235 3431 2699
1073 2250 4648
2588 3807 285
4841 4860 3215
2047 3455 1034
779 2731 3494
2402 3571 3040
236 4783 189
4724 4872 2416
4531 4794 1488
4868 4973 3783
4933 4997 2855
3884 4405 727
1720 2093 3827
2232 2283 4462
1720 2797 1366
1578 4962 1415
4679 4824 4567
1735 1856 779
4799 4953 3109
467 1664 3079
3518 4415 3806
2721 3599 287
393 2643 1475
2816 3188 1346
2701 4884 3978
3422 4897 2349
1930 4400 2686
1621 1651 2411
3606 4586 1279
3858 4181 2499
3749 4096 64
2065 4611 3143
1363 4379 3248
427 3071 2203
4487 4630 4595
2308 3961 651
3650 3971 758
700 2041 1147
937 3128 3305
4809 4950 3671
460 1201 1286
1663 4019 744
4707 4882 1652
1464 3299 4882
3247 3870 1415
3086 3451 605
3017 3106 87
3662 4969 2200
3568 4741 3149
3043 3426 3645
4319 4675 2232
4651 4708 4856
4713 4733 4212
4708 4892 1852
421 3669 4489
4434 4513 1331
3235 4199 2131
1809 2923 507
4328 4898 3860
4684 4767 4395
3838 4770 2282
2671 3389 474
1378 4464 3046
3728 4232 3076
4309 4509 1378
2097 3198 1379
2433 3738 2752
127 4328 1095
4925 4958 320
1208 3226 3082
3868 4088 915
3676 3820 4005
2751 3058 2984
3877 4638 2823
3780 3812 2184
730 4489 1669
4812 4924 4361
4856 4974 2021
3800 4361 3900
3611 4646 733
2374 3680 3270
4742 4953 3904
2356 3873 3329
741 3512 4796
3106 3349 1921
2435 4698 1129
4956 4994 2017
527 834 814
3498 4448 3524
4570 4853 4061
2458 3577 2693
3254 3351 4330
1650 3857 2127
3929 4673 1362
3161 4720 107
2582 3687 3345
418 1457 1584
2256 3323 4848
3283 4656 4660
1430 2468 3415
142 2685 2878
1621 3957 3952
23 3527 1055
3865 4590 3332
3109 3497 3057
2785 3032 1488
4984 4993 4084
1825 1963 2725
4404 4426 2301
651 2421 4562
4899 4922 1035
2265 4885 4370
366 4035 3979
3116 4266 2332
4165 4802 4241
2385 4122 2231
1385 4704 1578
1541 1849 3816
1063 4927 4181
957 2118 3465
1606 4876 991
2678 2995 4678
2605 3693 2413
4907 4951 3209
260 921 1780
4134 4510 3879
1441 4251 2478
2279 4886 3687
3461 4881 594
2823 3825 3127
2915 4189 4298
1429 4442 373
1310 2573 4897
2672 3527 3109
1153 1288 4153
4464 4474 4875
4296 4830 4270
3769 4064 2568
3018 3243 3918
3309 3763 4327
4133 4176 2984
4441 4942 1080
3921 4503 4911
256 3841 4000
2635 4878 1513
3225 4726 2517
1710 2907 4141
3537 4565 3463
283 3767 1959
2433 4719 1452
1400 1971 3212
3177 3679 1070
1654 4098 3834
4210 4284 2757
257 952 182
2177 3229 671
2713 4121 2082
1994 2808 1440
3686 4363 247
2065 3410 871
3643 4922 1377
627 3426 4771
1371 2016 1923
2373 3323 3228
522 1222 2820
3288 3297 876
3098 4337 2282
4310 4853 729
4631 4646 2088
1550 2210 2850
4080 4130 4444
2955 3796 3366
2771 4236 2296
705 4760 3691
3054 4404 2082
4657 4847 171
2433 3999 73
2828 2891 3812
757 4028 4844
2531 2727 500
2199 3851 2236
1008 2633 1562
2390 4637 1923
1023 4622 3950
753 1392 3199
3450 4936 1145
336 4863 4785
2967 3697 2831
4014 4167 4837
4672 4900 312
540 834 1930
1379 2879 1321
1035 1241 2691
1747 3683 2390
454 3531 4851
4733 4847 484
704 3505 4039
4990 4993 822
1280 2746 4428
449 1163 4909
177 4039 567
2895 4570 3980
4407 4721 3680
2663 3454 3298
4400 4716 490
856 3848 2540
2515 3189 1793
4327 4848 3811
1664 4402 1654
2196 2653 395
4715 4756 2789
3688 4662 4087
4699 4718 1056
1312 4998 3694
4134 4782 280
163 629 2276
558 3327 3852
3978 4028 4167
4733 4751 118
2827 4430 243
312 3016 2034
963 2672 2990
2518 4664 3584
3487 4409 3737
1278 3338 4070
2686 3505 3747
3578 4196 1152
3183 3589 4230
1387 2245 3784
2981 3948 3273
2547 2702 238
1336 4534 2130
4575 4879 1464
714 3823 3547
4231 4976 1837
1174 4404 3850
1224 4381 941
4750 4961 849
4874 4947 3704
3813 3924 4490
3634 3712 3966
131 3276 3178
4130 4491 4265
2891 3754 1608
3193 3563 249
4477 4841 3947
3791 4301 4316
4943 4951 4483
1053 4870 2595
2138 4247 1572
699 3747 3312
3858 4865 4917
1685 4528 2125
2809 4600 4333
4519 4888 1329
990 4030 4043
700 3995 4441
1310 4046 1141
904 3666 1260
3218 3770 914
2322 3265 4856
1224 1478 4618
4740 4871 2286
2855 4182 4615
1125 3053 648
4055 4770 4422
3230 4549 2855
1172 2693 3796
2503 4395 1280
4099 4408 4184
523 3339 3745
1220 4268 635
4456 4917 1753
4350 4725 4670
1291 2924 4207
2220 2612 2750
1452 2857 3651
532 3510 966
2955 3103 556
4563 4969 2422
3111 4399 2227
311 4438 3461
667 4100 4955
2648 4154 3049
780 2341 4780
654 1715 2905
4573 4976 2166
4773 4956 3501
3182 4241 2445
1708 1867 1296
3439 3799 3023
2671 4924 1001
3968 4665 4046
4785 4912 1622
4738 4934 1730
1065 3514 1615
4833 4911 3797
992 3026 2296
2249 2814 1777
3334 3366 1706
87 4146 3273
3356 4387 1543
2616 3712 2296
3157 4532 548
4852 4928 4611
1302 2301 3621
4404 4740 576
4018 4951 1419
1703 2226 1561
1581 1803 1022
548 4487 3777
4989 4990 4609
1897 2545 3429
4908 4976 1933
4751 4756 4680
4809 4864 4108
4565 4984 3887
892 4177 2332
3012 3575 1870
1578 3538 452
2700 4183 3633
697 4733 281
2441 2701 422
1969 3019 3916
233 317 2969
242 4971 1876
2002 3705 1170
4762 4863 184
4131 4663 3549
946 3599 1735
4031 4089 1879
4687 4942 954
1550 2187 2604
2091 3625 1168
1242 1538 4346
2995 3045 501
4350 4853 2969
127 470 2259
2930 4414 2313
733 3213 1090
3711 3808 4701
4949 4974 943
1070 4499 4064
2092 4934 3139
3135 4156 67
111 1614 3467
1155 3704 4681
2681 4164 1837
3145 3619 4282
449 3395 1901
978 4151 3983
3750 4431 3800
3960 4308 3247
2417 3668 4805
85 1027 151
2193 4810 3745
4495 4655 3432
1235 3990 4696
2148 3247 3133
1251 3795 1324
204 3324 2839
3545 4580 4102
4725 4929 2894
1529 3116 3561
4550 4603 2328
4341 4638 1956
1753 4647 4524
2903 4940 3689
755 4553 645
4087 4127 2579
1691 4166 958
706 3546 2418
2095 3191 1244
3114 4794 1584
590 4766 2207
48 402 4691
3142 3582 4111
1301 3034 2714
676 2941 1785
56 2657 2069
3774 4972 1896
4237 4992 4159
2098 3026 167
1141 1522 3368
1218 2852 83
2762 3306 3155
4921 4951 4189
3943 4876 2769
2717 4294 335
3236 3982 2531
2647 4919 2172
2409 3569 251
4536 4905 4609
2675 4721 3942
3093 3526 4164
570 1700 437
3727 4912 3739
373 4020 1192
3990 4446 3230
1784 4640 4561
1098 4439 2094
3856 4463 687
1528 3337 2365
2103 4389 2687
1882 4697 4393
642 2086 4677
3775 4809 4738
287 1405 3641
51 2586 188
2943 3170 3495
1002 3475 285
2660 2815 4843
3612 3930 324
1662 3992 4797
2214 4302 1477
4213 4585 963
544 3546 32
2923 4430 2331
2335 2543 4017
2372 4756 342
3452 4624 53
3787 4695 1877
541 1422 70
216 4012 497
4796 4939 826
2386 2878 1609
1608 4675 4985
1935 3918 1421
2246 3235 2410
861 4933 1480
3721 3987 4238
2976 4145 1900
2178 3918 1984
4741 4891 1697
4054 4231 3536
2179 3260 1660
4622 4890 4214
2340 3203 4256
4923 4950 4595
2922 4151 736
4213 4983 1590
2458 4740 4897
1583 2186 4725
2045 4730 4898
3444 4066 3092
2416 4570 752
4495 4653 2522
1737 4935 3133
2055 2137 2883
4764 4862 1312
4740 4971 3487
1971 4727 1745
4984 4985 3881
2555 4395 118
4120 4224 4621
2318 3604 1718
906 3174 144
4683 4854 4584
195 759 1657
1644 2447 3983
4870 4935 3571
2895 3072 1436
3622 4352 4714
349 2325 3949
2308 4740 3163
1368 1392 2405
1906 2234 1998
1228 3790 3395
3517 4207 1685
3246 3380 2092
4326 4931 2818
998 1062 1296
459 3638 3508
3501 3775 4897
286 824 4629
4938 4958 3949
3586 4711 3074
3335 3365 4490
2498 3106 2977
2620 3387 3175
4514 4682 3450
4768 4968 3861
831 4484 1358
3633 4775 4317
3331 3813 1158
3685 4104 2127
4841 4868 1760
2195 4353 889
2764 3456 2677
2542 4914 1108
1678 2305 203
2510 3985 140
3518 4587 3537
735 853 2069
1033 2952 2791
2347 4444 831
3359 4729 1838
1704 4019 1799
2333 3071 415
3713 4304 1871
3019 3720 4077
2134 3538 2676
2310 4782 809
3520 4967 2396
2516 3552 952
2814 3637 158
1512 4033 2438
651 4720 4152
1983 4322 73
2397 3465 4235
2610 4931 4291
310 384 2502
2420 3634 1023
2253 4904 3771
715 4398 1661
4043 4532 4083
2360 4098 1917
3762 4589 321
4935 4939 275
1126 2160 1796
2476 3501 3233
2010 3021 4004
3211 3761 4859
3831 4265 688
2145 3407 2855
4592 4774 1924
1134 3855 2487
2279 3435 1887
1909 2039 4917
4 2369 4134
2338 4229 1618
2577 3545 4525
4013 4561 1837
4584 4895 424
4598 4730 3106
1576 1784 1700
924 3119 3885
2945 3700 4624
3618 3624 4046
3025 3305 4057
499 2170 4780
973 3322 3556
568 2829 2606
3004 3572 672
3793 4729 397
2381 3302 4579
1832 2882 4708
1311 4369 3234
2138 4178 2542
1856 3063 4537
4520 4664 1002
2859 3377 1914
3189 3844 2200
4084 4817 4576
4053 4656 4036
4231 4466 3997
1663 1691 1029
4070 4649 4649
2457 3434 590
749 3500 4569
2437 3193 3431
1844 3531 4545
1236 2660 1139
2736 4941 983
1972 2143 4133
2029 4308 4909
1595 4878 3436
2797 3352 4314
4765 4911 811
3983 4998 5
1750 2932 2389
3853 4904 4468
3280 3875 3429
674 1012 3667
4944 4997 1408
1428 4049 2463
4353 4952 505
756 3179 1921
3866 4431 2885
3678 3778 4161
116 4632 3449
2958 3468 4498
1008 1874 2866
685 2711 4706
1823 2471 2820
4187 4726 6
3440 4705 2463
1977 4343 788
1870 4662 415
1764 2495 1392
4777 4848 4963
515 3376 38
1660 1759 3957
3233 4019 191
148 3996 182
2426 3451 3856
3053 4329 2186
3465 4964 2763
342 669 3811
1526 3874 3587
1760 2840 3848
947 2374 2436
2517 3908 95
2649 4042 2274
4644 4800 937
4770 4915 3857
4570 4648 4128
244 3905 2608
4742 4950 2118
946 4336 573
4280 4712 2068
4784 4965 4388
1813 4455 1626
179 765 2590
3847 4472 4046
4717 4883 228
4726 4931 2314
4991 4996 2496
556 4630 2538
2154 2636 462
345 1005 2523
1116 3138 2427
1235 4462 3073
3753 4874 2381
4347 4596 346
439 4193 4853
3539 4338 3589
376 2150 4331
4229 4985 2498
4543 4864 372
376 4570 4931
1173 3736 4195
4268 4517 1620
1081 2409 211
3813 4152 4665
2467 3735 135
1244 4306 1081
2943 3704 2577
1813 2558 3888
3753 4466 46
3303 4011 4981
3714 4016 3197
764 4317 584
3231 4336 1100
3838 3956 2719
2241 2552 439
692 864 3452
4176 4965 3451
4855 4971 3880
3234 4918 2639
18 3451 1888
2961 4005 3712
3517 4321 4472
822 4083 2667
2469 3176 2951
1922 3196 2346
4108 4146 2703
823 3038 3770
3673 4980 3755
4602 4765 4183
352 1696 131
4375 4700 154
2296 3823 4927
4360 4591 1181
1071 2393 4010
758 3247 4257
3974 4763 3136
1280 3767 4027
3633 4071 4781
2419 2518 4483
1745 2297 1220
2808 4490 2476
166 3314 2082
3479 4625 1930
996 2828 1618
1892 2202 235
4250 4295 128
54 4363 661
4262 4340 4762
1966 2278 4934
1427 3682 3423
1947 3695 4246
3797 4863 4272
2657 3171 2888
2321 3823 1516
2806 3086 2398
4281 4766 673
4867 4921 2648
3232 4545 867
2568 2856 1425
4750 4988 4486
3886 4175 3236
3944 3974 2462
4815 4906 4542
1974 3480 4519
2694 4877 1786
2646 3203 1329
2918 4736 4431
2264 3081 4389
4338 4575 1323
1611 4852 108
207 2393 4032
108 561 1666
3299 4382 655
46 2019 4951
2116 4485 3037
3665 3843 467
1862 3718 3213
1608 3960 4404
4539 4549 2852
4752 4897 2819
3355 4856 3437
4982 4982 4121
520 4655 4500
36 4024 982
2367 4315 751
4848 4994 7
3800 4518 2904
4974 4988 1806
182 3459 2137
170 1213 2560
2458 3099 4069
419 3378 3498
3053 4910 3801
892 3999 2902
3646 4483 3995
2335 3768 4634
4571 4699 861
912 3068 3381
3631 4545 2694
1156 3922 1359
1304 2947 2646
916 1198 4284
66 1297 2340
1261 1710 4466
1258 2339 102
984 2593 3360
3342 3905 313
3612 4595 2797
2896 4377 1398
3159 4561 640
2987 4688 4663
4861 4961 290
4817 4847 1371
1415 4596 2562
3020 4028 816
126 3605 3227
980 2840 3173
2631 3172 2844
1435 2212 164
4400 4510 506
1210 3438 1866
2492 4106 3551
4241 4332 3567
4543 4982 4483
65 4620 554
3356 3747 3721
1121 1271 3210
1462 1577 3148
4780 4947 604
1883 4303 2090
179 4490 2101
479 4033 1726
4181 4432 1831
3010 4761 2662
163 3094 1351
3569 4541 1995
2851 3667 1373
4042 4736 3430
3289 3508 2971
2589 3729 4865
4663 4908 81
1819 4298 4555
3751 4136 114
4575 4874 2036
3141 3952 1578
816 1814 2917
4787 4890 501
533 4568 3051
3739 4388 1593
2441 2751 4369
2973 4936 1404
2636 3669 4665
348 4416 1507
1163 2372 3436
2762 3935 2086
2617 3008 4652
2969 4305 2784
1265 1544 1938
1072 2203 2398
794 4403 1217
2348 3665 1402
737 1584 405
64 712 3340
1176 1525 1680
4222 4401 3625
3282 3475 3185
1624 4869 2157
546 1471 431
3183 4978 716
1229 3833 993
1450 4946 2620
1359 3827 1994
21 686 125
621 4329 3995
4731 4736 220
3800 4882 162
2069 2222 3953
4700 4753 4531
402 4334 989
547 1449 3337
1647 2039 541
4388 4772 4017
2842 4926 1528
3292 4483 1703
2376 2578 4347
4203 4424 2024
4857 4894 4723
2435 4847 4191
3275 3490 2438
3976 4250 1446
3565 4400 705
547 4621 4239
3393 4569 1847
2977 3688 1891
4297 4365 3319
323 1381 3211
1259 4631 4598
758 1117 4323
1768 3132 4255
4265 4646 526
2181 2817 3743
3578 4081 4642
4307 4596 834
316 4448 1454
2656 2779 1026
3924 4028 3577
3130 4748 4005
3614 4517 1122
2793 3776 3566
1903 2584 7
1126 2580 161
4293 4477 4001
3401 3511 98
4696 4851 2539
1736 2892 2398
3050 3281 4939
1039 4336 3617
144 2934 3485
4832 4995 3958
4403 4602 1195
2260 4003 3316
2531 4081 4669
4415 4903 2546
1013 3664 1201
3366 4155 2652
3928 4912 4537
1561 3981 2496
2173 2865 4213
4585 4971 4813
4540 4603 1003
3839 4191 1215
4543 4741 3828
4739 4755 668
2880 4455 3519
4391 4606 1790
4337 4901 4583
2341 4703 3587
2011 4904 2415
4305 4647 1227
1982 2330 281
2621 3414 3922
2705 4778 2574
2110 4798 735
4582 4764 1010
896 1913 1748
3693 4252 4411
268 1792 1935
3850 3976 1121
2094 2663 2234
4111 4539 1702
2374 4021 3870
4901 4947 788
329 428 1303
4214 4511 4107
2499 4957 4756
1164 3690 2531
3055 4523 4543
2825 4485 448
4309 4940 4243
1397 2950 3999
1444 3161 278
2549 4766 316
2941 4530 2963
4886 4986 3072
4916 4994 1655
3026 3454 2862
4299 4754 4509
1319 4860 4798
573 1107 4480
315 498 3344
4471 4837 2185
4431 4805 4982
2093 3990 3077
2043 2191 1132
4809 4925 4327
4307 4789 3716
4068 4446 4772
785 4461 3057
4161 4395 832
4041 4042 4289
167 4553 1951
2782 4280 2687
3774 3996 2204
4309 4560 1920
2804 4588 1335
4679 4696 3395
1241 4008 3836
4024 4889 775
2740 4519 1267
3958 4877 4119
465 2875 2532
3471 4504 4266
1376 4687 2556
4579 4988 476
1581 2937 1495
4166 4496 1226
608 2599 3401
4924 4942 1171
3657 3881 2927
4138 4252 1112
31 2045 2322
2768 2910 2899
3433 3798 4978
3764 4568 2742
3995 4872 1827
2131 2529 841
4181 4326 4787
1203 4010 603
1314 3082 1342
2344 3637 4575
2299 4263 2058
3395 4602 286
1112 2654 3104
2756 2854 33
3954 4425 4509
3635 4309 3917
4457 4471 4450
1902 2922 4507
2964 4614 371
624 2546 6
3866 4298 2470
910 1089 2602
3582 4939 478
200 3352 4698
1471 2196 1027
2725 4205 220
3134 4508 3946
2291 4710 1041
2806 4260 4497
1194 3494 2908
369 3528 1850
4097 4678 4586
1246 2830 2086
4963 4964 1042
4740 4756 3686
4706 4960 1281
4575 4736 4349
690 4450 2584
2030 3679 1621
4921 4946 628
4187 4512 2699
4817 4859 1301
1045 1104 4414
2754 4963 3717
3864 4214 4220
408 4062 221
3028 4018 2436
1499 2001 1660
3534 3939 1598
2398 3513 368
242 2531 729
38 1607 3551
4348 4394 760
4891 4948 2749
3918 4031 3687
3428 4617 1639
1354 1858 4523
3176 4295 4641
3237 3400 1963
4963 4979 3079
227 2147 624
3833 4553 946
4433 4521 2614
1186 2903 2713
2240 4060 3919
3947 4770 193
3879 4944 1295
1334 1722 1091
4408 4481 2705
120 713 1784
4780 4932 4066
950 3780 4815
866 3441 3385
4391 4491 225
363 2314 404
3694 4610 4553
1401 3145 2526
4316 4417 4459
2102 3080 1085
268 2801 1524
3483 3762 3908
2244 4346 3327
4435 4477 217
2426 3583 2612
2630 4718 3037
2167 2876 2537
2637 2685 297
2829 3387 1337
4639 4687 1563
3717 3851 3654
1847 2167 1124
4070 4225 2506
1971 4295 543
1511 4088 2239
2443 3636 3000
3356 3542 3385
3050 3170 1408
1835 2526 210
4421 4996 4206
1907 2099 4613
4792 4843 375
1781 4189 1360
3459 3512 217
722 1745 2079
3810 4131 4164
3688 4587 3744
1857 4675 636
670 4199 715
3966 4256 2542
3275 4280 3419
4863 4901 162
381 1265 1164
1161 1436 598
3961 4667 2490
2213 2523 121
4490 4814 1168
2128 3479 4215
2762 3637 3358
739 2034 2680
2740 4626 3371
1433 4711 864
2160 2625 2362
2314 2517 665
730 4065 2970
2386 4278 416
324 531 475
1648 3093 4951
3432 4218 4234
1491 2823 3892
2571 3328 2490
3026 3334 1963
3426 4003 1842
4544 4600 1281
2401 3148 172
1449 4982 2876
4108 4603 3923
4822 4974 1233
3183 3255 3772
3912 4816 1466
3501 4000 4152
4239 4760 4627
1509 1831 184
3444 4978 3
1543 2961 3921
2343 3759 1856
336 3970 4487
2383 4328 3749
2583 3101 1917
4721 4978 4277
4786 4881 1150
3158 3708 3257
401 4638 3651
440 4432 1930
1650 1706 521
3034 4364 1652
1453 4885 4556
1688 4464 4749
2408 4767 3596
1870 3026 3839
886 3211 375
4892 4978 1900
2532 2683 3364
4459 4838 457
51 2344 3085
1911 4989 33
3589 4248 3958
4081 4547 4870
4832 4972 4651
297 3017 614
4649 4748 1902
812 1173 3085
3491 4082 958
4939 4977 4479
396 4125 3463
606 3933 261
422 4482 4595
2976 4387 652
687 3378 2143
2838 4011 3984
4503 4687 2850
2094 3739 4526
4185 4254 416
417 4686 2613
3300 4910 1343
56 917 3245
3288 3868 1273
957 3466 2801
2542 3959 373
1258 1307 4060
3700 3751 3384
3044 3832 175
4230 4366 4718
477 3892 3754
4922 4950 1551
4217 4525 806
4023 4120 2187
3294 4748 3190
517 4096 2960
3018 4060 2803
2074 4810 3603
4159 4846 227
3330 4155 4313
89 3636 1989
2196 2377 1704
4895 4913 1728
395 1951 1763
2850 3435 3430
501 3441 2236
4489 4763 821
624 1007 2084
852 4483 4683
4913 4939 4214
1739 3620 1117
3006 4113 3505
1071 1248 4950
1793 4424 1907
116 493 1474
1534 1789 477
2636 4709 1885
3065 4571 3020
400 586 3690
3464 4475 1884
4809 4846 4463
2337 3144 4646
1749 3055 113
167 4314 3106
486 4981 4583
1782 3444 2250
4710 4818 98
581 4776 1054
691 2518 1148
3258 4393 3526
2657 2949 3436
1860 4369 1720
1117 1404 3902
1476 4239 219
3592 3851 543
530 3700 2414
3431 3974 3549
4285 4425 3061
369 3656 3252
3054 4294 149
4696 4997 4745
3841 4855 1539
3855 4302 2071
2115 3749 2712
4585 4992 1978
3422 4868 3665
3666 4047 3270
216 4085 767
492 1564 4115
119 2728 4804
4734 4864 1495
4714 4970 1274
470 2871 2207
80 4277 2885
4477 4620 2893
1853 3921 652
3891 4942 3810
1349 2397 4057
113 322 2906
4185 4835 4678
4573 4955 2582
2836 3337 2867
985 2940 2600
2211 3942 3349
4101 4592 1161
3928 4904 3158
447 3545 4660
1959 4557 316
4204 4467 2445
1283 4576 231
1059 1206 1547
933 3661 1767
3919 4136 297
1326 4914 2051
1700 3137 525
1079 3054 2809
2040 3760 1185
4875 4984 444
717 1717 1457
3853 4893 4934
4542 4983 3873
793 4970 4997
4131 4261 176
4500 4943 2197
4739 4960 2682
280 1501 2404
2998 4173 414
3862 4762 3950
513 1320 4824
1603 4148 3278
4298 4876 4909
3998 4022 1251
1515 4497 2833
4431 4540 3919
4456 4803 3647
2427 2578 245
314 999 740
240 3005 1365
3368 4826 1389
242 4686 3268
3647 4186 673
1797 4840 3957
4014 4861 4620
2979 3459 2197
753 2708 2501
3990 4407 1113
3365 3978 4244
2261 3495 2628
1624 3649 774
3318 4515 1916
2132 3472 1298
1149 3497 2135
544 1830 273
3503 4339 2348
797 1573 1602
2959 3819 2107
2234 4295 1721
2394 3069 2325
825 3419 4503
2200 3440 1220
4805 4905 244
2192 2786 4271
2193 3438 987
3910 4127 123
3010 3185 2302
3555 4526 4995
329 3727 1054
4187 4978 538
695 3904 745
2134 2225 2496
3418 3988 1351
4326 4624 1809
4334 4531 4621
4680 4935 4431
1398 2656 552
3245 3415 3886
322 4560 4264
4384 4930 3859
442 2434 251
1513 2784 4905
2751 3309 991
1663 3547 4925
1119 1492 1787
2089 2630 4321
4736 4845 2735
3480 3655 1283
2409 4100 2520
3734 3905 1532
2848 4240 2029
43 547 3328
3449 3655 1585
4202 4653 2787
3923 4710 314
2478 3651 3670
4739 4825 99
4732 4879 4152
1287 2286 3398
4375 4791 4187
3475 3496 3864
1222 2066 2033
699 3721 4458
335 2310 3833
288 1844 64
1442 3086 4634
2315 4208 4420
701 2149 2445
1808 4593 2065
4419 4727 540
2962 3740 3216
4655 4812 4530
4246 4373 3770
4816 4872 47
3388 4590 2102
685 4618 3254
1405 3205 380
2048 3022 3193
639 3227 2879
4791 4804 3730
3897 4650 1438
3756 4595 4761
4173 4882 3716
2734 4718 3871
2025 4845 912
1986 4050 4672
1114 2417 2325
1368 4635 2206
4867 4966 2482
1497 2621 1444
2061 2633 415
2804 3371 4129
3584 4589 4140
2074 4365 632
2644 4192 4774
4404 4498 4542
1183 4996 2207
4142 4324 4943
556 3653 2659
1418 2051 2692
1174 2929 2024
4557 4788 4390
835 4319 4377
346 2847 3724
1014 1414 3212
3843 4464 3827
835 1953 4608
3939 4814 4770
309 2138 2725
4562 4720 2320
4355 4845 111
522 2726 2995
477 2979 1862
2391 3928 430
3802 4692 917
3840 4118 4028
1003 4151 198
4798 4927 3190
3419 3819 821
1097 2063 2514
4702 4976 1084
4683 4692 4323
3661 4684 71
4429 4678 3541
4134 4415 2208
4657 4887 3297
1445 4014 591
4608 4699 2571
3836 3962 3747
4821 4997 1987
1555 3936 4801
2881 3067 616
3155 3781 506
2277 4626 2038
4223 4496 3562
2150 2879 4244
1356 3683 2437
1553 2374 3261
4195 4278 2899
3524 3973 2541
292 2615 1810
3509 4919 3677
4350 4463 3642
1974 3075 1925
2697 3465 2584
4676 4787 2838
1937 2195 4659
1575 1808 1496
572 1186 3355
4443 4641 2381
4985 4990 3683
3555 4879 1548
484 775 2244
3525 4009 3027
1273 1969 1498
251 470 4427
1928 3826 1571
3860 4101 762
570 1426 906
3223 4920 1692
4525 4949 20
4863 4924 861
3184 4598 4810
4182 4692 1867
1740 2727 4499
3273 4136 2357
1744 2130 2103
3796 4144 1432
4574 4932 914
731 1537 2928
423 2131 961
4486 4801 4432
1377 4191 1048
908 2950 2801
3568 4696 4082
4248 4301 30
3237 4974 3516
3559 4880 1536
706 1396 1021
299 2224 299
2610 4606 1861
1675 3070 4280
4516 4871 4238
3783 4208 837
725 2237 4808
4187 4293 2744
271 4910 2770
2273 3391 4582
207 960 3759
2700 4344 2271
3851 4129 2129
4783 4885 2079
1115 2157 700
3193 4007 4496
4866 4970 3552
929 1163 1487
3653 4985 494
2535 3579 3946
2260 4110 4595
3328 3632 3006
1251 4806 1920
3601 3691 3746
3046 4710 3512
2285 3811 1710
4796 4853 1814
4292 4842 2094
1966 2169 2300
4799 4845 1326
1252 4188 3579
1594 3806 2829
1561 3563 2891
2362 4033 2219
1960 4260 227
4179 4746 3536
1905 2680 4866
3890 4202 1431
2709 4302 2019
2430 4981 1194
3124 3690 2211
809 1343 756
1337 3727 1210
2435 3222 760
3076 3884 4600
300 2589 2502
4734 4916 774
909 2171 279
3848 4162 1636
2181 4911 452
1161 3918 1420
375 4024 4869
4040 4894 2001
3207 4712 1893
3187 4032 3080
3164 4062 2765
3373 4805 807
4648 4964 1803
901 1564 2356
4901 4997 4420
1160 4353 1911
1195 4475 3506
2655 2744 4727
16 299 1034
3322 3492 1435
3008 4150 3936
4615 4637 3711
4829 4835 1935
4111 4761 3505
633 3329 944
2988 4288 69
882 4831 4878
4483 4644 4114
3610 4098 1443
1785 2788 2838
162 1311 1392
2060 4545 275
2900 3300 3443
2524 3144 193
3863 4175 718
4521 4548 3652
3434 3920 419
2151 4451 1680
2937 4505 755
4255 4956 1730
4707 4940 2777
4049 4925 2672
3535 4508 1957
1731 3854 2589
3319 4761 2155
4556 4614 1050
1418 3708 755
3341 3755 4593
1285 4862 2389
3633 4029 2483
4003 4083 1002
2146 2511 4609
4743 4961 2247
1744 3244 4478
4314 4963 1184
3329 4992 3696
1082 1429 1095
3428 3636 3776
561 4400 1646
3474 4701 2587
2781 3626 2004
1203 1629 3699
3422 4974 44
4594 4678 4682
2449 3187 1268
474 2673 716
969 2860 779
2104 3185 2524
820 4393 2125
4529 4815 798
2558 4046 280
2489 4381 1622
2553 3735 3762
1239 1294 4650
1836 4222 2812
3890 3969 1700
1823 3430 3761
1391 4696 2747
3315 3878 4884
15 974 1057
1900 4499 4855
3770 4379 4211
269 1120 2408
3260 3619 2871
231 955 4413
3312 4188 3588
1125 3326 4047
661 1386 2434
788 4603 4046
1206 3726 2967
4153 4615 2593
3757 3861 1345
4929 4934 2163
1966 3176 3807
3082 3715 1661
3886 4998 1873
4944 4948 1673
4798 4821 3646
1105 1338 2056
4277 4299 2777
2212 4711 1025
3860 3972 3086
2059 3561 2656
3236 4438 4612
4436 4703 1217
4458 4625 514
3858 4997 1197
1237 3973 3163
3206 3303 3551
3954 4477 4997
4747 4995 3412
1652 4670 3966
2188 4183 819
3358 3763 4725
3656 3961 112
213 2355 297
4148 4695 2910
2045 4346 3807
859 3075 2953
1399 4070 4939
927 2396 2473
2049 3478 4807
2829 3281 2510
3855 4526 3422
2307 4549 401
123 4876 4587
4735 4872 1156
988 3522 4034
1477 3877 1201
4386 4932 2181
3097 4033 3284
1349 4829 2708
3808 4934 4405
375 1728 2981
1792 4837 1149
4643 4789 494
4534 4970 3456
1870 3311 2339
2552 4460 2578
1235 3450 3494
4350 4413 2466
2650 3335 3733
2916 3271 4727
2526 4285 4707
4498 4515 4055
3059 3924 1770
3616 4957 4483
3482 4034 3708
453 2466 3789
4211 4345 388
3174 3638 3912
1985 4493 231
670 3419 4396
373 4838 1002
2012 3476 4122
3865 4591 4103
2604 3986 3277
476 4132 1494
1755 1885 4636
4220 4505 1286
3844 4599 4570
1989 4563 3752
674 4103 779
2904 4697 4676
4794 4831 2718
3894 4725 656
2259 3447 3969
1127 4024 2651
4296 4498 3085
1293 4416 4711
3602 3739 2130
2626 2678 3279
2584 4100 1842
2833 3403 1769
411 1362 4283
1008 3327 1334
1522 3194 1362
2147 3151 3900
901 3286 4725
3791 4448 968
2825 4185 4098
1374 2425 2537
4219 4970 1236
1168 3840 3259
959 2504 2855
3596 4077 4253
4425 4737 4932
1625 3616 1185
3391 4137 3836
3198 3220 3402
3644 3910 1156
155 2530 4122
3432 4978 4701
470 4397 4147
2020 3724 3556
2071 3837 4417
5 1090 4263
3240 3721 2223
2439 3586 4623
1399 4736 4961
4553 4721 520
477 3975 2225
3005 3061 89
3944 4215 3037
4691 4772 3365
1110 3844 3553
4245 4844 3438
4959 4965 225
3112 3884 4903
1296 4987 3361
3175 3231 1317
4045 4451 2170
2696 3476 3260
4935 4974 3780
724 4086 328
1285 3661 3464
1068 3944 113
4466 4670 3760
3505 4764 2412
356 4500 1613
1157 3122 4395
1246 1965 3923
2969 3352 3430
4089 4655 4418
4784 4846 3043
2095 4984 1112
3542 3830 1634
831 1985 2357
4935 4967 2872
2193 4025 3343
17 1858 2530
4653 4779 1366
2048 3718 1078
2616 4689 4895
4637 4950 3099
4813 4839 370
3631 3952 1614
2979 3836 3101
4937 4979 738
3557 4190 1599
2588 4979 821
1376 1759 3039
4960 4987 4316
3542 4644 2104
4311 4602 670
33 4366 2148
3530 4020 2921
231 4664 2325
3889 4787 866
835 1059 4275
3285 4561 557
4943 4994 4540
4746 4811 4428
3768 4040 2591
231 411 2017
4684 4853 3922
2416 4519 4320
4797 4912 2829
2587 3523 2153
4880 4978 828
2469 3015 4193
1219 3206 1344
136 2120 3690
444 2076 388
3528 3996 351
4980 4992 3178
3189 4081 4805
4831 4971 2410
561 3669 2598
4938 4938 2926
1554 3749 4661
3044 3084 2961
3869 4587 1173
4858 4888 2980
1907 3979 4871
3164 4143 128
4463 4782 4107
989 1406 871
982 3449 1780
1565 3243 4536
3166 3638 1399
2281 2743 467
910 3529 1587
1504 3994 718
2082 4815 4106
4478 4910 951
1728 4766 1377
4311 4957 4688
2967 4225 1384
3568 3801 2623
4971 4981 329
2401 2544 2106
1011 1901 932
3082 3849 967
1397 2777 3358
3776 4136 919
4996 4997 1278
2792 3700 4771
1539 3779 1525
2385 2557 1620
612 963 2016
1590 2399 3856
553 3034 3585
4557 4875 24
53 4926 271
2973 4216 4513
1410 3947 3568
3213 4132 347
2964 3334 2759
2817 2958 1300
183 747 733
811 1014 491
4818 4861 252
2782 3642 3107
3107 4725 4831
3900 4239 558
1971 4687 4019
1508 3030 93
2789 2966 226
3124 3600 3384
3575 4807 4843
146 4727 3984
4460 4947 3015
889 3713 2926
901 4566 1604
4711 4961 1119
4898 4969 4522
2701 4869 472
4302 4446 3494
4887 4921 2895
116 3961 978
2250 2403 1574
816 2604 506
281 2368 408
822 2914 143
1135 4898 1629
2463 2588 127
3444 3874 3371
1201 3653 361
3013 3677 1770
3735 4602 1794
2309 4728 664
3026 4400 4572
53 4183 4989
3530 4917 4402
3922 4682 3397
537 3815 2148
369 992 2662
3420 3861 1834
4661 4969 824
3290 4618 4627
56 4832 1956
3714 4292 3668
3248 4590 4903
1354 1692 1663
3886 4437 1395
4620 5000 406
1868 3373 4075
3237 3735 466
1247 3786 362
1635 2884 4463
1495 4871 1386
3091 3921 2000
3153 3956 1158
3828 4066 3346
735 3792 2622
2758 3498 1983
2677 4880 1253
1797 4702 4440
467 2248 2275
121 2874 2933
3250 4437 4693
355 3376 564
1613 2076 136
689 1781 2599
4881 4997 1701
4241 4501 1291
1468 1812 1553
3013 4539 4501
4587 4848 1170
2206 2994 260
950 4055 3834
250 443 4520
3026 3553 1778
3958 4279 1405
2210 3411 3184
901 1940 1099
4916 4968 4725
3332 4025 3276
3264 4459 1632
4043 4076 4391
1770 3762 3037
1163 3453 2390
4134 4374 3146
4253 4299 3941
4482 4608 2634
3969 4455 2640
4257 4952 2782
162 557 4046
3465 3989 2913
3429 4422 719
408 2687 4095
3836 4299 341
4291 4831 1978
977 3883 2659
3460 4272 1342
4732 4780 3599
3367 3782 1893
29 371 1524
4365 4783 4852
1264 2761 3332
2697 3684 3329
3553 3965 4041
3618 3817 4784
251 1425 3530
2432 3942 2354
928 3534 821
3583 4935 1443
4174 4332 480
161 288 2230
674 1765 450
3490 4318 2283
1265 2823 469
2176 3681 2792
3036 3593 4554
2619 4371 2653
781 1815 2102
2024 4421 2442
4450 4760 1471
596 2033 831
3768 4675 422
3748 3983 4274
3622 3956 3494
2092 2776 4627
4892 4922 1905
2099 4182 669
3443 3677 414
3046 4632 2433
3403 3571 1643
2239 4129 74
4166 4615 3339
292 4436 2893
1286 2953 1590
2956 3224 3077
202 2905 4558
846 2159 3048
3949 4530 2657
1715 2015 145
3759 3792 4173
4556 4577 4524
2892 3838 3352
3804 4898 2648
332 1896 3393
4849 4991 16
3076 4589 2151
3524 4209 2985
1678 2814 3626
540 3286 221
1789 3129 2127
3185 3500 1854
3353 4585 2644
3997 4078 4426
2121 4091 3337
1687 4368 2273
3441 4336 4493
472 2052 689
4463 4827 2074
3085 3849 4895
4447 4655 2876
435 435 2453
1289 2872 2600
2018 3144 213
4588 4910 323
802 3229 1771
1108 1511 940
1935 3652 1036
1510 4779 3131
848 4892 3256
698 3607 4905
352 4889 2314
1127 2712 75
2493 4436 4171
3854 4803 3781
1871 3215 3738
591 1327 769
186 4518 4863
2113 4385 1656
814 3601 2088
587 4537 3308
1125 1684 3638
3454 4511 2118
3894 4217 1755
1169 1336 3199
3985 4430 642
2538 3523 2524
1527 3762 2916
1661 3480 2718
1324 1821 1185
2383 4942 4004
187 3378 559
2474 4080 245
1060 1809 1594
2182 4830 3319
2650 3045 2853
4043 4189 4518
421 3542 1060
4202 4562 1223
3993 4150 2061
200 2787 1138
2095 3792 2751
629 1974 2527
4303 4440 2238
3053 4208 3558
2778 4195 1864
4770 4983 5
1204 1240 3209
3781 4952 682
3470 3852 4994
1382 2472 865
1375 2795 2500
4374 4810 1112
3602 3718 1287
274 2214 306
268 1810 215
333 3131 4680
3695 4602 2024
4183 4268 2113
3281 4538 4194
399 1737 296
397 2153 2067
236 1502 2289
3605 4241 1718
4900 4910 3350
1598 4748 3837
4341 4585 3438
2071 3167 4714
3313 4772 3810
2393 2520 4796
4272 4938 2344
3884 4765 3400
1983 3637 4064
3708 4123 2353
3606 3783 3497
604 3463 1162
3623 4108 4555
1650 3712 4289
3617 4127 1854
2196 3534 2476
4079 4247 220
452 1154 4846
2344 2449 3967
484 2769 1137
1318 2516 2385
1458 4260 4119
13 182 1875
3894 4678 2456
1027 2929 2727
998 4080 3217
384 2632 414
2004 3623 3133
478 3581 4529
1492 2492 4519
3149 4203 469
2652 3079 184
4614 4889 4497
1266 2952 2213
2100 2903 842
3784 4046 595
4929 4993 3916
4558 4934 867
2734 4475 1379
1532 1756 865
480 2719 632
881 2157 1344
541 1341 3054
1935 3863 4872
4445 4513 3999
2066 3852 4353
2498 3789 890
2559 4950 4689
1321 4479 3627
200 995 1996
327 3724 430
3567 4839 1502
3596 4832 4201
586 1732 510
1434 4657 3304
323 3597 561
1303 3827 1015
2396 2916 1033
3955 4935 1670
754 4418 4672
4408 4953 3697
802 3646 4113
302 1445 2288
1348 4979 481
320 4913 662
3099 4426 1634
770 1779 1429
562 926 3301
3599 4180 564
4465 4844 4036
309 2655 1596
2323 3801 16
4015 4051 3833
4239 4752 197
1346 4022 1443
4980 4998 827
4811 4930 3676
4506 4927 891
227 4482 3725
3966 4090 2263
3912 4751 3895
951 3240 1639
4620 4715 4301
3960 4153 3438
4725 4969 3586
465 2188 4011
352 861 607
1270 1777 1356
1391 4435 2581
3457 3636 4549
3531 4932 172
605 706 585
3793 4878 4087
4379 4586 607
3551 4188 4425
3148 4959 2011
294 1019 1460
2667 3810 311
3243 4028 400
1800 4497 1561
2666 2860 2906
4325 4745 832
1790 3661 2709
2271 3195 863
4478 4978 1949
43 2722 2274
3712 4090 3457
2266 3068 158
79 2829 1998
3144 3763 4659
302 1970 4762
3374 3660 1272
2932 4686 2283
1922 2684 2660
765 915 335
2893 4011 3164
4405 4652 4372
4708 4723 2235
2023 2826 3235
2891 3503 2734
2105 3222 3810
1671 2555 2400
4090 4217 4194
4095 4903 3766
1289 2307 3041
3424 4541 3569
3953 4273 1331
2246 2627 4366
3868 4496 4710
11 3916 2385
2566 4021 1485
2708 3037 4283
3217 4899 1793
2353 2754 3720
4179 4905 3536
1483 2484 165
3033 3643 713
1961 2719 2035
1103 3229 3988
1851 2408 4569
2495 4563 3208
4477 4595 1130
2204 4898 4130
3430 4733 3590
3193 3962 4734
4463 4671 4284
563 637 1297
2143 3619 1076
4403 4511 2234
1081 4886 3547
1558 2747 2983
3629 3990 4734
4645 4843 662
4871 4989 3386
3206 3278 4479
2296 2857 799
2215 2783 2669
2113 3202 3417
4861 4865 2208
2584 3775 3764
2704 4859 2614
2276 3818 1217
1487 3335 1438
2176 3499 517
1745 3757 1863
960 2899 4092
836 1540 3665
3413 4223 555
3608 4879 538
3395 3463 4235
612 3934 2366
3303 4311 1338
931 3172 85
1985 4441 3612
411 4310 4292
4330 4588 2362
4309 4803 1787
4605 4836 3701
3660 3703 1801
4106 4850 1763
2325 3041 3119
542 1796 3163
3831 4609 4945
1013 1988 1957
2905 4504 2559
1280 3368 4109
558 4396 2443
4908 4949 4977
3048 3095 2376
3532 3825 417
652 3745 4336
1266 1368 3597
4694 4905 3941
2522 4819 2588
4540 4592 3740
1743 3118 3443
2925 4511 2017
1176 4475 671
1862 4419 3482
66 2944 3193
1452 3278 1679
1539 4694 983
4007 4273 3977
4558 4596 1086
2848 3058 470
1336 1481 3226
4509 4880 3707
3465 4717 4340
3941 4437 1301
40 1236 3937
3180 4210 856
2075 4873 1439
3370 4409 3520
3794 4261 3494
924 4002 2611
1556 3816 1582
4723 4969 4875
3048 3756 502
4053 4983 2159
3383 3667 4839
1541 3924 3100
35 2931 3569
4232 4294 4001
3908 4397 3735
1314 2577 4828
3721 4803 2180
1271 2883 4068
725 3631 3830
4502 4720 3479
1835 4571 930
4497 4877 2956
2408 2725 2221
3297 4368 4170
760 1564 3438
2444 2547 3712
1587 4993 4078
521 4277 1748
1890 2501 612
2075 2387 2017
989 3475 3608
113 4076 1379
263 2632 2293
1392 3987 3890
801 2251 104
3842 4685 1445
1322 2393 2802
348 2272 1787
3734 3746 378
1322 4013 4468
4255 4813 2033
2399 4354 3567
2552 2773 596
4934 4951 3728
4 2739 9
464 2604 4539
4134 4935 2952
1958 4949 55
231 4117 3392
1757 2530 4170
562 4092 2504
1473 3660 464
4240 4428 4031
3063 3134 2000
756 1049 4629
2921 3407 387
796 3234 4684
2018 2864 4828
4347 4400 2467
1859 2891 4593
3653 3657 2812
2451 4488 1786
4485 4851 3631
3496 4613 4068
120 4873 1952
1108 2218 90
3994 4043 4162
4901 4955 1584
1884 2694 1114
3877 4828 1909
1088 3623 1807
2616 4237 4343
4845 4985 1341
2910 4192 1916
4710 4993 2638
2404 3425 2661
3482 4406 769
2329 2561 2135
4859 4966 1964
1821 4720 1656
4193 4258 1142
3341 4376 2141
2961 4613 170
1409 1979 872
4570 4952 1053
3178 4129 2402
3498 4717 1588
1833 4332 4211
1576 2894 3589
1748 3017 973
1503 2152 3809
415 2475 4074
4243 4340 1673
925 2967 1417
3538 3716 3502
3730 4472 3041
3941 4591 1695
4226 4968 4582
831 1749 4001
3426 3746 247
4729 4789 2817
2299 3170 1006
1067 4804 2330
1856 3407 2808
3680 4160 1307
4167 4288 33
495 3977 1487
1695 3667 978
3396 4997 1543
958 2999 764
1467 4373 4955
444 2265 1980
2470 4587 4406
3619 4446 4191
2263 3009 2120
4410 4533 2246
4309 4644 3817
256 1572 4109
930 3336 3733
2875 4232 4471
1687 4156 3908
3073 3561 371
3530 3962 4913
4880 4988 2072
2464 3521 2980
2756 3555 2437
4762 4951 895
4248 4365 189
357 3198 1912
955 4829 139
657 4280 1197
535 1066 4773
3042 4314 430
4952 4969 1179
935 3195 4433
2419 4655 96
3324 3371 496
2428 4668 4767
3896 4503 2496
158 4325 1103
4608 4733 4845
4438 4978 2992
4683 4957 4166
4084 4782 4141
2359 4997 1018
2578 4135 4771
786 1802 1947
3947 4840 3767
3729 3909 2875
4735 4805 1728
1629 4917 3962
3490 4763 2205
1200 3891 1840
2434 3119 1262
3054 3580 976
200 729 4681
3334 4448 4708
978 2292 704
3842 4632 1359
4189 4793 1492
4579 4905 3486
4346 4521 1923
4791 4850 795
3350 3530 261
2843 3137 1
549 1190 2744
2699 3183 4546
132 3264 2601
2792 3711 846
1097 1617 4507
590 2723 2194
2225 4534 2696
2299 3271 163
4778 4912 357
1435 3522 1494
2696 4635 836
1119 2299 598
2301 4393 3086
605 3092 3226
1464 1962 2683
874 3218 3597
232 3352 1934
962 4154 7
823 2889 1210
2388 3142 2319
4362 4908 3760
1958 2716 3391
3824 4581 4118
3040 4589 2425
2891 3159 2796
2263 2691 2886
4190 4433 2029
1784 3438 2071
4091 4596 1485
2883 2982 3355
1632 2050 4400
3846 4995 230
1363 3426 530
3110 4942 2972
1995 2504 3060
710 3696 3269
4380 4665 2513
3896 4743 4203
1421 4648 1984
4679 4706 2788
2726 3470 3659
3106 4753 1467
1731 3590 4620
1750 4149 3187
2781 3492 4062
3414 4937 2212
793 3661 4212
303 2397 547
3595 4821 1931
1891 2429 1629
3719 4422 2971
1327 2743 3069
3138 3478 1902
1406 3829 2310
2402 3083 3062
4314 4976 1891
2475 3348 665
797 4930 1238
3107 4531 2245
1814 4947 2209
4598 4958 3868
961 2490 4736
2215 4663 1501
2221 4947 801
828 4434 4988
4371 4419 236
3335 4602 4913
208 4659 4829
3922 4842 4063
4745 4926 2362
2917 3851 3622
2718 3052 3658
2739 4657 1881
3112 3563 4958
1507 2878 702
786 3570 380
189 4727 1619
918 4275 1929
1941 3512 587
1994 2535 496
2803 3606 2442
833 3431 3880
2498 2627 2659
2165 4417 3377
300 2182 189
562 3518 4024
772 3575 2006
4687 4980 582
193 2239 4856
3141 3303 409
1198 4802 2424
164 3920 2444
3139 3488 4013
2812 4553 356
1316 4450 4592
1804 4598 2672
683 4832 1217
3083 3824 2048
137 3939 246
2747 4213 3923
4152 4720 263
4432 4542 1535
934 3009 3386
2596 2690 2964
3955 4910 4376
2671 2891 4525
3718 4121 4609
1060 3558 3280
1265 3108 3520
4655 4664 1248
437 1694 3483
125 3779 3212
486 4856 1800
1173 3529 1584
4703 4844 2544
2534 4368 1111
2440 2763 1651
2558 3828 2617
3527 4130 3059
2544 2944 696
2858 3773 3724
3570 4907 638
140 3935 3206
1103 4469 1003
2344 3508 463
4951 4952 134
1022 2225 3818
755 4145 2347
4173 4628 401
836 2909 502
3690 3788 1144
4026 4885 3997
610 3761 2398
355 2320 2017
1953 4100 2533
816 3156 3896
2526 4500 2014
3227 3568 2176
3509 4366 2378
1244 2262 4110
3535 4184 4941
821 3610 4691
4088 4951 1361
1541 3551 65
3688 4720 3662
2736 4407 4096
705 4905 2394
4238 4385 1023
1578 4884 3309
3308 3315 2832
2768 2917 2211
1481 1741 3987
982 4718 799
4314 4670 2544
3329 4382 3696
3866 4415 1688
1091 4126 771
3806 4397 3801
296 2588 4734
1970 4026 2659
1279 2198 2498
1167 2639 2572
4347 4659 1598
1674 4325 1447
566 1430 4936
3867 4205 3044
4706 4890 967
1292 1776 4398
4536 4570 4670
2428 4400 3908
2554 3331 2441
4450 4540 3349
658 2539 133
4789 4834 178
2998 4307 174
141 1781 277
4173 4731 2288
2343 4936 701
857 4453 3073
2981 4926 4253
4825 4834 2787
660 2806 3316
1644 1750 505
313 2690 1412
46 723 3625
2569 2665 2766
2632 4097 4457
1521 3571 1529
2846 4931 2673
2422 4553 2693
4854 4933 4087
3866 4952 3208
2952 4050 4144
2201 3058 3965
937 1722 4897
4829 5000 2112
1990 2912 2787
4546 4550 3080
2268 3911 3437
4153 4539 743
4362 4907 1745
772 1887 4423
3395 4764 1497
3635 4454 4791
94 1573 4856
2067 3875 1523
4820 4840 4601
3712 4358 631
409 4793 4671
1651 2581 2522
3185 3407 1685
3244 4811 717
2973 4273 1100
2309 4143 1476
114 4696 4708
3479 4061 589
3239 4318 710
2124 4935 2709
3694 3890 2518
3666 4845 3154
1531 4774 4610
336 553 4432
3956 4426 2677
3617 4127 4368
4576 4985 4303
852 3876 2619
2652 3673 4164
3822 3969 1815
4835 4838 3871
687 1918 332
3480 4302 2874
4534 4869 2832
4607 4623 4335
616 4303 2333
3814 4108 4754
1213 1287 2454
3042 3066 3149
1367 3430 3354
3027 3845 609
4490 4745 1889
1777 2415 3281
2023 2499 3496
842 1388 1228
3250 4164 1841
2915 4946 88
998 2951 4335
4509 4622 1827
2565 4627 798
1833 3604 806
4619 4769 1159
4786 4989 3294
3540 3982 4776
3491 4230 1573
3532 3674 1846
958 4971 3725
4211 4520 1090
2188 4408 3474
1372 2753 1345
3655 4741 2580
3687 4564 3357
1799 1920 2491
3938 4669 3099
4005 4040 4955
827 2504 4357
1347 4780 697
3971 4528 99
1838 3078 4242
1715 2472 3353
1956 1986 585
1862 2960 3822
2269 4961 2916
3870 4161 1972
1094 3696 297
4542 4852 505
154 3183 1784
1865 3430 995
1725 3719 328
1164 1419 1114
3580 3932 4818
277 4227 3924
3374 4365 3006
839 4338 3664
2658 4351 948
3958 4774 3781
2211 3024 1955
3835 4688 257
3778 4702 4996
2775 3641 4584
442 1936 36
4119 4438 2517
2149 3211 1726
1010 3666 3556
446 1172 1362
1150 3227 1879
1306 3116 255
1252 4791 3706
47 3611 1598
712 2624 2125
3030 3614 687
497 4605 3770
2515 4903 2679
2647 3715 1608
3570 4551 3050
1148 3694 2945
780 3250 237
1470 2014 708
2695 3682 4537
785 3241 2645
1563 2665 4237
4842 4882 391
782 3427 512
4230 4313 2627
592 1284 176
2388 2560 3409
1951 2864 3319
1657 1837 1611
499 913 1701
3425 4333 3895
392 3338 3140
3123 4984 2853
4215 4586 3827
2654 3606 3332
321 2491 2426
1096 4737 2500
3218 4788 2367
3511 3988 106
2114 4296 2282
4585 4904 1660
450 4922 4311
12 3815 668
1885 4252 4479
914 3050 2467
3483 4767 402
3656 4253 3815
4626 4938 494
3835 4088 1476
2659 4184 2254
1139 4180 3687
2835 2953 865
1931 3504 1998
4600 4934 2123
2427 3130 3292
3363 3714 547
4541 4940 3235
3736 3953 3121
3200 4907 3522
4823 4981 15
450 2372 1499
3919 4564 1348
1107 3066 2451
191 1424 4553
507 2191 639
201 907 4322
352 3181 4990
2168 3337 2265
1276 2913 3383
1877 2820 1151
1884 3766 4374
1455 2828 3845
735 2556 479
3731 4893 3814
2684 3668 451
1298 3562 2225
2546 3608 4902
2416 3413 2881
3047 4427 4089
2399 4100 1316
2989 3733 332
4474 4942 3906
2614 4112 2392
3396 4330 799
3544 4444 3949
4295 4550 3499
1379 3538 285
4671 4872 4860
336 1176 4026
2388 3597 914
219 4352 4885
3027 3993 3683
115 2631 2595
4907 4947 917
2454 4561 4009
1771 4138 194
2165 3862 2683
3056 3697 4020
4759 4994 2647
240 1580 4222
4855 4997 2174
2671 4344 673
2064 3205 3189
4055 4298 1944
2563 4461 523
2324 2788 674
4909 4930 718
2665 2979 905
1230 3495 1347
1076 3286 4728
1175 1197 3904
3811 4315 2418
4200 4848 3902
4981 4987 699
3880 4347 4008
4956 4979 1150
2526 4810 4655
3760 4697 3055
1794 3508 1866
3497 4573 3946
2662 4775 592
1325 4507 472
3714 4286 4569
4328 4988 4251
410 2629 4944
3011 3347 1417
1196 4249 4071
4591 4867 557
4039 4798 4718
3722 4184 4782
119 752 2564
1338 3684 4717
2817 3372 86
3102 4273 2874
1317 4299 992
4890 4940 2092
1407 2414 3108
1870 2558 4123
1379 3636 4858
4073 4982 3532
893 2210 4713
4891 4983 3219
2212 2811 495
4675 4961 2951
4627 4715 1073
2264 2389 3586
2407 4572 2251
824 4715 4429
4090 4418 241
3273 4054 692
1261 3925 1169
3513 4260 651
2381 3746 2519
2547 2678 4910
4 1683 1117
2935 3504 3273
1464 2831 1499
3331 4692 3570
4742 4972 2253
2942 4651 2378
4431 4860 186
3211 4750 2427
2248 4833 1392
3040 3765 2455
3916 4610 2882
3056 4472 642
387 1004 1892
3821 4774 3871
422 1019 3453
580 642 4718
1936 3077 285
4916 4999 2417
1382 3377 4699
4253 4932 890
3594 4572 597
242 1752 175
4852 4949 2368
350 3346 2220
298 4812 2325
1168 2663 842
2206 3366 821
3764 4213 2706
2481 3675 4447
1629 4514 1783
276 2360 2113
2672 4946 4111
3542 3610 2850
3725 4115 2204
3469 4006 2547
987 1395 560
3287 4741 2254
1817 2285 1890
3635 3702 173
4755 4846 3410
4218 4312 2758
843 4225 1576
91 3541 1042
3500 4020 1497
1957 4926 748
3298 3440 2148
17 4451 4852
3264 3283 4139
1332 2755 4798
1137 1159 1538
1212 4729 3845
2251 4402 1308
3269 4953 1939
2950 4734 4454
1163 2858 1551
4580 4788 3641
2137 3505 2601
2192 3031 1494
2691 4988 4218
3096 4349 978
3793 4536 4331
925 4909 4182
4012 4464 3194
3590 3595 2271
3044 3734 4597
3191 4271 1779
32 4273 2516
3371 4246 4327
4111 4974 1252
469 2414 3821
3621 3890 1276
82 1542 2702
1446 3606 2682
3032 3369 2688
4564 4646 4603
3957 4184 4685
1380 4351 1264
2041 4341 3937
4271 4719 3722
3373 4731 2181
138 2405 3624
1565 4443 1509
1604 3532 3583
921 3266 1493
4559 4961 1114
2631 3431 4436
64 3907 3147
1259 1613 435
4235 4735 841
1929 4505 4604
4431 4571 299
1027 1850 3507
2953 3779 2831
3479 3595 2837
2856 3811 4829
4527 4969 263
3632 4189 873
2922 3549 3018
1163 4201 3012
1405 1980 4910
4185 4766 3560
4355 4850 274
3014 4165 2546
2744 3137 2050
2560 3174 855
711 907 1266
2137 2678 421
1402 3436 3656
4242 4523 1392
2344 3983 1005
167 1212 3301
756 4011 1595
964 3508 2562
2364 3468 1796
514 1602 4063
1638 4397 4775
2088 3625 3128
3765 3991 1222
3369 4462 1253
3496 3683 4408
1006 3920 3407
1032 2900 2369
3555 4264 928
1407 4716 2323
3834 4549 2293
1651 4588 678
2170 4875 3987
2119 3733 4823
3849 4556 81
1461 3226 1208
4860 4986 1356
1256 3869 1753
2236 2956 1680
1034 3056 1422
3199 3367 1446
4915 4999 248
3353 3529 31
1811 2151 3095
2375 3320 4546
2440 4923 4433
116 2103 4259
992 3728 2694
4270 4624 3377
4973 4989 3024
4751 4979 1524
2574 4118 1914
1445 4406 418
3861 4966 3107
916 2205 2290
3303 3589 2408
1223 1616 4982
943 3397 222
4928 4980 1634
2423 4091 322
3797 4691 1713
2011 2234 4111
2674 4007 3118
3109 3222 4586
2258 4513 3577
4134 4346 1007
1627 3565 4771
3321 4143 3239
4090 4301 1653
2929 4692 986
142 1253 2250
295 3789 4311
520 4967 2972
4063 4868 4846
867 1059 812
990 1816 1988
3489 4514 2344
1768 2147 2865
4947 4989 2311
3266 3734 4764
4330 4896 4131
4773 4846 149
2284 3619 3053
1781 3121 3714
1967 4866 1756
4449 4869 1104
2473 2645 1807
4514 4567 4385
1815 4576 79
4139 4663 3474
2247 3007 443
2915 4329 2983
4843 4891 649
4016 4809 1775
3391 3997 2678
1542 2718 2561
2473 3959 822
3807 4664 4549
3309 3352 1586
3077 3643 2807
427 610 2321
1473 4079 4479
3818 4967 2450
4429 4945 4811
3039 4291 2211
900 4570 4241
4924 4956 4440
4314 4449 4185
2830 2925 2543
2269 2896 2533
992 3190 3080
2726 3108 4204
483 4427 3448
2521 4118 2308
250 2466 4200
2258 2432 2705
2653 2781 2262
2011 2279 1109
291 3301 30
3137 4990 125
2333 4114 2048
974 3984 2318
625 1598 1349
4199 4727 2679
2305 3606 4214
180 1833 4514
2078 2118 2407
2772 3150 613
1385 4907 1630
1122 3875 747
1925 4263 2055
1157 2875 2442
1587 2179 2164
3029 4677 4230
328 365 4732
3242 3852 2729
3231 3917 4413
2230 3661 1783
653 3187 1821
1525 2616 2601
512 3188 269
3920 4242 611
4631 4836 374
2821 4101 1797
2065 4008 2204
4669 4752 3192
1201 1234 2490
2609 4394 3796
592 4593 3480
4133 4231 3241
1199 2574 934
1259 4641 2351
3096 4080 3502
3006 4551 449
2937 4689 538
1312 1405 2638
1184 3817 2104
768 4589 3989
4776 4885 4179
2313 4874 2740
2815 4348 4027
3917 4014 2985
2763 4004 4790
1020 1320 977
1362 2335 3887
3297 3964 4816
1437 3274 3346
1075 2270 1907
1413 3176 3402
4341 4801 904
1768 3959 2973
489 493 3105
1171 3389 320
2846 3300 3025
1661 2152 4848
2047 2696 1179
4601 4901 2365
491 3887 1737
1384 4414 225
790 4485 1335
1600 2332 4806
3868 4318 4813
4554 4836 3138
3974 4522 867
1156 2220 11
4608 4996 4717
2076 2381 2551
118 2935 713
4777 4839 1478
1670 1709 2781
4010 4862 4527
3706 4913 691
1367 2968 2814
4890 4943 3034
3106 3847 3725
210 988 3477
2848 2888 4299
3067 3678 985
2857 3558 2809
4052 4260 4470
2007 4889 2758
4747 4879 2271
251 338 3247
3696 4681 3801
3026 3972 452
3415 3510 4152
2116 2963 2725
1186 1471 3277
3309 3624 4310
1550 4521 3596
2643 3931 174
1232 4542 4868
3373 3815 566
3698 4850 400
1716 1947 1974
4342 4558 3674
2618 2831 2960
3406 3586 2652
3093 3177 3754
1612 3736 4610
4240 4744 2538
2736 4292 2537
4507 4564 3545
4811 4984 2949
814 3143 3296
105 4761 1525
3360 4154 3344
4712 4946 4993
4873 4881 1681
2917 4588 4150
3641 4478 764
2715 4495 3331
2831 4269 1058
954 3237 1820
1560 4075 4751
1993 3523 607
2988 4297 3991
937 1306 1945
1113 4597 2832
3530 4599 4816
124 221 4632
4457 4612 4656
3445 4677 3187
4691 4933 102
2684 3863 3731
1797 3140 3097
3826 4832 140
2257 3795 2548
3696 3923 4476
195 420 3925
4439 4830 1940
3534 4601 920
3103 4699 2588
446 685 2664
4042 5000 2455
1404 4255 1292
4155 4493 3181
4750 4821 102
1192 4274 405
640 1824 968
869 4138 751
259 1438 2013
2604 3460 213
1067 3699 1722
4754 4913 2194
1785 4598 238
1621 4586 2673
1650 4308 1618
4738 4982 241
3911 4785 4397
1594 3193 3321
2360 4979 2091
2980 4579 2999
1841 4716 4738
4183 4297 2797
1211 4627 3488
4446 4603 834
338 1802 1709
2849 4713 1505
2245 4335 1341
3702 3760 1888
3995 4412 3101
2197 3144 4561
2542 2800 3037
3737 4609 2538
1771 4062 4493
1371 3701 575
2790 3382 967
908 2326 2173
4461 4938 2984
345 1629 4285
3537 3979 3528
3270 4679 2828
4190 4705 4213
487 3113 4342
4730 4789 4459
2837 4549 2335
3876 4142 2956
1821 3276 3100
1542 3034 1772
3039 4290 1454
2828 4823 1011
2164 4978 4300
3365 3705 1350
2372 3859 933
3647 4962 4816
2447 3880 969
4277 4786 2423
3246 3883 244
4558 4922 82
3278 4579 3853
4577 4596 1694
4906 4989 4889
1303 4158 1035
1151 1791 4627
3622 4639 1598
3892 4312 376
299 1764 1042
581 4566 2142
4729 4903 1810
3899 4051 4596
4350 4464 1160
3515 4850 814
4663 4812 1931
2379 2644 4581
479 4376 1747
1450 4010 232
3341 4677 4328
3803 4625 1420
4243 4316 3948
4048 4269 4581
3072 3267 2981
2205 4562 3159
4264 4731 908
4394 4589 3593
1058 2914 4111
2981 3287 4785
1858 2898 4733
1235 2265 604
563 4607 98
1016 1724 1889
3652 4887 152
4044 4056 3172
886 2193 4188
153 1961 4506
1779 2236 2385
2591 3266 1329
2693 3444 4382
3962 4668 1759
4427 4587 4114
4947 4999 2724
4808 4962 4446
421 2710 4445
3889 4397 780
2416 4665 2618
3578 4379 158
1196 2368 3572
1489 2664 986
1345 1463 1459
1455 3776 3336
1439 4751 3170
2319 4657 1642
2193 2530 4485
1946 4604 46
227 4365 2796
3004 3565 3247
2580 4679 250
537 4481 932
4025 4080 1757
4523 4997 728
822 4286 2396
2530 2547 3683
3411 4895 3742
214 3763 620
4023 4991 2316
1773 4884 834
4137 4853 1761
1263 1758 4222
3753 3879 76
884 2525 2031
2420 4544 2787
3706 4269 2161
226 4406 870
1164 3072 636
4266 4733 2322
3353 4742 395
3143 4236 1238
2871 4136 4113
4084 4475 1967
1482 3837 3455
3997 4247 1921
3558 4793 1808
2607 3933 4540
4826 4944 2397
2973 3423 1620
658 866 2519
462 3730 2016
3282 3446 55
4189 4831 4367
3422 4836 1193
3800 4870 1376
3101 3188 21
225 4624 142
1899 4736 2995
3978 4555 2184
2645 4279 3001
4594 4664 1005
2410 4655 712
2885 3561 678
4740 4865 1038
4300 4616 3132
400 2543 3394
3338 4051 2362
2238 3426 1859
679 2518 2077
238 903 1423
2283 4764 3421
4311 4627 4927
3417 4925 1630
860 4739 1857
348 1896 4397
2166 3951 755
2730 4406 2359
2430 4368 340
2511 3270 818
923 2506 4489
2274 4184 1005
3531 4610 2285
4523 4670 4335
1988 3672 2221
652 1524 228
1987 4975 1937
1836 3795 318
75 951 84
471 4942 4330
1163 4894 3506
587 1573 4876
2491 4957 1384
3191 4319 2881
4945 4993 1569
2898 3393 3511
2193 2700 4198
4355 4775 3767
3136 4511 1487
4263 4561 1673
3714 4715 3226
4488 4515 4646
4128 4629 1064
1074 3761 2197
1356 3857 1113
324 1852 514
378 1109 2882
737 804 276
380 2668 2358
3271 3616 4096
1664 2522 4110
4780 4871 631
125 265 2505
4555 4907 324
3011 4514 63
2017 4879 2241
4150 4844 4763
2711 4105 250
687 948 3128
2040 3156 2877
270 2878 4270
936 995 1405
274 3188 2353
4156 4385 2221
2597 4198 2253
409 2264 4993
2483 4641 4773
4766 4801 360
3473 4232 3039
148 4709 76
4847 4860 4302
3597 3776 4405
805 2912 3053
283 1332 2430
1964 2682 3905
1703 2566 3372
3431 4266 3269
617 2940 2643
1641 3246 2657
2460 2540 2409
3001 4504 4288
4154 4783 4415
2638 4993 3201
886 3442 558
3571 4530 777
777 1218 1789
1694 4206 4480
1541 3120 100
1526 1578 3906
2170 2713 106
1902 3370 1518
1850 3717 1206
2108 3371 2521
2327 4622 2099
1993 2987 1857
3422 3647 4965
1431 3017 2320
1905 4770 4737
1898 2778 4756
1590 4113 2915
530 2946 4145
3264 4800 3337
4989 4993 4684
1686 2780 1293
3656 4971 3386
2403 2621 3537
4696 4829 505
1541 3130 1680
1951 2828 10
3528 4489 1409
4253 4645 2957
218 4690 2221
3341 4472 9
4832 4870 4382
4491 4788 4081
2127 4859 1830
2013 2903 101
1806 4866 1892
327 2076 4910
4313 4628 4658
325 3553 3202
3385 3749 474
804 1727 1603
4318 4949 2798
2651 3465 638
2372 4475 1764
4963 4976 2069
3701 3779 1878
1879 3539 2293
2449 3350 2360
2893 3741 1166
4212 4256 4957
3925 3959 1792
925 4119 3579
2061 3211 2093
3891 4996 239
2282 3889 3139
2180 4827 4378
4412 4972 2230
884 4732 1467
2338 4818 3175
3782 3904 3971
4802 4813 3909
1223 4539 1273
2701 3475 1988
4158 4679 2712
40 1499 1079
1087 3238 2530
3112 3355 527
3606 4932 4898
4280 4939 2482
4422 4882 1931
3419 4962 4938
4286 4839 739
1661 2537 2485
4314 4670 1650
3307 4672 721
3094 4002 4269
2802 3790 2456
2754 3018 945
77 350 976
1344 1457 4727
134 1650 3259
3738 4650 1667
1936 2008 721
1013 1067 3083
178 408 1509
2287 4323 1411
1753 4726 3897
1329 2365 1165
2052 2987 791
1071 1660 924
1461 2282 3578
264 2786 3277
3856 4798 2400
3602 4688 2308
3828 4486 3155
3314 4632 1144
3222 3937 4545
2246 4497 4395
285 2940 3216
3129 3219 672
1048 4750 3139
3154 4532 1571
1254 1905 2946
1506 3679 2341
4071 4204 1715
1093 2351 846
480 723 285
3583 4691 1721
392 4547 4350
3947 4432 3697
1194 2709 1348
4690 4723 722
1345 2224 4606
2659 2725 358
1089 4614 224
3676 3965 795
3777 4792 4392
3301 3549 2686
1297 4705 1265
2700 2856 856
3702 4026 3108
2695 4097 3976
2699 3122 1005
137 2753 4667
2812 4397 1511
3273 4654 2151
2068 3255 3590
3674 4207 2101
2782 4319 2325
3291 4873 1076
4249 4440 4931
2073 2404 3533
3168 3557 1649
3357 4017 262
2301 3849 2575
2524 4151 727
2150 4749 1736
633 3317 4301
130 3571 3701
4705 4776 988
1810 2972 796
2786 3729 50
529 531 3006
1889 4668 4174
4049 4126 561
433 2222 2250
2442 4259 225
1798 2148 3246
4117 4803 768
132 1858 4952
2725 4925 1666
2142 4788 2502
4092 4133 1700
1588 2821 3666
4228 4998 718
1665 3663 3537
1675 3613 540
3051 4464 2493
4195 4273 3695
1473 4355 2531
2636 4910 2422
979 1911 1463
1540 2506 3919
4527 4571 4549
1733 4240 4911
3510 4933 3035
4415 4560 2656
4282 4738 963
2299 3394 574
1006 3353 2134
579 3135 1368
3313 3842 4107
1788 4617 3254
1508 1819 3563
4656 4772 3455
1309 4491 1235
2493 4333 1358
1118 3149 3354
968 1604 4125
2645 2996 4207
1335 2835 4065
3316 4621 982
627 4972 1598
1735 3700 3120
265 4073 3518
845 2948 4387
647 2742 1212
3984 4930 1846
3381 4053 4537
4168 4410 342
2825 3751 3167
1704 2444 2852
264 3024 2256
1458 4510 2083
2431 3326 2428
4611 4925 4343
2008 3393 3459
2172 4568 3967
12 4608 3970
2894 4805 2112
2740 4483 2745
1905 2756 1728
4486 4503 4742
1947 2427 3100
365 561 2102
3746 4358 2278
1651 3060 3974
3360 4588 591
1077 2006 2085
780 2165 2507
2713 4791 3754
2076 2577 52
3508 3549 324
3051 4330 42
3940 4640 2080
3257 3295 3181
1960 2318 3952
2408 3146 1791
4737 4891 1975
1773 2129 1376
1576 2344 579
3953 4031 2896
3908 4817 77
2744 4352 2322
2692 3570 2548
1928 2468 1504
1711 3730 455
4327 4809 1077
492 592 1173
2393 4554 1618
663 2609 4454
766 3795 3432
473 3484 3892
4819 4987 2494
1541 3031 4385
2058 3732 3538
1570 3611 4734
4395 4578 2557
794 2983 1341
2855 4995 2521
3488 3932 3362
2024 4376 3850
1300 3952 4905
4173 4730 4979
1778 4663 470
1700 4938 2748
384 1432 125
727 2118 877
1102 1971 1752
4949 4962 1696
2551 4093 256
1507 4886 3172
3529 4732 2126
3116 3933 2533
1870 3606 2472
3331 3612 2297
2065 3141 4094
1741 1811 4868
314 3763 4858
2052 4370 2513
3064 3542 3177
1363 4329 4841
1738 2067 3337
2539 4639 4483
2344 4411 1824
1823 3376 4430
3907 4231 4755
4667 4810 1535
2139 3256 2951
79 2368 3676
3485 3857 1426
101 2462 1481
7 283 3058
735 1958 3905
1499 3801 978
794 4704 2449
3981 4992 4738
2850 4354 4070
1566 2185 3790
2782 4397 2815
3866 4372 3494
3306 4141 3092
4964 4984 79
72 4971 929
3343 4682 1637
2200 2449 4861
1192 3754 92
1096 1857 4229
3471 4434 4502
3877 3929 1469
2604 3906 2428
312 4852 4892
3503 4744 358
3684 3966 1467
4228 4871 812
2166 2971 2311
145 3202 4461
1949 2654 2089
3798 3903 4812
1703 4343 3552
651 1326 4195
4253 4668 1066
4384 4558 1596
3015 4510 4836
3991 4659 2259
4423 4454 2796
1709 3621 1479
4992 4993 4209
4700 4988 1206
1464 1526 2242
3142 4599 4608
3255 4066 3987
2523 4067 3397
3867 4111 251
1950 2926 4666
2571 2687 3448
2210 4939 3455
3004 4734 102
4647 4719 3719
120 2961 2640
4847 4913 4353
3354 4622 2498
68 4600 4288
4081 4858 1120
3855 4519 889
1775 1965 2345
502 3835 615
4309 4718 2083
2265 4128 4550
3572 4703 3749
4360 4759 3274
2515 2905 1682
23 3398 2228
3333 3481 2755
2371 4419 1390
2671 3173 2262
3971 4671 363
2086 2096 4861
583 1104 4350
739 3297 679
206 4306 246
2427 2495 2525
2541 3530 4409
2519 3692 2181
3354 4742 1591
4199 4840 4569
758 1428 2787
3252 4167 1430
1461 2229 3136
2149 2466 1784
4813 4937 3320
48 2202 2768
3750 4340 1515
4172 4550 1374
104 1157 3819
4997 5000 3017
2936 3706 3882
3176 3325 1263
98 4510 4007
148 2483 1949
674 4396 619
2653 3194 2934
646 2645 2752
2320 4567 2472
530 653 2732
4798 4959 3216
1353 2605 1062
3934 4330 4719
718 1739 2217
3341 3471 348
3742 4254 4297
562 4843 2080
2697 4563 4010
4934 4999 4237
3712 4045 1195
2534 3618 1090
4685 4929 2064
1046 3927 657
470 3464 3128
595 3075 421
2473 4805 2347
2676 3164 3995
195 1063 4686
2982 3349 2532
35 3368 3918
1674 4002 877
547 3166 4826
350 1475 478
1106 1902 1517
819 3754 2480
3600 4942 3820
3158 4537 4359
2638 3949 4571
3203 3476 4125
1874 4307 4655
2761 3405 277
1377 1811 359
2731 2930 2753
3509 4389 2437
1022 3404 3956
1508 4996 739
2066 2255 4190
1535 4046 528
3116 4028 2806
1861 3924 81
1772 2294 1431
4286 4628 2377
1292 2187 3576
1271 1350 3288
635 1574 496
459 4618 451
4920 4941 2934
620 1370 3491
3993 4551 2226
4701 4944 2438
4477 4781 650
4229 4361 2329
3393 3552 3115
3749 4129 4464
4172 4284 3776
2131 4282 908
1555 2542 3796
3659 4953 3743
4615 4838 1160
1453 2715 3807
4226 4705 3414
3314 3473 2274
2060 3011 28
3770 4752 1637
1140 1298 903
3722 4559 2627
3993 4870 234
694 4682 1624
279 3417 2836
651 1203 3532
3725 3849 1702
4130 4582 4422
3314 3614 4070
3747 4863 942
208 3231 2238
3234 3816 4481
3298 3647 3932
1487 3235 451
3512 4408 4123
3638 4174 3797
1361 2576 619
4981 4990 2360
4737 4997 4532
221 2592 1
2355 3143 2342
2500 3463 3955
1124 3571 697
3068 4260 3595
345 3989 2584
3016 3195 1931
2473 3664 4473
225 2848 2339
849 2600 889
4480 4608 3756
1477 2196 3177
2626 3327 1016
4513 4691 297
2427 3301 4555
4115 4516 254
1901 2374 3068
4667 4685 4416
1439 3872 1947
3935 4457 2203
2950 4413 161
719 4808 1781
2523 4286 2921
706 3076 1722
2320 4986 3950
4668 4884 2346
920 1720 4223
3772 4414 848
2999 3595 1729
2020 4998 2689
3189 4969 2079
2017 3679 4374
4943 4952 711
1104 2803 4000
2509 2736 2690
3257 4540 2364
3656 4155 3214
3986 4583 3511
921 4550 563
4918 4966 1194
2791 2807 1854
2642 4822 4042
437 1100 1708
164 3760 4167
2235 3007 1584
1091 4829 4971
3162 4851 1911
3861 4884 2856
2339 3150 1035
2154 3051 4591
3862 3960 2149
248 2196 1292
3711 3756 38
1855 4629 2918
1598 3931 3406
1675 2442 4233
3108 3788 3789
178 1494 1693
2361 3664 4486
4570 4620 4993
1522 4496 4315
112 2895 2359
3521 4434 2508
1361 4427 648
2009 2827 4490
2798 2832 3606
2222 3478 3883
629 1530 3483
4658 4990 23
4414 4439 180
440 2828 170
4056 4250 4372
874 1436 176
1421 4941 2770
3357 4334 3806
3963 4110 776
1954 4718 1870
1348 2709 365
3137 3575 93
3025 3370 2751
1649 4836 1935
3355 3632 1242
1909 3151 1783
1833 4870 3891
2320 2914 829
84 4551 1837
4700 4871 2765
475 4778 524
3395 4148 2575
1033 4811 4747
4615 4765 3718
711 2475 4367
5000 5000 2770
3396 3467 11
1129 1377 795
3622 3863 806
1104 2994 2191
4060 4303 1463
4414 4945 330
4874 4893 2810
4736 4741 2336
2759 4268 2190
1606 2771 3358
1851 3785 4916
2128 2595 3548
1085 1493 1741
3571 3845 1037
787 4722 3202
1313 2577 1025
2610 4036 3029
2831 4569 363
1610 2246 1085
21 4602 4742
3897 4017 2303
4021 4538 1675
604 1739 2276
2922 4861 3133
4927 4977 4813
4294 4938 2881
1907 2820 1007
2923 3334 160
4158 4417 4177
2634 4353 3953
3776 4057 487
212 873 1735
366 3704 1462
4407 4635 198
2073 3373 2211
1960 3357 2349
3692 4405 4667
567 2350 4821
3981 4507 3787
420 3400 1354
3279 3837 1058
1706 4501 815
104 2225 3511
322 4683 901
3720 4313 2584
4366 4942 3119
2714 4355 4637
2266 2747 2419
3534 4143 2297
4925 4978 261
381 3209 3416
767 4673 483
2026 2844 4233
3839 4721 3823
2781 4756 46
917 1510 1771
2360 2418 4204
4620 4726 1144
1274 4512 4859
4731 4751 2176
3667 3787 3233
4230 4618 3174
2736 4127 4709
2694 3999 4972
167 3939 3688
1056 3845 3571
687 4952 3490
2064 4549 4232
898 2940 3752
3497 4938 851
2323 2836 3781
883 1290 1030
1904 3920 1227
2513 3297 743
3371 3932 4820
1372 2215 3754
2670 2706 2190
2918 4331 2146
7 2012 2661
3765 4504 1952
4024 4965 922
3477 3695 336
3288 3881 330
870 1544 2432
3175 3625 3427
3033 4871 203
2943 4709 4817
3499 4668 3730
810 2965 1532
4821 4864 1710
3822 4241 4015
2265 3888 3639
3968 4219 672
3976 4410 518
150 2472 708
4117 4326 1915
1416 1902 4032
2769 3548 3247
1297 3873 2292
1701 4572 4211
2268 2282 2578
889 4496 47
1690 4039 1943
545 918 867
777 4839 4822
729 3517 2505
634 3762 2902
1117 3669 3443
3350 3950 404
1302 2759 3248
2407 4748 2510
434 2092 3901
3806 4528 3139
2952 3718 3673
4535 4805 1159
3453 4970 1218
3193 3411 4103
359 1315 2140
1203 2445 2780
966 4929 3205
1621 4760 2918
4360 4499 2816
1021 3162 1707
2829 4228 728
435 3495 1347
4529 4906 4483
2380 4352 1312
1169 2117 3831
3927 4015 324
1408 2137 729
4322 4396 891
1790 2487 2473
1130 3481 4783
482 1067 3467
3516 3940 4209
3387 4869 2818
1395 4151 481
3990 4325 1069
609 988 4375
1390 3351 1537
3661 4843 963
392 803 3725
113 411 1736
4036 4081 627
4250 4590 3162
146 1563 2204
539 2894 3622
4423 4955 3056
4030 4427 4885
3233 4074 3534
449 667 1854
1480 2136 3893
539 4761 2561
987 4698 1817
1944 3478 2149
809 3043 564
4306 4482 1718
4041 4642 4961
4213 4378 4892
1471 3553 2087
4785 4900 3091
1456 3236 4479
3274 3993 4527
4280 4581 1334
3598 4753 4366
1517 3075 2757
4945 4983 3643
188 657 4421
944 2094 631
3879 4264 2612
1251 2617 2928
1099 4633 4248
519 3035 2714
2889 3891 1605
4071 4610 392
331 1405 1614
4667 4734 2568
3238 4661 351
2243 3420 1689
3415 3679 317
1060 4900 684
3724 4697 4238
3348 4357 1018
1001 1582 4873
1886 4578 1775
4734 4890 1556
1481 4507 354
281 4237 327
4035 4390 1228
2613 3824 3889
1850 3324 20
1422 4219 102
4016 4586 3974
884 2132 2304
1585 3879 102
487 2190 2505
2809 3714 1279
3165 4637 4193
2240 2804 2409
1285 3159 1290
4500 4563 2149
107 964 2884
3744 4056 2571
1975 4092 3784
3367 3483 2974
19 1111 4760
2211 2453 814
1219 3613 1621
3948 4993 1232
1164 2962 1144
4751 4960 530
539 1086 1756
191 4773 2850
1484 4941 4312
186 2752 1938
2287 2704 3602
2014 2851 4558
1741 4879 909
3020 4442 1440
4241 4866 3841
403 2800 3052
2092 4508 2764
492 1000 1105
2529 2739 1706
4757 4918 922
4186 4230 1469
1489 3658 4716
3600 3807 1051
1521 2314 3614
835 3890 91
2605 4070 3079
805 4633 1654
1265 1909 2644
625 2872 1925
3349 3801 2590
1767 2613 3610
4602 4728 3638
3814 4474 2875
4088 4750 1005
1818 4766 4530
3604 4134 4183
3401 4220 118
4063 4510 3281
1142 4252 883
399 4503 225
251 2545 4738
674 3024 4996
3575 4209 2749
901 2548 833
3877 4607 3511
1578 4088 2764
1619 1824 2949
1527 2872 1029
1544 2046 1075
2589 4402 4755
3178 4749 1918
3325 4040 2687
1559 4846 2266
2311 3328 2695
1814 2980 1452
811 2116 3491
2451 4876 3152
2032 4573 3851
627 3287 2976
2615 4115 3692
4757 4980 4528
3963 4657 799
1487 2821 1128
1578 3576 2774
1260 3021 1209
4226 4953 744
3678 4002 1441
4052 4242 3659
298 2421 418
4623 4648 1891
1952 2721 747
1015 1344 3394
1068 2011 1781
1201 3738 1361
3673 4203 1261
1511 4599 4116
3915 4780 2110
3063 4405 3435
952 3119 404
1086 2565 1048
3181 4290 4386
1242 4156 4092
787 3410 3882
3415 4341 2569
2142 3278 1275
3619 4462 2558
1184 2092 1844
853 4451 79
3585 4312 4319
1447 4214 1695
