5000 5000
222 4214 1855
877 2092 2271
4771 4945 1347
4318 4593 3768
275 1995 2593
3857 4875 4644
2399 4204 2171
1717 4048 3941
1208 1601 2280
1343 3188 3111
2580 2677 3343
1726 4235 312
4640 4661 2849
304 3509 3213
3788 4278 3023
2775 3592 4916
39 4665 3164
1279 3730 2997
491 3417 1146
2090 2240 2591
1640 4624 4710
1848 4144 518
4503 4587 4134
1439 4866 1081
3448 4288 622
2149 4869 224
462 4649 861
1799 2116 1742
2065 4011 1440
1472 4268 2525
4665 4959 2169
3400 4659 735
432 2977 3625
2483 2542 3648
52 2564 1438
2696 4199 4937
4200 4924 4100
3349 4137 1003
2740 4484 3833
4639 4776 3927
1204 2941 4334
1055 3442 3291
349 4654 4184
3552 4400 3015
3695 4671 2767
927 3417 1935
2484 3818 1951
1503 2275 2038
1525 3211 4846
4338 4500 217
2513 4443 3315
4677 4687 3007
4110 4752 4183
834 3799 881
1227 4292 2068
2043 2883 2923
1087 3176 456
3543 4973 1420
4670 4794 529
2666 3949 1719
2057 4601 990
2243 3987 3291
1410 1965 3354
3997 4929 1242
665 4753 3839
1833 3827 1448
4821 4930 804
3977 4328 2493
4317 4349 3201
1295 4961 4699
3007 4012 687
4523 4997 584
4763 4797 115
3671 4974 3945
4433 4622 360
4775 4826 415
4910 4974 1818
1711 4743 4283
4957 4981 2481
4214 4794 272
1670 3365 4380
25 1070 3045
2047 4437 4347
1751 1781 3342
41 2751 2019
3061 4518 2990
558 4608 2416
4552 4623 2522
1008 3282 934
1689 3585 3301
2279 2377 711
1054 3027 1620
3103 4096 1735
4298 4935 2234
415 4896 711
605 4042 2303
1396 3331 1502
609 3916 1931
2591 4453 111
689 1773 1402
1984 4625 3800
4703 4727 4038
2804 2837 4801
1133 2319 1367
3634 4785 902
2883 4161 881
3463 3529 566
2206 4421 1774
620 1391 2932
775 4188 893
553 3269 2657
662 4158 4538
2743 4913 1664
3185 4434 2337
670 734 833
935 2065 2458
3712 4230 1109
510 3478 4765
2130 4825 3164
446 3881 2540
1357 3957 1292
37 3466 2962
2134 3282 4513
4469 4696 46
742 1512 1382
3221 3222 653
2148 3926 3538
1845 4306 147
2893 4062 4682
3634 4880 2612
1360 3850 4473
2166 2331 4172
3949 4171 4650
3384 3483 2360
4175 4857 1176
265 2042 1932
1099 2135 2695
1074 3010 1815
4540 4565 3801
3661 4224 2092
1244 4763 490
3362 4783 776
3360 4191 2951
4909 4978 4156
3494 3745 4189
3384 4912 4919
1114 3106 170
548 1961 4040
4557 4739 3832
1814 4953 4262
2414 2936 668
2405 3934 4210
1302 3634 2056
2675 4183 1673
3346 4200 4033
4463 4655 2832
297 3504 3203
1916 2236 3928
4537 4811 2624
3030 3498 1853
4485 4661 2478
4980 4990 651
569 3466 791
3456 4373 353
3584 4131 2064
2093 2912 2868
2898 4890 2334
1979 3300 948
4975 4979 3730
2661 4042 1959
1977 4987 2598
1408 4188 4264
2593 4033 2941
737 1691 245
4980 4988 167
4511 4849 4412
881 4415 4425
454 3896 3806
2363 3499 746
3601 4909 4617
2108 2327 2468
3878 3990 3946
3720 4151 4589
4874 4899 1939
2542 2655 1113
2147 4117 4937
3835 4920 3739
1872 3045 4172
2605 4093 980
1025 1314 2731
3813 4358 4694
4341 4578 529
2945 4776 167
1081 4604 4507
2383 2995 1286
4536 4666 2065
1354 3065 1794
3510 4248 3608
3805 4498 3713
1844 4567 3361
386 1333 169
3457 4596 3717
3287 4233 4587
10 962 3865
4029 4793 2818
3182 3507 2308
4632 4967 4104
2596 4576 4021
3035 4999 158
306 2771 1458
4435 4997 3481
2385 2737 20
468 1728 1607
3867 4848 890
2788 4486 1559
4771 4887 283
904 3759 1666
1846 3574 95
137 3473 3137
979 1654 3292
2270 2426 4320
1219 2798 3684
1578 1756 3931
17 2039 4243
3158 4008 3481
3812 4792 966
3988 4157 2014
743 1784 4634
1245 4672 1390
2362 4202 2936
1480 3623 2862
2747 3156 1746
1454 4264 1512
4118 4468 4966
409 2309 4442
2343 3375 2944
3356 4169 474
1660 3402 2808
2469 4150 3803
3119 3910 1283
1028 4283 663
664 3158 4783
1217 4763 783
4132 4352 2162
4998 5000 4231
2722 3782 1100
3800 4983 521
3139 4122 1012
2587 2889 4412
2450 3957 1671
1623 4868 368
3589 4260 1277
263 878 4873
3319 3718 4435
2232 4162 4426
3962 4121 223
3225 4187 3015
3990 4252 1435
3508 3582 1346
1117 1346 4332
3408 3645 652
696 2950 4366
4964 4990 1204
2563 4182 222
4137 4927 1762
23 787 4488
4861 4988 4639
3444 3807 1723
4065 4483 4597
2551 3958 3338
4439 4727 191
1759 2606 3170
3802 4229 1962
4890 4943 2463
1624 1965 286
2534 4080 3695
109 1008 1324
2632 3398 1449
1616 3812 4653
4354 4979 4254
3390 4007 3290
622 1979 1804
4764 4889 4029
2664 3331 2611
1319 3165 3577
992 4933 1254
580 4741 1332
1394 2019 4833
4749 4924 237
2924 4069 3408
241 917 3565
1887 2855 248
2420 2632 2143
2527 4353 4910
1044 4077 1845
2790 3976 190
415 3594 2974
4681 4765 2674
2406 3249 4280
3837 4489 2339
3260 3836 1614
2300 3401 494
4279 4941 3582
4320 4951 3055
2942 3344 209
4734 4936 385
994 1000 2892
244 1986 3886
2272 4582 3915
4893 4979 1744
1828 2357 3368
372 2574 1046
3993 4465 3838
4670 4950 42
3840 4361 3897
3166 4245 415
1554 3396 4632
1228 1398 2579
1952 4035 4583
888 3536 2312
2479 4410 3254
3085 4293 1100
2230 3492 174
4502 4990 2929
327 986 4479
2900 3216 4666
4512 4858 2104
818 4563 1019
454 2591 3171
172 2237 876
4829 4936 4722
904 2785 3161
4696 4815 3473
3739 3867 4876
3250 4201 1267
3393 3679 2019
4999 5000 3700
3966 4982 3393
2949 4448 1986
2683 4696 160
3925 4653 2070
4399 4826 2816
3228 3268 260
4759 4830 4199
4179 4320 293
3580 3591 2036
994 3913 4045
846 4736 1454
984 4449 2883
3959 4237 2230
4352 4603 2300
4251 4667 224
272 1463 2967
4315 4669 1006
3925 4900 2372
571 4412 4459
1165 2262 4097
4156 4413 3321
3323 4742 691
3762 3819 4016
1709 2255 898
2259 4867 1207
1481 2863 2659
3176 4543 2079
2939 4245 236
3498 4459 677
4906 4909 4758
3920 4918 392
4289 4305 461
4787 4952 4595
3501 4167 4726
2683 4204 3449
2400 2912 622
4173 4968 2656
1284 2409 2512
2380 2788 4511
4003 4501 3261
422 1312 1588
2192 4498 4685
4394 4489 224
3285 4648 263
1720 2339 1421
1668 4304 4644
3784 4613 4524
4773 4862 3877
1299 1975 2999
1989 3943 413
3562 3832 1440
1650 1961 2105
3031 3813 1155
3905 4171 4928
2196 2881 1550
3943 4710 1511
1990 2221 2925
4521 4748 2268
1973 4054 2451
2377 3785 227
4824 4937 3794
2716 3881 2826
3467 3933 282
3958 4709 2162
630 2058 3080
918 2007 3972
657 1999 1984
3205 4357 4409
2683 2906 2075
4230 4712 3334
2088 2679 2842
3764 3840 3042
2023 4687 3822
4723 4880 140
3486 4972 3067
2143 3300 1224
66 3877 425
3975 4780 4406
4270 4464 3080
560 3155 822
1047 4999 2471
4197 4883 1420
3918 4806 3661
4075 4725 1485
3281 3647 62
306 3456 1199
4142 4558 691
3482 3493 45
3187 4488 3092
1206 1563 4863
4437 4509 4029
2428 4710 1447
940 4324 4689
4842 4940 1638
3723 4279 4904
2753 3454 4359
4 99 4716
1686 2246 2615
3277 4833 3750
844 1082 383
4438 4753 3219
3682 3792 2424
939 2134 1243
2263 4597 4586
410 3270 226
371 2190 1359
6 272 757
1742 3053 1621
4240 4702 4703
4127 4957 511
662 3881 4203
2695 2797 493
1947 3381 4491
3312 4942 934
3136 4675 2522
2273 2438 632
1736 2063 2894
4042 5000 1744
529 1176 4756
3366 4943 4500
6 216 406
3512 3955 458
3296 4984 2029
470 1095 2865
4341 4471 1815
2888 3412 2261
695 4744 3306
1110 2678 2394
4422 4969 3085
293 1125 2977
2043 3179 739
4528 4756 91
512 1514 263
2726 4774 1204
252 4059 1545
2185 3361 4553
3328 3450 3190
4276 4828 3727
783 4685 817
1744 2214 887
1229 4144 1905
1732 1827 3091
731 3986 1197
1904 4707 1051
3680 3840 1801
2288 3328 2673
424 3287 4745
2546 2591 4964
412 3688 2031
2231 2621 991
4897 4908 3199
407 3336 725
3520 4114 2452
2113 4133 280
2962 3831 176
3546 4103 3584
1681 2047 2813
412 2145 3811
4413 4917 4487
1753 4750 4125
531 1924 2139
3070 4915 4012
3319 3713 2319
4044 4075 3419
1069 3589 4735
3844 4506 1526
3038 3685 218
1356 4261 4119
2545 4667 1269
1520 1722 2313
1418 3159 2877
1751 4355 3792
749 1404 3301
3962 4892 4098
3564 4756 1317
4483 4982 665
3576 3893 3856
427 3313 3147
4153 4670 3496
3455 3607 3093
1811 4326 2699
2934 4261 2752
1304 4007 4511
296 3116 1576
1631 4125 1796
4860 4911 4828
1707 2497 1950
4573 4581 872
4816 4960 18
3046 4129 2398
968 3085 4375
2904 4957 1822
3526 3984 991
1791 4152 420
708 3395 3692
1346 3521 3275
3345 4281 4039
3780 3908 1892
3176 4881 2006
3904 4636 4535
252 2941 2042
413 2686 1886
4501 4873 2339
4781 4936 3374
3678 4066 4669
400 4267 1440
1924 1967 3170
3916 4381 1878
2894 4972 759
1621 4200 4809
3972 4649 1359
4847 4851 2063
3453 4686 2461
4731 4895 4216
978 4290 1825
4755 4944 4746
2696 3333 4010
1441 3277 1460
2630 2745 2172
4942 5000 3893
4506 4902 390
3877 4938 1311
4750 4871 4002
3029 3870 2201
2890 4620 3865
355 1071 3191
2036 4838 1401
757 3011 2724
4737 4816 3025
190 4278 447
538 1918 1913
2597 4964 3328
2386 4767 4236
1003 2934 4210
1918 2337 392
1012 3813 617
1167 2351 529
76 4487 2746
4756 4783 3612
4552 4599 246
1641 4585 4111
1739 4842 59
501 2358 1221
2223 2462 3190
2229 4641 3114
2618 2790 1932
1851 1875 4719
3598 3638 581
4433 4755 1650
1012 2100 1775
2276 4599 619
496 3855 2983
3817 4465 446
3158 3441 4015
3292 3507 1259
697 1455 3519
1565 1906 2965
4121 4938 4476
4782 4842 3352
3900 4718 1766
3073 3081 786
1372 1431 4173
2308 4770 3182
3347 3751 2258
745 4448 449
1714 3078 1734
261 1140 4963
3048 4488 473
646 1402 456
1233 2515 3226
1852 1883 413
2379 2663 1415
256 3394 629
656 1388 2575
4742 4813 1050
1868 4936 2618
450 4235 4124
4878 4972 1622
2833 3011 2870
4745 4771 2802
503 4246 2520
1722 2780 1661
3764 4044 3144
2753 3300 2903
3708 4910 689
4061 4556 1694
1532 4011 605
4501 4508 1362
910 1722 4
4478 4574 4804
1960 4038 3601
327 1910 4380
4037 4750 4843
1195 3246 1968
4476 4947 3662
856 4238 1703
453 3197 3333
1070 1592 1085
4527 4923 28
4954 4981 1260
1351 4230 2785
140 3319 3354
4425 4663 2603
3540 4776 3002
160 4734 2947
1610 1973 2447
875 4335 3253
214 321 4784
120 2889 1159
3418 4481 4472
2853 3456 2403
627 4748 2918
1316 1539 2079
4433 4708 746
3032 4362 108
4654 4867 2056
2966 3538 4476
297 4586 529
3976 4675 4463
2333 2397 3624
737 1922 801
179 4593 4043
82 3531 1199
1474 2778 282
4857 4906 2911
2846 4546 4941
3720 4354 2827
1320 1709 2103
3599 4246 3875
4588 4825 541
2925 3907 458
3025 4932 4694
3988 4232 533
4535 4723 3953
1092 4533 2969
1461 2987 3528
2399 2637 792
2248 4288 2166
4832 4959 4426
4111 4369 1473
3117 3309 3058
1782 3930 1182
348 3683 4948
204 4705 2886
481 2548 283
1624 3076 1729
85 188 3390
4924 4948 4384
2389 3245 4348
3360 4413 4507
450 4553 1838
2656 3964 2913
1455 1829 4293
4539 4990 452
768 2752 3817
3874 3882 3771
2267 4605 1313
1076 3257 2566
230 4082 1417
2641 4276 4500
1010 4392 2375
3920 4461 743
1778 4189 3000
1833 3086 4292
4705 4834 4351
1698 3718 1954
1773 3347 4756
1209 2031 1783
1527 4894 4396
2603 3467 1306
4303 4756 4293
2083 2340 1007
1782 3765 3986
748 4665 1061
4297 4813 3425
3634 4266 2145
4503 4712 2570
1290 2777 1379
4886 4905 4847
1875 4876 782
3554 4508 1523
3827 3836 660
2313 4125 1981
1434 1729 15
4555 4853 2800
1773 3481 1832
186 2008 1546
511 1300 2471
2484 3674 1206
3072 3899 1810
4283 4413 797
4775 4982 1780
1531 2861 2806
2221 3157 702
2514 3645 4977
999 3665 2914
1475 2236 3571
4795 4977 234
3188 4197 3361
3759 4177 2949
4616 4732 2262
4511 4967 120
3198 4537 4690
1877 2953 1970
623 3939 3340
4920 4954 3260
3819 4919 1976
112 865 4698
1490 3828 1612
2628 3207 72
2965 3511 1593
1599 2092 1520
941 1823 2019
2336 4435 831
853 2863 3646
1948 4096 2295
2008 3392 3762
4184 4866 2609
2719 4895 448
3302 4971 4900
1062 3146 3564
3383 3690 286
3347 4780 1934
954 4871 3321
773 1387 1885
2935 3485 275
3117 4125 2363
3451 3928 2632
4137 4979 2442
4862 4999 2156
4629 4956 4924
558 2991 4964
4757 4844 111
281 3936 205
195 2367 1561
2686 4859 3992
3772 4483 2890
3015 4972 1442
2068 4016 1351
2767 4547 263
3422 4258 3072
1771 3213 3407
3419 4351 4389
1674 2173 4171
677 3202 1654
1064 1890 2776
4473 4900 4178
4277 4946 4096
4858 4936 3255
3841 4757 2729
1604 1750 41
3007 3675 2996
1548 3468 3673
4913 4983 4169
2830 3193 4892
2279 2834 109
3176 3364 4777
1852 3634 4210
84 2586 1706
1198 2833 2539
3995 4492 2656
4492 4731 3730
4963 4981 1981
613 673 1731
2716 3807 297
3285 3853 4381
3340 3758 4891
2659 2948 722
1996 2126 4244
4699 4902 3523
4707 4824 3266
3002 4443 1002
1985 2235 2400
432 752 941
4441 4726 1468
3743 4004 379
1922 3824 712
3506 4576 4047
4362 4891 1049
1751 1772 4833
306 4324 4823
1511 1696 416
4062 4242 855
175 1916 1284
4324 4482 734
1048 2447 1283
3804 3925 1846
1420 3134 1425
3325 4890 1419
3861 4193 1116
1713 3627 802
3489 3698 2546
2801 3146 4527
4426 4685 1838
2648 4207 2671
1590 4271 4872
1269 1401 3674
3766 4024 1974
1616 1904 1176
4951 4991 1450
1128 3860 4953
2934 2961 2698
888 4787 2198
4419 4505 1028
634 3049 4034
4202 4342 1421
1616 4576 1626
395 2854 1972
2794 3118 3923
3868 4221 80
431 1612 3352
4886 4965 2140
1534 4499 4938
261 592 704
2729 3470 3286
1051 3054 710
4977 4978 3274
3308 3644 3337
4281 4691 2157
2805 4607 2982
4502 4847 3050
3430 4132 1929
4260 4410 2788
1619 2222 325
4096 4835 3595
4315 4557 488
3512 4289 784
440 819 4372
2990 4233 3597
4496 4663 1661
4530 4953 2277
361 2105 4965
638 2480 1068
4591 4821 2628
1649 3354 149
3394 3469 464
4472 4712 2599
2691 3013 2133
4281 4867 3226
3088 3915 1255
3577 3801 3549
541 4980 1869
882 1846 787
2801 3223 4536
973 2861 2614
3065 4155 371
2668 3017 4210
3731 4308 4677
1872 4931 2305
3869 4993 67
3845 3865 2855
4171 4672 1592
1478 2411 2441
2639 4951 4262
2150 4109 1021
1796 2453 1440
2959 3543 157
89 1006 312
3510 4205 3672
2834 3782 3511
44 1727 798
2095 2122 3635
954 3725 697
3472 3632 3378
577 3054 3878
3722 4516 3207
573 802 420
1021 2736 225
3545 4236 2357
4657 4937 1454
1908 4039 35
1914 3244 4485
2703 4342 42
2081 3487 4357
3250 4636 4049
1654 3813 192
3789 4782 2032
2785 2974 975
4836 4910 1146
47 314 3819
307 2128 790
3595 4514 1774
4547 4819 1817
2849 3619 1545
3556 4500 3388
3211 4040 1738
148 4683 4685
3098 3148 4197
2294 3703 406
592 3706 3352
2922 4270 1033
3697 4202 2139
3419 4221 1972
4164 4439 2713
2561 4086 4767
2793 2894 2445
1757 3112 2914
4555 4629 1286
712 1533 4653
1862 3829 2619
3231 4036 677
2240 4319 2666
690 2251 2915
1727 4077 3766
2458 3405 4992
2725 4515 2462
3423 3865 2601
1027 3557 4521
2428 4201 3030
2273 4603 2368
2358 2984 864
1592 3158 1378
4336 4588 3405
2252 4572 570
4794 4819 2582
2973 4626 541
2318 2580 1236
1654 3701 704
721 4195 4078
2148 4244 1359
3231 4823 2190
2865 3093 2020
481 1309 923
4559 4841 3964
3599 3768 4377
2289 4531 139
3658 4305 3560
3552 4887 1222
1547 4814 220
2904 4250 1324
2604 3156 853
3377 3630 2242
3730 4824 582
3363 3914 1980
4633 4840 650
3210 4009 1715
4598 4785 576
4574 4717 3163
4833 4978 4305
4939 4963 4082
3279 3621 4091
3241 3344 1194
936 1472 2814
4481 4519 4363
1330 4665 2900
530 1945 729
2356 2407 53
1527 2450 1412
3162 4642 2172
4437 4802 4562
729 4550 1668
1508 3845 4108
1233 4923 4571
2664 3226 1627
4884 4889 2162
2610 3747 520
2076 4418 701
4807 4954 2536
57 2790 1206
2422 4403 4716
2642 4800 242
1692 4444 3084
1243 2412 1692
2702 2887 4058
352 562 3766
154 4180 3716
1718 3148 260
944 2869 1687
620 2964 3685
1061 3371 467
2500 3870 3410
3662 4547 1046
2267 4058 3231
2347 4836 4951
3455 4802 3543
869 4629 3767
3884 4732 1486
4788 4968 189
4331 4665 2404
3172 4080 4490
684 2169 2966
1009 2768 3
3447 4145 1012
2353 2793 2610
3624 3767 340
4838 4965 4702
381 4463 4829
4823 4963 3718
4718 4733 2137
285 2943 454
3054 4877 489
3973 4305 2832
3039 3143 1655
3335 4133 3163
1184 4403 128
294 1618 221
2325 2343 1117
1800 4000 466
1368 4779 317
3853 4197 213
3086 3105 1246
1948 2894 1678
4474 4860 3084
2464 3773 3719
521 4458 3436
1646 4141 305
944 2141 3561
3154 4985 3289
1503 4106 660
1176 1888 2448
2040 2166 3817
4196 4907 4671
1225 2493 4145
2275 3679 1998
4841 4950 2035
2724 3245 877
4255 4803 206
119 2086 2169
3179 4848 4241
3727 4810 4235
4753 4886 2506
4683 4951 1221
1701 2240 4081
1246 2145 3430
1316 2929 828
3064 3121 76
40 41 1123
4829 4839 4884
2894 4932 85
4297 4840 3184
972 2205 4016
326 3850 4841
2581 2917 1603
2427 4647 1222
3854 4334 4457
3611 4266 4149
2092 3469 3944
2255 4623 1164
1588 3169 460
3948 4829 477
2959 3219 3033
4631 4981 3084
717 3325 3243
2566 3375 1246
3817 3835 4856
430 4421 4388
2257 3442 390
2099 4135 1034
939 1817 3775
1718 4967 3465
3479 3806 3448
982 1106 4084
923 2911 53
3154 3476 245
3774 4089 291
1290 2557 239
3662 4585 2067
266 2779 4685
4461 4708 978
2599 4701 2666
1653 2729 2550
2124 3086 3653
1299 4268 4068
427 3154 3444
2846 2848 414
1627 2265 4813
4498 4785 2913
1953 2761 4922
3608 4300 3561
1407 3521 2162
1570 4507 2422
4964 4972 2822
2040 4659 1235
1852 3182 3604
984 1113 4392
1052 4690 1043
3064 4623 1207
3624 4987 1262
3369 3836 642
1847 1911 2257
631 3578 3211
897 1676 2018
3520 4612 2954
961 2170 571
3184 3328 784
4578 4738 4699
4636 4688 1294
4697 4838 1028
603 1106 4517
2012 2944 3709
4120 4456 1848
2046 4344 4388
3362 4187 2972
3757 4904 3025
2622 3675 4730
4687 4865 478
4163 4431 2647
3355 3757 795
1887 3860 4952
1459 3434 165
1608 1782 922
4859 4932 3049
392 2093 3353
368 4049 2194
4493 4939 1695
1509 4154 3258
2922 3110 2201
2217 3142 1570
1199 3618 2449
4057 4273 420
1757 2196 4893
2326 2445 1006
3427 4598 4410
454 4726 3380
298 3048 2892
4534 4835 1307
4543 4674 2928
3846 4580 3794
858 1845 3229
2509 4321 2398
2438 3947 924
513 4375 4325
4937 4961 3421
3919 4050 1853
3428 3447 3200
3186 3860 624
3924 4455 1930
4804 4862 4400
4055 4264 1865
1678 3300 3995
3531 4295 3306
1151 4246 2226
1312 4052 3360
3104 4010 3819
4776 4818 4962
69 1731 1777
4874 4958 3239
2481 2940 4142
4722 4975 655
4975 4989 3929
3323 3521 1950
687 2106 3890
176 4903 2995
156 832 2385
1551 3590 598
4561 4983 736
3268 4895 2812
1263 2336 2914
3958 4971 1036
3409 4506 3294
309 3577 3201
2645 2762 977
1466 4594 4790
3989 4659 1136
4531 4855 1386
2581 3482 4290
2298 4781 4858
2560 4942 736
2847 4185 1908
1378 4998 3683
1251 4176 2599
1870 4578 268
2675 3180 4320
660 4215 1264
4203 4524 1438
1958 2431 3308
1036 1336 621
3749 4443 4088
2749 3564 799
4913 4926 4774
2553 3767 3732
4645 4687 1455
4045 4155 1948
226 1608 134
4669 4871 1414
2930 4414 1425
2121 3914 1767
3200 3621 2358
3101 3240 3078
2966 4439 234
1520 3462 1023
4343 4439 648
2445 3222 2776
3679 4675 676
1252 2265 1541
3643 3720 3109
1011 3840 1517
1848 4591 3394
3448 3487 3889
1911 3084 2088
4314 4716 3909
4887 4897 3594
1695 4435 3907
697 1330 2415
2048 4275 3382
1789 4502 2587
2594 4904 1475
2973 4723 2352
4285 4624 3328
1044 3486 4856
3816 4891 926
3532 4837 3953
1489 4593 1948
1656 4100 1973
4173 4921 1635
3990 4677 960
3535 4595 3878
1203 2190 3317
3265 3679 1808
1435 3930 4431
4236 4412 3304
1160 1963 360
4376 4436 3661
1514 4040 2744
4953 4963 4152
815 3013 2006
1782 2844 1653
4269 4960 4085
4941 4964 1398
1799 2793 3489
3079 4099 4768
1595 3248 1110
2988 4008 1916
4829 4848 1458
1286 3052 2775
2464 3514 3201
3173 3249 170
2633 3326 4109
878 3583 276
1620 4921 3071
762 3426 4541
4725 4931 2499
1862 4883 3380
626 3363 3905
1126 1970 3858
1878 3250 1773
2618 3013 4599
3139 3143 4021
3096 3965 3758
2051 2113 1286
3943 4713 4279
1268 3767 18
143 2227 3244
2798 3052 4139
5 3825 4867
4398 4597 3151
4954 4962 1462
1624 4526 4309
3 748 3602
480 4926 2004
2339 3974 3504
2025 3466 2564
263 1256 1891
2929 4026 544
1748 4274 1077
3825 4832 4688
4813 4890 2196
3745 4933 3585
4992 4996 3717
1207 2575 4346
4001 4995 1117
2415 2546 4557
2198 2199 2582
3642 3759 61
3876 4684 2492
40 1156 4903
1258 4166 290
1411 2444 3046
365 4669 1211
1896 2023 2526
4214 4375 1776
3019 3099 3134
825 2316 1665
867 2783 135
4467 4734 104
3500 4114 3609
1571 2528 3516
426 1171 1964
492 1317 3598
2381 4251 3187
3545 4263 321
3968 4114 4429
960 4509 4535
4306 4978 3909
2369 2685 3323
2472 3041 424
347 1134 177
1765 2163 2949
2087 4566 1344
4795 4970 2005
3737 4007 1179
4773 4920 212
4895 4928 4846
3931 4363 1113
2865 4266 2589
342 3131 4531
2455 2771 2892
1116 3702 4132
4419 4692 2211
513 2413 984
1557 2766 1142
503 3123 2094
1214 2567 2349
4890 4906 3403
173 861 4129
3369 3422 569
3192 3597 3905
2233 3631 4822
4763 4768 4789
3811 4050 4216
986 1004 1211
439 3289 1499
848 2507 4086
1983 2865 1814
4795 4949 1747
1797 3244 4514
2484 3765 904
1223 2920 374
4427 4837 994
4008 4864 4594
4900 4980 561
2840 4811 4390
3997 4324 4496
4555 4815 1568
4369 4848 3241
2024 4908 1467
1330 2365 125
1247 4369 133
1164 3695 4464
4919 4956 3164
828 3603 2791
4742 4966 2574
1474 2351 3818
2913 4389 67
2725 4281 1396
3838 4327 852
3462 4214 874
4707 4990 3846
2880 4973 287
1207 3584 1183
3416 4966 2343
3260 3286 347
214 2635 460
1495 2821 2096
1910 2071 3316
3889 4104 1447
2726 4744 1798
360 2336 3491
2132 4905 1916
1848 3939 4929
4941 4948 1222
4925 4949 4275
3814 4691 4730
3058 4528 3622
3420 3506 2899
3803 4685 615
1284 2599 4882
2065 2481 4836
1205 2475 2425
913 3132 2118
1542 4553 2134
2031 2275 3488
3119 4169 117
476 918 1541
936 2438 2931
965 1418 670
1233 4933 2461
602 2857 3678
4249 4806 2475
2165 4147 2037
173 3619 3543
2279 3750 4255
3860 4605 4333
2543 3688 3554
3555 4953 3898
1759 1910 1992
3012 4765 192
3659 4428 3494
3276 4766 1185
304 3287 4285
3950 4018 1263
678 843 1285
3070 4997 3545
246 554 4113
96 96 4739
1458 1781 4601
3717 4806 4616
870 2343 1337
526 4244 1673
2214 4415 4473
4076 4618 2345
489 2497 2178
2392 3100 2280
4172 4823 4819
1521 2979 2881
4231 4631 2036
4022 4265 1493
3784 4184 3248
3159 3607 3744
2433 3792 4727
1844 4726 4200
3938 3964 3869
2570 4778 3795
3529 3558 3060
144 1844 792
2364 4791 566
3454 4842 2788
1721 2835 4716
3865 4716 4903
1353 2397 859
2849 3325 3249
4522 4735 3209
3400 4346 3849
1233 1459 3089
471 2466 3301
4478 4883 1772
1040 1985 308
2012 4110 3978
3593 4749 1832
3881 4020 2557
884 2286 3995
1733 2277 898
437 2698 593
153 809 65
4093 4643 4541
3877 4836 3564
652 4284 2540
4722 4959 885
4795 4823 391
4097 4372 1024
4730 4868 2118
4169 4819 3091
1260 4781 1513
285 4542 234
2075 2775 4353
2977 4335 2654
3004 4799 2794
3874 4014 936
106 1734 1035
2301 3041 3807
725 774 1734
1110 4225 4420
398 1279 3389
1506 4596 4543
4924 4998 4473
2464 3944 3631
1395 3267 611
4875 4908 4609
895 1257 4807
3945 4678 1686
2715 3800 4817
4499 4912 770
292 4056 2848
1719 2154 476
1963 2577 3750
1569 4941 1376
4159 4186 174
1664 2989 4673
1700 4140 3792
4906 4974 3865
3346 4697 2622
767 1218 4853
4249 4639 2183
1003 2980 4576
4281 4944 4144
1004 1237 3607
4834 4856 1828
3264 3573 2211
811 945 1509
4702 4918 713
1174 4625 1845
2582 4606 3519
1675 4427 3694
2221 3260 3922
1709 2580 4484
3880 3894 1980
1519 1872 3986
879 1952 3395
2838 4815 4095
135 4475 3361
2145 4357 1533
3640 4843 2393
1457 3464 2066
1694 4335 942
2095 3075 1098
1897 4408 1415
3004 3240 1457
1416 4274 105
2108 2288 126
3108 3320 4369
3386 3424 2204
1189 2463 4652
703 3994 4823
1338 3036 3321
2917 3182 1999
242 4855 11
3706 4115 4391
2059 2417 228
3445 3614 3458
3993 4174 3152
615 2473 1751
3605 3923 2108
1396 3087 551
3998 4946 959
2755 3575 682
721 2662 2561
972 3236 1197
424 2917 3193
3883 4852 4948
1151 2545 699
438 2317 1084
38 3664 649
3805 4854 4431
502 2082 1545
3014 3149 1329
3488 4958 4761
688 1186 1043
4781 4832 4461
1132 4649 4684
190 199 1369
1064 2066 2116
2659 3658 2346
4382 4526 4994
2170 2750 4886
3313 3330 394
4372 4383 3726
1207 2406 4846
4145 4730 1136
3732 4917 3620
4127 4503 3799
667 3024 228
4439 4693 3498
3577 3688 599
2825 4386 545
3513 4322 1867
3776 3979 3843
4880 4994 100
821 1162 509
671 2690 4200
3395 4729 1722
3635 3934 2435
1060 1838 605
1470 4010 1588
2389 3301 3746
81 1593 1044
2067 4953 4812
1415 3636 4957
2944 4844 18
133 140 220
2481 4374 3715
3239 4207 4482
3694 4866 1159
1878 3871 812
4400 4453 4627
1638 2386 3748
1990 3602 4997
4131 4917 1140
1930 3635 3732
1758 3759 241
2304 2949 4154
4942 4981 3793
2120 3875 2921
2882 2926 4175
1601 3293 514
1065 3515 758
39 1505 3844
1029 3351 989
4529 4744 4461
1823 3804 924
4704 4917 504
4113 4434 81
3492 3942 4162
1080 3453 2273
320 1801 3784
474 3231 1892
1638 2200 4725
374 4187 2128
21 2509 2353
980 1224 1855
1119 1909 1170
4387 4805 3831
1471 4449 3385
871 2761 504
2400 4529 4242
4227 4926 3826
2292 3426 784
2117 3758 3604
2789 4009 1242
4558 4703 338
432 4966 4940
1614 1939 3590
2021 4136 169
1592 3264 2819
2586 2721 3793
4583 4590 442
1125 2824 2850
1556 3679 1977
3193 3389 205
998 2929 217
4496 4576 1818
426 2454 746
1923 4354 1511
3198 4512 4378
3452 3761 4100
2382 3742 613
3073 4694 476
3322 4034 4991
3328 4255 105
2564 2688 3845
2892 4066 4355
4360 4797 4879
2279 2348 1788
2359 3982 3730
414 2370 1155
2372 3467 4054
1932 3847 616
313 3191 1594
2353 3540 1685
4384 4960 777
3974 4299 4587
4794 4981 3473
3546 4382 4111
3067 4339 3184
4772 4890 308
675 2527 2282
4396 4546 1242
2771 3098 382
3323 4089 4475
3834 4266 384
4301 4643 1701
1940 3450 4338
3039 4274 839
3351 4211 2214
3773 4723 233
2116 2220 2918
2224 2912 4287
800 1240 3773
4307 4950 1710
3395 4146 707
1548 4990 151
3372 3773 2987
3616 4115 1674
4762 4859 3927
516 1818 2523
2315 2456 1557
2637 3856 1635
1210 3072 2576
682 2929 4033
697 939 2618
58 3799 2081
3934 4143 344
2753 4334 2448
1783 4174 3235
1467 3651 1061
1632 3785 3942
2032 3360 505
4126 4773 2404
101 1934 4646
3667 4689 1058
1189 2635 4545
236 4645 2308
4362 4566 3491
3497 3983 458
4920 4984 1262
538 1254 2898
3734 4285 1733
701 1703 3724
1 3865 2396
3889 3933 1443
3648 4128 4995
3786 3869 3824
2872 3657 648
2841 3857 1206
4397 4619 909
3937 3975 489
724 793 845
3597 4920 625
298 1255 4413
2481 2579 232
3767 4639 1096
4503 4549 1142
3406 3449 3566
2053 4071 2275
1358 1559 4457
3679 4902 4960
3551 4981 4219
4869 4960 3137
1256 1619 1349
2948 4626 1967
1459 1698 4774
2130 4283 4715
1711 4982 4290
1004 1885 596
2809 4393 2608
812 2994 1449
2720 4735 381
671 4261 3842
2329 3672 2199
4717 4775 393
1009 1132 1864
2877 4867 4908
1089 3022 4255
1489 4370 2704
3489 4716 4975
3548 4885 2903
492 1706 3632
3726 4342 3166
3804 4363 2455
1390 3747 4522
2478 3502 1157
312 1656 983
1204 1783 3674
2509 2961 3489
4492 4840 4594
3488 3702 95
2780 3932 1700
1272 4776 4874
2573 3750 165
3369 4088 1347
4702 4748 3814
2634 3507 4739
1973 4730 1972
4051 4845 4764
2778 4526 999
3582 4257 2318
4828 4919 3835
783 4371 3866
794 2612 2823
598 3572 70
2967 3524 502
3153 3690 2068
1379 4426 498
3685 4408 4687
3193 4689 3107
2575 4368 1051
222 464 2668
3998 4836 4354
4927 4995 402
4294 4554 4728
4007 4467 2881
4004 4114 3791
2956 3671 2532
4058 4817 2727
4497 4754 1509
885 2921 151
2803 4056 823
2295 4595 3987
4423 4592 4318
4499 4872 634
1805 2936 709
3842 4803 511
694 2985 1543
4125 4948 625
728 1912 3532
3627 4440 3784
3285 4975 3753
3518 4398 3287
4331 4979 1505
4470 4939 4750
3450 4923 4517
648 2791 42
4391 4408 1781
2206 3579 2267
1511 4847 1553
1220 1938 3792
3364 4294 402
230 2302 3182
2701 4858 2653
2346 4471 4885
3744 4932 1547
1807 1952 1285
2160 2364 1083
2007 3659 4906
452 1299 3934
3833 4967 3967
1796 1896 629
2074 4451 103
3891 4510 1255
2134 2358 226
4092 4709 3842
3464 4754 414
12 15 2228
3667 4570 4882
971 1450 3529
774 1121 3199
1978 2228 3829
762 3043 3751
3399 4305 1948
2692 4628 515
4849 4915 154
1821 2884 3884
3603 3616 2787
2628 4028 1671
245 946 1305
3575 4853 1582
1268 3539 901
510 1284 2110
52 1851 4315
1362 3349 3774
3038 4730 1399
1186 4571 2348
1932 3321 3071
3563 3639 2883
2372 4934 1249
3589 4811 3137
2114 2854 361
540 4044 2545
3881 4850 1979
4674 4874 2264
1891 2910 2402
4874 4958 2809
1297 4638 263
1083 3452 4919
3622 4115 2373
3578 4089 3179
4736 4787 1666
3833 4471 3877
240 4719 2807
4828 4924 2541
538 2847 3839
2554 4890 3253
4514 4551 2450
3495 3779 3590
4807 4993 2814
3507 4043 1882
2350 3879 3768
31 2502 186
1811 4319 4743
46 1403 2499
3981 4926 3799
2918 4702 4292
3288 3570 4825
2332 3374 4102
838 1845 4985
1216 1425 4104
924 3962 3525
4340 4933 4220
2557 2777 2550
888 2178 680
2792 4050 1787
1200 3875 4625
133 1886 3018
543 4058 3449
692 3284 4568
4667 4972 4164
4295 4622 3150
2623 3654 4431
4260 4271 1934
1376 3083 922
2162 2990 1243
501 2884 4418
4539 4916 3776
2421 4382 2548
2978 3087 2407
2310 3428 540
2462 2976 984
827 3620 4689
606 4016 4671
3841 4233 3201
2138 3048 3731
4779 4939 3770
4052 4294 2922
1823 3777 4083
3721 4438 4792
1789 3620 3707
3992 4620 3483
1410 4128 1992
3052 4255 4134
457 461 1148
4409 4982 531
1736 4681 1184
2724 3317 4836
730 1809 4852
3191 3610 2292
874 3505 1270
4104 4948 3764
3058 4919 1259
297 1749 2919
2905 4286 3774
4739 4978 3803
1850 3442 2137
3471 3526 1046
1727 3408 1447
1411 4979 3712
880 4015 3810
4001 4366 26
2749 4714 1527
1742 2635 1764
2699 3579 907
3600 4003 474
3441 4039 1173
4028 4612 1061
2617 4048 3809
4804 4967 3616
4723 4815 4765
1931 3094 4670
4370 4983 2015
2259 3931 1320
1558 1928 1259
183 1850 1258
2978 3603 3858
3899 4768 4246
4943 4964 1470
2686 4727 763
4158 4623 4257
631 2223 1423
467 2029 270
2708 3206 2599
1187 3190 4624
2839 4308 1702
1498 2428 1878
2354 2414 939
1763 1937 1646
1438 1990 2701
4499 4659 3940
2746 4522 984
3444 4131 1581
4547 4823 3019
37 438 2329
257 404 2873
2350 2553 1553
3798 4894 409
2343 2814 4991
3358 4412 962
2611 3355 1413
3468 3809 3700
1554 2531 4132
2698 4300 2540
3994 4389 3238
3008 3033 2616
2448 4472 4062
3012 3119 4763
1865 3179 1165
2129 3307 2400
1948 3326 4641
121 1377 4377
1096 2951 1719
565 4250 3237
3746 4832 889
1605 1628 4936
1742 1778 549
2510 3809 2892
2109 2913 1500
693 3071 4858
2307 2525 4876
3132 3808 3951
4248 4599 1275
4280 4635 192
4292 4606 2516
1438 4578 3888
4623 4790 3240
3207 3909 1092
3827 4232 3739
4902 4991 1644
4928 4998 2331
4528 4998 2654
14 3988 3446
742 4729 2133
2206 4774 4652
4397 4433 1112
960 1168 4767
454 3217 4283
2173 2331 560
1480 1852 1058
219 485 2168
3495 4015 1773
482 1773 2053
1211 2071 4691
4812 4921 2965
2211 3710 574
2114 2865 1607
267 4918 1637
4419 4687 3149
1250 4285 4166
3269 3826 183
4674 4826 4514
3165 4939 1985
426 1781 4881
62 1572 661
2228 2392 365
1527 4586 3211
3662 4716 601
1292 4778 3315
2301 4897 4564
3910 4541 4215
1515 2612 3624
1926 4088 3119
1346 2244 969
1598 2121 542
4358 4416 2234
3839 4934 597
4575 4598 77
1867 3935 3974
3376 3981 2171
4228 4257 3163
4798 4976 1649
3685 3836 3805
4721 4741 2477
3614 4083 3633
3902 3903 1241
4616 4959 4004
4042 4224 3405
3624 4672 2751
3463 3710 3934
2694 3605 532
1347 2763 2467
3817 4837 1136
695 3966 715
4268 4874 539
2312 4921 3938
931 1139 3638
2886 4066 4005
69 1000 1257
433 4185 4529
3574 4607 649
301 4399 1565
1476 4130 4641
4658 4956 4190
3624 4628 4638
306 1173 4886
269 759 2070
2466 4174 597
2850 4771 3993
368 3052 2994
3261 3872 367
331 1398 811
4498 4578 4410
1853 3620 4682
3553 4877 4247
182 3749 4306
635 4532 3209
1316 3206 2999
3186 3499 4078
3906 4041 13
4755 4829 4861
1946 4152 1684
1863 2887 3757
2116 4627 2155
4348 4667 1355
2832 2909 4289
2126 4349 2265
4384 4747 354
2701 2712 2614
3566 4982 4822
2231 2727 4974
741 2114 948
1569 4851 4938
908 3883 4169
4362 4444 2587
3227 4226 346
3872 4500 4283
4296 4802 4777
3129 4703 3197
685 3679 4796
4156 4560 2405
4062 4684 2380
3906 4182 4419
1732 3430 2016
1266 2689 4937
2691 2747 2544
3153 3544 1104
959 2644 1668
2405 2948 3141
863 3767 533
829 4138 212
2168 3831 2856
2893 4322 975
4535 4616 4666
2149 3894 4631
4527 4647 4725
4458 4789 156
1669 3592 3694
4932 4958 3860
2579 4812 373
223 4765 4379
4707 4842 3573
3166 4297 4653
480 3482 1026
4486 4908 212
4982 4999 1693
2367 2880 2045
351 3572 4698
2322 3738 1091
4856 4953 1138
4156 4307 1879
434 2321 1374
553 2960 442
3024 3569 1626
2766 4102 1393
2386 4106 1219
2149 3008 2119
4659 4801 3177
4260 4337 3780
2285 3029 3046
1613 4774 3250
4899 4931 3825
2254 3331 3595
4200 4890 1474
3856 4442 1287
2588 4765 4074
1436 1890 619
700 3719 4385
683 4028 1087
1043 3679 902
1263 4082 2111
7 4381 2660
4169 4609 4704
3231 3850 3542
3058 3707 1043
235 1485 4926
234 1360 213
3686 4610 256
3945 4828 1658
2156 4081 2660
2718 4427 4519
852 1342 3228
674 2851 4040
4667 4966 1422
778 4750 4464
3426 3821 1774
4300 4388 632
3083 4570 2307
1935 3710 1153
4840 4916 4304
1540 1939 4435
3213 3730 3815
4889 4940 2552
1337 3455 2438
1765 4944 4345
4025 4070 1187
2558 4648 3299
2176 4051 2158
1018 4016 3920
817 4833 1648
1294 1881 2681
4443 4643 401
328 2657 2766
865 3313 618
682 4709 4604
135 4783 603
4539 4754 4557
240 991 7
488 3268 3538
3281 4023 477
3837 3840 3635
333 3503 2166
3371 4021 3368
688 1263 1668
3886 4911 2670
1643 1827 3876
3866 4160 2335
2495 3810 357
3372 4227 2385
206 2166 4688
1218 4851 367
4766 4912 907
3165 4374 3765
641 2113 2637
229 1087 2640
417 3494 4718
3487 3757 34
3294 3392 1859
3267 3469 4550
2826 4272 1710
1495 4847 4626
3310 4610 3991
4830 4855 237
1068 2972 1144
3418 3731 3782
1972 3893 2726
301 4455 4501
876 2994 1343
3006 3921 2719
4836 4930 2048
4899 4900 4078
1067 2166 2939
2676 4030 886
2903 4631 3571
4528 4951 181
1916 3486 4233
845 4266 2802
4854 4862 1589
3824 4295 931
1130 3599 4050
2010 4575 2918
357 1992 3250
2388 3891 3484
2758 3068 4986
2423 3867 3275
2304 2488 1666
3973 4753 4448
4617 4880 469
1489 1535 2127
3389 4713 4610
2871 3583 1094
5000 5000 4792
1791 4282 1628
2081 2688 3399
1400 3439 367
4177 4386 4143
2230 4594 2179
4808 4828 2581
1881 2353 4128
4638 4706 3698
1754 2252 1024
1640 3396 4821
3475 4366 1003
4004 4123 1935
1079 4474 2337
2264 3874 3874
3142 3739 1609
1001 4942 2981
2393 3927 4935
3132 4838 312
3177 3415 993
1364 4383 3669
2776 3834 117
3568 4652 4837
1382 3548 3867
983 2551 1235
1994 3740 1200
3371 4672 4122
4442 4786 1452
313 1503 829
2996 3436 3178
3882 4789 3447
1736 2968 1090
4147 4205 3114
1358 3338 1830
3937 4035 3019
2668 3302 79
4251 4895 4871
1251 4709 3329
3202 3727 2275
1486 3280 2560
3380 3871 1191
138 3361 4535
1152 4758 382
4383 4985 4553
305 2673 721
3138 3406 1300
1692 2459 722
4559 4886 3006
2838 4138 2636
3820 3889 2581
914 4129 2357
3883 3987 272
241 1221 3669
3565 3753 3511
803 2441 4222
2933 3489 3917
2950 4288 1126
4743 4904 1731
3736 4917 3109
405 1915 3079
1283 4395 1313
1035 3588 4482
492 3610 3251
270 4998 1022
2866 3357 1669
2385 2857 1197
4663 4753 2353
4848 4898 1744
112 3411 2549
437 4730 3230
3309 4778 79
3597 3711 3889
4467 4602 4597
3969 4492 1775
3831 4096 4595
4821 4848 3625
4728 4898 2839
4857 4907 4960
4620 4905 4276
3416 3906 4496
386 1198 3201
2508 2874 2858
1102 2244 4886
4788 4987 3397
652 3659 651
2463 4518 1363
575 3285 1015
2702 3988 594
2748 4640 1183
3596 4801 3861
715 4726 4944
654 4305 2249
3936 4294 1548
4634 4669 4083
2673 4324 1428
106 1537 227
687 2190 576
3809 4366 516
437 680 4941
2782 4605 4175
3430 4053 3376
3913 4797 100
3364 4346 3136
3019 4822 4067
2668 3201 2886
3997 4246 291
1211 2109 4111
765 1256 2783
4178 4215 864
896 3243 3289
2391 2438 4816
3527 4352 3734
477 3499 3563
1528 4619 1291
3427 3614 2194
4908 4977 3860
4015 4511 3998
3551 3555 1484
1695 3957 4087
4656 4748 3379
2821 4583 640
1471 1606 3255
4002 4855 1005
3704 4953 3541
4717 4867 579
1627 3542 1958
2676 4123 1273
77 1329 614
2369 4170 3237
2427 2964 547
1605 3123 1523
3597 4725 3789
3052 3487 1834
253 3711 472
341 4975 4193
23 242 1899
3030 4879 1734
2356 3935 3300
4260 4308 4034
2127 3963 1537
1667 2000 1920
3231 4413 3634
734 4765 846
3175 3965 1854
834 2044 2117
1674 3809 240
890 4452 3921
1554 4268 1326
120 2268 2277
2775 2783 377
3414 4427 4632
2503 4433 615
3578 4519 381
4609 4626 700
4342 4547 4268
898 4433 4311
3651 4399 934
2545 4010 3141
2493 4669 2023
2940 3989 2509
1978 3954 1700
2238 3366 350
1852 2308 1655
583 1935 964
3369 4682 350
1701 2146 2199
1678 4840 1681
2593 4991 3994
2098 3181 4409
686 2209 3426
842 2154 3874
3909 4605 74
1309 3665 3682
850 3957 4999
4628 4764 1325
3579 4104 2369
3902 4374 2985
2393 4078 419
2662 4681 3263
1289 3683 450
2770 4319 4232
3533 4518 4240
2322 2743 4998
1729 1978 4437
1617 2080 1435
4938 4987 3634
3064 4315 2705
4717 4836 2932
501 4904 4595
4662 4873 4959
801 4232 2596
3460 4306 2240
2451 3961 878
4475 4834 2869
4663 4975 627
877 1614 4378
4763 4778 4887
183 3107 2848
4242 4815 4550
1192 2159 1086
806 3792 1212
3616 3633 4032
4062 4295 3082
2948 4568 4415
2479 2817 1709
4524 4702 3754
1346 2839 3600
873 2732 4724
4662 4857 2016
3561 3699 1551
1422 3549 3901
2173 2452 90
1500 4410 1423
272 1904 3964
2303 2585 161
646 4661 4938
3632 4646 4155
3985 4882 2169
3811 4906 1374
280 4163 248
1860 4664 3577
2304 4095 4893
332 1505 1910
3561 4292 2814
3616 4495 4721
4633 4737 2730
3205 4061 3352
181 4250 4635
318 2866 4816
2419 2821 1477
706 4099 1572
991 3847 3563
4356 4485 2627
936 4758 1745
3149 4820 2068
664 4204 4665
1897 2509 3915
1553 4476 315
2190 4044 2423
4725 4888 47
4325 4723 1806
545 1135 3027
356 3996 3309
2387 3264 3396
2763 3998 2790
4065 4699 387
1024 3775 1043
311 360 4202
3864 4344 347
578 2031 2253
2059 3302 4649
3860 4923 3509
3969 4164 1336
4083 4522 1642
3660 4279 868
396 4314 457
1994 2889 1843
2688 4822 3912
2997 3568 87
3965 4749 3600
4178 4296 4338
4899 4976 3741
3536 3762 2838
4208 4420 4370
4864 4932 3830
2236 3564 3658
3156 4361 1757
266 1822 3482
354 2206 3631
1456 4431 2377
4105 4779 4589
3702 4018 248
720 1729 2988
3964 4545 2839
1160 1801 1716
1985 3939 1232
3057 4856 386
3147 3997 4217
2641 3857 1583
154 2232 3511
3001 3248 4006
2284 4635 4562
616 938 2269
3419 4905 4879
2553 2823 3510
3123 4806 1939
1843 3095 2953
2096 3580 4499
3870 4403 14
4295 4786 4034
145 2377 2441
1963 4778 1891
2504 3368 4185
2641 2912 2282
263 493 772
1053 2361 3178
2224 3871 2132
3493 4229 1752
3523 4561 1941
805 2900 193
2022 3803 3305
1025 2410 858
3614 4652 803
3333 4341 55
1254 1357 2921
4703 4934 4702
2158 4001 3020
4843 4929 2686
2360 4221 2759
3756 4645 2925
3019 4880 2377
3563 4463 3649
706 3510 1881
2699 4442 25
471 2447 1671
1644 4036 449
1971 3783 3449
1901 3311 1251
480 3977 1542
3038 3645 1402
3131 4174 746
2301 3300 3903
3941 4846 199
2629 2668 1444
4175 4210 1849
299 376 3070
3561 4457 1098
707 4701 2883
363 2956 1313
504 4683 3094
4608 4703 1498
1491 3082 2503
4914 4940 2340
4767 4907 1622
2450 2646 4008
4391 4849 3740
1642 2393 3910
3652 3780 3786
3815 4195 4145
3711 3851 2087
3340 4418 154
2988 3169 10
4735 4760 3818
1014 3667 4576
1889 3188 1232
216 3921 4098
2531 3915 540
704 3337 3820
3327 3616 742
2453 3306 1635
3354 3987 1794
1350 2143 3516
4052 4283 2276
3172 3729 245
506 3494 1821
1182 2465 1871
2462 2945 4322
3242 3778 2350
1044 2693 1602
2833 4119 1470
2898 3901 1253
923 1985 2621
905 3340 4249
2999 4804 2384
1769 3572 3109
147 3444 2782
2669 3546 1383
1203 1350 245
3200 3376 2384
1300 4417 4809
4218 4965 3963
2433 4217 3098
624 1666 43
1788 3717 3486
2752 4492 4129
2217 3256 2241
22 1911 81
4427 4669 1894
206 743 3634
1353 4729 4456
134 3147 1803
1109 1885 1614
510 4228 4557
4637 4654 2780
1181 3016 3662
1472 2454 2334
229 2614 3837
3573 4581 4551
564 1997 2983
3721 4174 1057
3207 3369 3100
4170 4318 3122
4633 4799 4904
4911 4914 2960
3742 4223 3139
1893 3158 4282
4063 4634 1267
2860 3771 2759
4778 4883 1465
656 1040 3981
4612 4704 1924
4170 4442 76
3441 4737 2450
3764 3884 397
4243 4788 4882
350 4249 1833
4395 4553 2537
2162 3245 1383
4685 4815 150
3236 4697 339
2187 4204 2827
4164 4614 446
3879 3884 4532
748 1354 4474
3329 4631 271
1232 1407 4322
2913 4143 2055
1534 4437 1308
959 3599 1221
217 842 381
2576 3313 3960
1445 3375 1444
455 4923 1334
2118 2756 4776
4940 4976 2061
4512 4951 603
2666 4351 3928
4592 4691 4665
839 1636 4155
1317 3073 678
3055 3498 1382
983 2368 739
4832 4878 676
3923 4265 4253
4350 4599 4476
2423 2868 49
1370 4006 4289
3287 4923 469
1551 4068 1604
1748 4584 1272
3181 3253 276
436 566 3593
785 1534 2772
3457 4785 892
3889 4266 4148
3277 3541 1926
3523 4469 4149
474 608 643
2393 2667 4158
4457 4999 1702
1361 4926 1656
4850 4945 1553
1410 4194 1402
3011 3065 3056
200 2641 2190
964 2737 2297
4637 4765 3915
2206 3828 4450
1077 3045 3222
4186 4559 783
4969 4997 2550
337 4313 63
2284 3488 101
1872 3251 2761
280 2365 4880
2353 2811 4860
4424 4903 1731
380 3253 1571
4270 4281 760
1385 4745 2150
908 2725 275
1774 3892 2104
1045 2691 1993
2106 2366 2586
690 762 3286
2990 3021 1949
4552 4912 290
1417 1672 4569
2607 4082 1094
3456 3841 4891
1465 2887 2031
2024 3040 2860
2357 4565 2598
693 4630 4971
4436 4890 2555
2653 4964 2315
1598 3095 4330
2612 3022 2219
4128 4423 2288
251 2396 291
2513 3885 597
3916 4064 1614
157 3345 3977
2711 3704 2024
2010 3998 3711
4360 4455 161
2867 3335 971
3271 3649 1528
142 328 4597
100 726 72
4757 4855 472
4284 4563 2768
115 4645 1144
1255 1949 105
186 1921 3475
3491 4310 2935
460 2432 4833
160 405 7
1268 4344 3535
1133 2576 1012
2424 2601 1987
4807 4840 3198
1986 4724 3362
2536 4916 1783
4547 4845 2818
194 4227 3662
1063 2301 4592
434 2577 1084
562 2215 2244
1755 4004 1
3564 3873 2033
3201 4089 2075
1345 1536 1545
290 3534 3904
3972 4735 987
3251 3525 3918
121 3672 3572
401 4453 2247
3581 4353 1051
392 1456 4726
873 3612 4329
595 4056 392
724 3142 1749
2826 4937 4191
2343 4933 3629
3903 4816 3049
1121 4532 2511
3556 4462 2503
713 1292 4641
417 3799 3209
1209 3648 2590
2405 2961 4761
3934 4838 4952
4389 4720 2885
1855 3233 401
1404 1758 4079
970 2358 4216
2709 4672 402
171 2930 2481
66 255 2308
3551 3671 2884
2405 3023 4252
1791 3471 1677
1005 2039 4917
3594 4749 1978
4545 4658 3224
3707 4148 4434
954 3264 2006
4072 4308 523
3788 4288 322
2953 3404 845
663 4842 4417
338 1674 4240
4739 4848 4338
2332 3999 870
651 1516 2138
1175 1896 2298
4238 4318 2114
3577 4230 3237
1845 4692 3550
2706 3035 2372
4371 4382 1922
1532 2372 1934
3298 4285 4355
4670 4835 2970
1670 2803 536
4964 4983 2917
4954 4997 3067
2373 3938 3291
712 1877 4013
1451 1677 1862
982 1683 4698
485 873 2048
17 4774 1818
3241 3301 841
1904 4150 3597
2692 3932 2538
3290 4186 3032
1810 2212 2363
3287 4933 585
4057 4132 4438
489 1469 170
1344 3487 4787
2980 3836 3110
1461 2230 1257
4259 4683 2514
1739 2518 2058
2720 4246 2486
3523 3894 900
4956 4958 1177
1784 2630 4870
1974 2211 1691
2097 3598 2411
435 2961 741
2578 4184 1377
3486 4017 684
4735 4741 526
1710 4923 3913
3121 4898 793
4770 4982 2909
1542 2938 1053
2090 2240 3707
2687 2907 632
2531 3282 1791
4128 4676 2691
778 1956 2776
47 267 1271
4517 4780 776
1516 4100 4529
1054 1429 2692
2912 3404 3297
1934 4411 317
3913 4435 3681
3897 4624 3237
4498 4698 4034
292 4517 521
2745 3355 2427
3992 4418 1044
4733 4816 1386
2914 3961 4693
1332 4139 2065
502 1493 4270
1858 2772 1046
210 503 4266
3008 3540 2247
2823 3554 3707
3321 4217 656
201 315 3147
2599 2644 524
3552 4439 4058
4579 4773 1482
1513 2054 4649
3455 4765 496
126 917 291
3288 4988 1425
1430 1803 1389
1823 2553 1863
2858 4623 711
1953 2867 3796
1796 3215 4822
3899 3968 1516
2372 3429 1619
2197 2978 134
551 990 3908
3523 4507 3322
902 933 694
780 3423 4698
2200 4833 74
1869 3281 3451
1971 2085 2277
4731 4816 3581
3722 4937 2695
3356 4279 2100
3919 4587 3771
2523 3244 4725
462 3871 2800
2980 4372 3636
278 1028 4204
3966 4345 4454
4871 4883 4078
2099 3610 1292
371 4547 873
1446 4879 4473
251 1269 1881
4377 4436 2282
831 2682 4652
1983 4490 2534
1883 3469 3360
1558 4248 4060
3339 4134 4662
2773 2834 2824
2178 3440 2791
2886 4256 4035
3798 4290 619
3410 3742 2612
3879 4417 3964
4970 4988 1749
3892 4677 4837
4816 4868 3577
4388 4528 42
1730 3876 3239
3119 3724 4474
798 4043 4138
4610 4949 3394
4155 4321 924
3979 4805 2190
2478 2765 2975
3770 4893 894
3554 4932 2885
2807 3557 95
747 4072 2872
2619 4280 4071
3493 4652 834
1461 4176 2295
4903 4990 1564
3163 4213 2806
4940 4982 436
1318 4039 1714
1881 4115 4302
4808 4878 401
4235 4839 391
47 4082 3370
2378 4628 3705
2071 4415 605
2702 3327 443
4921 4925 3970
1967 3751 282
4214 4948 140
1074 1212 2600
4453 4859 2561
3665 3943 2767
2635 3511 3040
461 4466 2541
4758 4868 3509
3186 4439 35
2366 3514 4659
3590 3973 1567
1043 2900 2435
3483 4446 1632
735 4146 2885
163 2293 4031
2233 3343 4186
3089 4928 1667
2597 3132 6
2168 2258 2399
3697 4118 927
3055 3794 2415
3030 4295 2150
4677 4678 1898
102 2420 4055
2181 2347 1436
4068 4535 2647
154 2077 3318
4328 4857 3945
812 1315 411
2808 4849 4816
4853 4910 3079
4 2341 4041
3902 4790 60
3792 3827 3061
478 1986 3457
1289 1810 1802
2678 4592 2691
1902 2199 4365
4545 4725 4635
2706 4014 1408
4341 4951 3431
3477 4901 3095
7 3903 1427
2877 4675 822
3935 4337 1167
4188 4548 549
1774 2038 322
60 2539 4779
1602 3630 2166
4266 4556 3610
990 2852 762
4478 4933 393
3796 4342 1173
4790 4915 3443
1376 2064 161
829 4137 730
3937 4683 1451
93 4858 1148
3377 3527 192
4917 4939 3679
3079 3852 3886
1028 3510 1301
36 918 3361
3504 4412 2714
1200 3691 830
137 2561 81
4129 4457 1748
1415 1493 3876
617 2565 4579
4454 4598 2436
339 4063 846
4429 4449 4796
1660 3862 151
2851 4297 4659
2435 4868 2274
807 3092 3914
1164 4195 3600
318 1423 4354
1214 4785 2136
74 4524 1443
1544 3958 443
1393 3715 4635
4657 4663 2397
1463 3456 2879
1840 1865 2289
1074 4355 4413
2525 3796 3503
3323 3989 4195
194 1161 1330
2242 4702 2166
4297 4679 1960
3861 4248 4596
859 2549 1081
4594 4881 3345
2563 3823 2632
4269 4673 713
4932 4960 158
2110 3239 3532
3231 3511 2875
3295 3845 2032
990 4461 4533
1894 3930 2442
4246 4693 1100
1705 2961 3728
2329 4062 3646
200 4194 2018
3255 4435 3530
2102 4687 2708
2418 4114 3301
666 3290 3575
340 1143 237
2609 3842 3811
4893 4926 4524
2259 3766 2316
3927 4457 4548
3386 4895 2790
3279 4180 4351
4479 4775 1219
2403 4830 3274
979 2105 2289
3310 4507 1976
3315 4115 75
3187 3715 4261
4133 4438 1978
3465 4674 241
2824 4154 4579
2113 4072 39
2684 4443 2919
308 2212 612
1098 2543 1541
4861 4903 1055
2969 4134 1792
3706 4245 848
3803 4066 1453
4937 4972 385
3608 4625 1797
1082 4669 1229
4420 4685 325
4906 4907 4936
4908 4955 3764
1046 4636 358
470 515 1662
1848 4306 4223
193 2065 2190
2550 4041 3025
1526 4734 4105
2569 4503 4437
4740 4776 1754
3245 3284 3458
4326 4815 2628
4554 4562 420
3411 4263 2367
1433 2156 787
4473 4859 1431
4913 4974 303
273 3050 1039
3601 3851 1083
1908 4462 3118
3043 4776 1771
654 1967 1628
3042 4198 3786
4761 4940 4154
3937 3955 1743
530 2699 1714
189 1844 4643
2701 3928 744
4139 4381 4531
2909 3958 1037
3928 4223 4670
2397 4851 3875
1629 2113 2161
327 2514 2083
4254 4544 4373
591 4925 2837
2209 4979 425
4322 4615 3305
4824 4969 4976
126 2057 2343
3809 4009 3198
446 1501 2756
1483 2354 4037
1235 4997 4467
1994 4859 1873
4730 4946 4189
867 4162 3834
1837 4855 1525
1086 2133 220
2619 3790 602
1382 4337 2861
2339 4225 3186
1422 3062 1753
1446 4227 2020
3886 4252 269
4353 4678 2291
3903 3926 2280
3102 4546 4283
3500 4486 3503
1165 3160 3504
1478 4916 3429
1555 2644 4282
2776 3531 2692
2750 3694 3153
370 1565 719
3577 4205 728
1874 4092 3346
564 3183 1009
1079 1520 1861
1966 4020 3581
83 403 2187
1230 2856 2528
3855 4400 4263
2333 3764 2099
2902 3113 4249
3681 4088 2538
3923 4608 741
3151 4150 361
3597 4348 2367
819 1019 2142
2633 3283 3572
400 3741 930
2137 2206 3227
2899 4321 2510
4079 4639 3906
1169 1576 321
1412 3292 4052
3373 4451 3030
246 995 832
1710 3464 554
2618 4670 1083
4753 4803 1883
4591 4939 706
879 921 3967
1164 1874 2771
1697 2729 499
4084 4462 48
1951 3092 3774
2639 4016 2068
56 4697 445
4223 4247 1848
3059 3433 400
2413 3662 2805
4186 4291 3246
1404 2097 3035
293 4447 3533
1267 4775 4916
3239 4618 3237
3274 4616 2530
3797 3898 2700
1384 2969 3746
1445 1862 4081
2939 4448 2537
1053 2898 833
2673 3574 693
23 4433 1544
2347 4891 279
1243 2945 1279
1435 1989 4030
3075 4747 2064
2955 3394 3498
385 4492 4769
3236 3322 2098
4473 4856 2392
155 1923 1651
2018 2874 264
1716 4965 1073
1548 3411 4090
868 3717 4378
1107 3035 611
1969 2350 3100
3610 4373 2394
3045 4915 1284
4014 4237 585
3948 4988 871
2544 3025 3861
96 1702 1533
2578 3971 1767
1688 2662 1570
1803 4992 4209
2189 2487 1116
3407 4877 3019
4195 4790 936
2610 3577 4856
3273 4146 1257
4750 4922 1464
1940 4965 4076
799 4767 4017
3082 4006 1375
3517 4719 2538
4543 4613 3405
3705 3871 3788
3105 3549 30
1915 3522 4922
3446 3818 1996
142 3694 361
4168 4852 4693
3385 4061 15
3922 4417 2689
4836 4959 3846
9 973 1262
255 4093 699
633 3494 4221
2923 3377 2177
820 1613 1985
491 1486 3976
4262 4728 3769
68 2423 4703
111 2974 238
420 601 3713
2493 4940 3982
4913 4966 2205
4612 4850 725
607 2500 323
1818 4672 1935
3868 4469 4076
4549 4568 4327
271 2426 1832
827 4316 4937
2926 4220 3763
841 4367 1098
1247 4226 3300
4147 4689 3168
4129 4443 4705
707 3129 299
192 2031 4168
2113 4839 1230
2418 3940 3505
826 4287 4614
18 1158 2008
1816 2033 2900
984 3142 605
413 1250 1557
3066 4233 3239
3779 4044 4201
2990 4600 1060
563 1334 1319
4249 4768 4479
3829 4800 192
1345 1937 3269
4629 4780 1843
515 1670 4040
281 340 4106
1642 2326 3087
766 1393 3986
579 3813 1926
283 2504 1220
2070 4800 684
695 3313 4313
4639 4652 3874
4337 4771 666
3712 4738 3194
1222 2987 786
2233 3796 4079
4260 4899 2678
273 1493 1256
243 731 466
4795 4989 939
4279 4460 2859
203 1425 1009
3475 3627 1824
162 985 1083
1210 3751 4455
3029 4576 2150
571 4613 3499
4501 4958 370
48 2438 3578
2051 3138 4360
221 2663 2215
1959 2349 2046
4181 4319 4940
833 4660 1769
1017 3891 1934
831 4420 4731
3937 4452 557
3372 3772 2950
1650 4975 407
2612 3078 1118
681 1531 4374
4804 4986 456
2167 3187 4576
352 3725 4668
3174 4334 2252
4377 4840 3264
3794 4492 2572
3274 4540 1940
1604 2575 756
2258 2429 4290
794 810 2601
802 3211 4193
3162 3809 1051
1374 4360 4157
1925 3286 3666
2179 3029 565
2859 4066 1248
296 4583 1583
511 4054 4697
2122 2800 1133
3516 4333 2086
4000 4253 115
3064 4784 1758
590 3743 2149
3448 4860 4448
2036 2253 196
2385 4916 1688
2778 4764 4273
4815 4915 3882
1846 2742 2773
1347 3463 1030
1045 2554 706
288 2931 240
4661 4859 3285
4333 4470 469
2560 2605 2151
3482 3805 630
3718 3880 285
3102 3129 4719
437 4475 283
1179 3085 306
2872 4117 1458
1125 2417 1147
2956 4097 2011
4722 4901 166
1434 1809 3277
2055 3548 4377
1830 2397 4800
2988 3328 4787
2609 3506 4816
4384 4872 3636
1775 3464 3406
4717 4883 4170
2345 4953 2276
1918 2850 679
1976 2120 4990
2415 3800 632
4497 4816 4410
1944 2676 1129
3053 4111 4562
3429 3972 557
956 2455 1471
2708 3861 3181
1099 3020 611
1291 3756 4589
3207 3867 3698
3314 4678 3958
4992 4999 754
3201 3288 1229
14 229 1582
4498 4651 4275
6 4164 4003
1904 3588 1320
1381 4541 1842
2700 3013 1192
4796 4982 3621
1142 3210 635
3154 4393 1923
3307 4461 259
3147 3265 1146
461 1552 3644
127 2275 3239
4380 4420 1527
1623 3023 2670
2262 4623 2029
260 4715 1673
1872 4645 1993
151 4951 1914
3867 3908 4626
549 1037 909
3309 3731 1962
495 1325 847
3895 4543 4149
251 4407 4680
2929 3631 1406
3149 3416 3168
4371 4722 1921
4996 4998 910
3714 4103 2256
3999 4675 3972
2790 4569 3533
1103 2652 537
1131 4451 1610
2447 4256 1840
1302 4323 2902
4816 5000 4116
3354 4414 96
615 4049 1267
4322 4678 1488
1070 1897 4708
1269 3111 4412
123 2721 183
1663 2056 2972
3021 3883 4965
1847 2614 2512
4049 4327 2116
2245 4057 1040
3732 4170 1506
3008 4338 1032
2942 3704 832
1874 3451 2684
3700 3778 4041
1822 4593 2326
1024 2349 3203
154 2924 2822
1081 1453 4032
2386 3092 4342
705 1944 4835
1613 2473 3257
4454 4882 1617
517 2548 3421
4657 4840 334
4049 4282 3550
1831 2971 3146
172 4779 1906
3323 4337 2077
2916 3535 1553
207 3558 4751
39 180 801
789 2751 2654
3457 4961 3009
353 4122 1873
45 3377 4473
1504 2044 916
3175 4238 3784
1390 2790 1452
4229 4546 3761
988 2559 2015
4927 4939 3207
3166 4516 2683
1921 4598 933
4579 4639 4052
3618 5000 1105
3214 3811 1920
2353 3556 555
2996 4878 938
2467 3684 2390
2279 2914 4327
2817 3294 2854
3853 4060 299
4010 4781 1093
1939 4653 337
2242 3245 2170
1146 2669 1312
819 1531 3217
1407 4890 4971
2622 3110 4572
3592 4325 4593
4284 4802 2412
3093 3213 1258
1558 3742 3359
890 4470 308
4607 4806 841
2004 4599 2575
2850 3142 1075
3172 4238 1202
3177 3288 3835
3410 4419 1996
1216 2891 3123
3118 3299 193
734 4793 1748
8 2134 2504
757 4851 4439
1740 3739 3773
3645 4291 1152
1132 2635 2121
1054 3575 2791
699 3675 3532
4542 4546 4356
4663 4847 2874
2412 4944 755
3354 3712 1528
1082 3190 3840
71 3911 2911
4883 4934 3997
4537 4824 1942
1353 1589 2153
1627 4749 955
4169 4971 198
763 3088 4087
2249 4868 947
4391 4450 4033
84 3436 1281
1666 4494 1353
2564 3269 345
225 869 3992
4231 4635 4192
1703 2541 3615
2117 2651 3905
2382 4643 3894
3230 3417 3226
4959 4968 4667
2007 3116 1484
908 2052 3760
338 431 421
3200 4705 2047
3164 3704 3256
1087 1112 1953
2610 2743 2230
3610 3685 867
1993 4323 4954
4758 4777 751
1118 1186 3385
761 4034 1090
2399 4854 1363
1364 2193 2575
1387 4750 29
914 2866 563
2692 4154 3526
3989 4975 839
4383 4385 1946
2173 3013 2843
2309 4462 326
4262 4337 1545
2456 3974 176
2970 3178 4296
1132 2189 3805
3795 3970 1635
724 3486 3575
4932 4991 4309
3819 4874 1887
2160 4766 4316
3453 4054 1263
2141 4669 2598
1250 4892 4107
447 1269 4929
1976 4562 1914
4332 4925 864
4954 4998 2034
1081 2503 3880
1405 2166 2954
532 4558 222
3481 3793 3109
3333 3636 3014
1512 1861 174
1337 3280 1459
3913 4179 3198
1756 2763 2873
4637 4814 3469
2223 3298 880
1259 1311 3992
4410 4440 283
2533 3755 4049
2941 4382 3644
2739 4624 1138
2458 4875 3720
3700 4324 2706
1994 2226 3579
2170 3765 483
258 1241 4594
683 871 3738
4719 4936 339
1639 2573 2384
3504 4062 616
3079 3721 3607
3149 3286 4198
158 1599 1383
2407 4810 3647
2 3912 4877
4514 4893 4143
2323 3174 3810
3952 4975 3595
4945 4950 587
3788 4030 1133
933 2138 4287
3514 4914 4813
4812 4936 1449
1606 2663 3795
1877 3171 3145
104 4520 2703
4286 4544 2850
3167 4063 4395
4217 4407 707
3163 3666 4654
3541 3730 2775
1644 1674 2659
2941 3927 4537
4101 4886 2944
1675 1928 4364
1042 3861 4821
991 4655 2572
621 3796 902
925 1394 2478
3392 3942 4292
4852 4936 1994
1578 4760 1856
839 3968 1287
1997 2755 23
4376 4656 4253
3366 4704 4155
424 4782 3594
3071 3608 2417
2102 3640 907
1597 4403 4911
3258 4205 1551
3343 4906 942
4659 4824 1224
1188 1397 1840
3284 4802 3425
2130 4046 112
972 1850 191
73 2333 4308
2432 3064 4593
4613 4789 2054
4808 4943 4094
3660 4588 1282
4927 4948 4113
2584 4743 1977
2325 4143 2966
2537 3520 3634
801 3694 2292
2585 4136 192
4921 4995 4531
4985 4996 3421
791 911 4090
3732 4882 1493
847 1601 1079
4605 4643 394
969 2388 3119
3827 4255 2449
4836 4869 1666
3914 4055 219
1262 4016 3609
501 4264 1919
3063 3539 988
1143 2732 2339
996 4554 3071
4512 4977 3752
4629 4659 2293
1271 2045 540
626 901 188
1504 4034 2826
3768 4042 2861
1863 2664 3500
4877 4977 1798
813 1032 134
2999 3182 3112
2492 4121 761
2180 2355 4433
1444 2571 3744
1408 4655 4952
3921 4394 4105
4435 4984 4157
4103 4503 4436
3296 3391 154
4186 4929 4332
1642 4615 632
2818 3796 151
38 3280 4753
912 2761 2068
221 2120 4789
3660 3859 1658
3041 4671 2087
4436 4849 1118
2968 4155 913
1582 4455 1201
1186 3208 1912
2255 3664 531
2148 3318 1722
2945 3644 2661
3950 4351 103
4742 4786 139
4545 4932 1431
1312 4098 1486
106 3409 1374
1802 3208 3353
1874 3302 2002
3166 4266 1652
1910 2476 2682
2859 4928 1882
118 3908 2044
1181 1478 3494
3043 4449 1612
1881 4483 447
4205 4719 1061
1024 3010 4149
2274 4955 1795
1880 3855 859
4361 4505 1147
4904 4945 1367
1862 3845 2685
4658 4978 535
3336 3510 1032
604 4455 1212
4921 4992 1060
3090 3697 551
3527 4780 4046
4759 4857 3974
1738 4362 3954
3181 4975 3956
3820 4369 2155
24 4214 1388
1231 3033 3168
4859 4882 3580
4530 4802 1233
4755 4787 4887
3594 3849 2725
2326 4692 3201
1708 3631 4806
4014 4021 774
874 978 810
1445 3379 4109
1940 2219 4451
1351 1934 700
2687 3145 3501
1053 4592 2366
1135 2689 3686
3716 4075 1483
1681 1700 3346
3971 4178 1410
1353 2874 113
186 2452 701
800 2185 1419
1418 1978 3466
2004 3035 4056
1213 4615 4623
4311 4806 956
4429 4790 316
3848 4247 1089
4251 4998 1726
3305 4808 676
2732 3280 1558
3521 4323 1594
3711 4625 4924
1749 4617 2524
853 3738 432
509 4888 3979
725 1163 3326
2335 4381 4562
3400 3739 1276
992 1343 557
4725 4942 796
3171 4042 2479
3152 3936 2596
4708 4773 561
2779 4301 3257
1539 4938 4502
1455 1641 2005
4656 4679 1534
1056 1115 2142
1464 4639 4689
4274 4294 1258
4356 4611 385
3529 4932 3720
4993 4996 1457
4363 4377 3822
4344 4729 3219
41 4768 1375
3026 4305 4015
3207 4020 2691
3373 4285 2349
2791 3054 2018
4229 4775 3240
970 2491 1603
3521 4713 1624
1873 3196 3481
4505 4922 485
2179 2895 4835
3521 3808 1039
1933 2754 846
2177 2677 934
1609 1617 2961
541 1921 3523
4709 4815 4459
988 3809 1797
3749 3947 2518
2012 3643 2698
4636 4693 3000
1129 2630 3814
2598 4335 3346
4609 4846 4458
1456 2928 1585
1815 4398 4886
326 682 4311
1169 2297 1126
2489 4985 136
3562 4735 4013
1722 3782 3818
2570 3854 4253
4552 4653 4666
4987 4990 3151
1605 4365 1417
2978 3515 4286
3784 3889 3948
2285 4825 1399
3556 4751 2810
4843 4936 2952
3224 4591 2002
1939 2670 4756
422 1379 387
3953 4923 3867
781 2337 543
2039 2231 2586
4822 4856 1761
49 4729 244
2635 4894 37
2013 2637 1962
2018 3870 3933
831 2072 1251
3306 3879 4785
473 4279 4400
473 1348 2797
432 2013 4213
3172 4849 1370
4442 4470 2628
2837 3803 4822
3936 4119 354
4939 4951 3059
2051 3800 4968
4630 4776 2690
3552 4768 78
1773 4601 370
3395 4899 3659
4731 4940 1506
146 4256 4559
2725 4340 2093
2506 4069 3310
750 2722 3877
691 1515 4762
1208 2338 3751
4833 4865 2173
2720 4163 385
4243 4644 2913
3755 4236 842
2999 4844 2053
2608 3266 3908
357 2736 2508
682 2178 1348
2421 3749 134
2267 2503 2179
4124 5000 4333
4863 4888 3195
293 878 2648
271 4193 3044
1909 4602 1232
3156 3992 3672
4834 4850 1765
288 2182 264
4174 4528 4668
1521 4731 68
4967 4995 3592
1453 2118 3442
1237 3215 4861
189 4914 341
2235 3917 287
96 1091 4681
624 1823 4745
3653 4633 4898
3694 4530 449
4356 4497 598
1147 1919 2565
4707 4933 4524
4618 4854 4477
1101 1569 1239
3770 3987 1710
326 1064 928
1905 4146 1046
3535 3745 1163
1943 4196 732
4253 4613 1628
1243 4193 2765
2321 4030 2518
3177 3589 1060
1053 3092 2388
3912 4959 1101
2676 4068 3404
659 2687 3593
440 1687 1947
3575 4361 4572
1390 3668 3755
2805 3324 418
1008 1578 2633
991 2582 2624
718 3795 3592
3051 4249 478
4320 4997 2535
90 3203 1640
3325 4633 1081
4847 4967 1286
2790 4615 4121
1029 1110 4462
3459 4921 1929
2794 2806 4092
3225 4256 2011
4590 4648 2655
3697 3736 4786
3718 4310 743
3898 4475 3445
4942 4982 422
2397 2483 1030
3611 3849 2104
283 3579 3512
3658 3941 2990
3247 4694 1126
4321 4492 1301
3201 4044 2185
1412 3921 1116
4968 4981 1718
4998 5000 1919
4164 4955 2128
3731 4123 49
1084 1434 1267
3576 3910 1545
95 3333 4355
4905 4963 4433
4000 4931 730
3516 3990 3880
2905 3498 2068
815 3584 1408
4292 4767 3994
1379 2788 3687
4203 4725 2536
4562 4684 4045
4530 4748 3337
1328 3714 3852
4749 4953 4140
4481 4886 3696
1219 4440 604
3867 4497 1007
1765 4256 828
4186 4942 4484
1856 3980 4737
272 4977 4730
630 2271 3589
2874 3913 1487
1045 4631 4268
4014 4732 3996
1422 3423 3873
4324 4986 1017
450 2796 3620
7 1626 4719
1602 2771 1002
1745 2841 401
2939 3918 3283
3634 3709 873
2362 4724 2489
1149 4452 4776
1054 3558 3869
4763 4955 1816
331 1600 3784
2507 3718 4129
3471 3501 3956
2919 4752 2847
1507 3322 1922
851 1585 4139
4860 4864 792
1908 3034 135
2655 2945 342
1252 1907 1578
1482 3858 4414
2618 4192 4287
2447 3229 4234
3680 3788 699
1307 4170 2572
2104 4358 1074
586 4094 636
3277 3752 591
3610 4908 4215
3717 4237 4702
481 2873 199
879 1924 2575
786 4350 3883
3263 4618 1314
4526 4587 3964
1072 4309 3776
4422 4629 1468
1792 3940 953
4802 4974 4851
3829 4846 3283
2075 4558 1314
279 1537 2875
4676 4866 2745
3091 4414 502
4514 4770 3618
3578 4673 3339
666 3903 122
2553 3043 4982
697 3116 4198
1526 1910 2474
1939 2405 2462
2971 3848 1413
770 3892 30
2432 3741 3635
2523 3547 28
2229 2434 2507
4252 4994 2409
2953 3785 3126
683 4354 4661
4833 4869 3897
4082 4856 2943
641 1721 767
1707 4624 4431
1833 2733 4639
1663 1708 938
4792 4922 1779
111 4248 303
3711 3868 1978
3211 4627 756
974 1769 2930
4316 4763 2479
3329 3846 4229
494 4413 3190
3248 3433 4973
4070 4622 1841
1941 4333 3277
4484 4578 2362
3044 3235 1531
803 1671 1200
478 3879 4553
2568 4284 4313
1918 3370 1896
3300 3892 3325
3671 4538 4603
3685 3737 2414
4063 4845 2086
2572 2668 3640
869 2554 1278
4701 4861 345
2636 3317 2962
3282 3696 1587
2053 3201 2910
3206 4622 3417
1578 4266 3677
226 2472 4256
4227 4436 3791
735 4980 54
3152 3625 3118
3417 4084 1069
4076 4273 229
2493 2913 3040
1580 2825 1514
975 1889 289
4130 4772 3966
2401 4115 3074
3853 3900 416
4402 4698 816
2065 4443 1424
3901 4707 1652
3058 4167 2645
1558 2800 2271
945 1303 4308
1773 3713 3444
4017 4095 4779
4930 4995 4110
4644 4795 4427
4253 4479 1011
3535 3954 2061
2588 3554 193
1298 2003 2093
480 2270 3341
1408 4156 1139
1279 4570 4394
3165 4161 4804
2866 3808 624
1378 1918 378
2320 3516 975
2823 4797 3480
1146 3600 2460
4772 4835 4058
3549 4752 2986
2781 4735 4693
603 4804 1583
4774 4993 3455
4776 4921 4796
2204 4983 3980
2441 4159 3546
597 1255 3278
4809 4999 3983
2754 2836 3588
1455 2777 2079
4594 4798 3787
3702 4547 1822
4672 4693 4910
1538 1557 3110
3795 3855 694
3324 3598 4557
3115 3116 2324
2489 4600 2558
1279 2855 29
2270 4257 3273
4636 4833 1965
2902 4202 3098
231 244 3610
109 4416 986
647 4867 2847
3326 3710 3685
3041 3891 4818
2141 3576 3958
1540 4444 4455
3150 3476 643
2033 4715 3943
419 3735 2901
3687 4294 3895
1639 2130 4760
3749 4633 2
4012 4598 2787
4316 4348 3288
2453 3611 308
3069 4357 1656
814 2511 4376
3989 4719 4605
4162 4515 3523
3242 4302 4708
851 3882 911
1974 4961 4995
4980 4993 4839
4279 4910 4372
2564 3990 826
3298 4283 4152
4634 4719 2619
920 3492 75
518 3091 1424
233 2298 3406
4464 4667 2541
4941 4995 1005
4364 4897 54
110 3813 2414
612 4477 4324
4210 4556 1084
94 2595 702
1791 4696 2472
2387 2433 2120
2591 4284 2823
2857 3896 4760
511 644 975
2077 3541 1663
4554 4656 1952
2011 4677 2764
409 2009 2336
1140 2551 3799
815 4935 3534
3219 4481 3885
4110 4832 1701
4949 4983 329
1501 2434 2254
4413 4558 3763
3962 4070 3710
3983 4584 4617
1308 1723 2948
1352 2619 2449
2468 3368 4054
1169 4183 4814
4464 4942 4372
4772 4883 4934
2746 4681 1776
3804 4730 1871
3553 4439 3397
1237 4361 545
4522 4768 1184
4733 4823 545
2906 2961 4849
4738 4888 3816
2994 3476 2932
1974 3964 3715
2184 2610 504
4540 4901 4600
1630 3662 1498
4134 4737 376
2575 3510 1053
3194 4906 249
2251 3310 2585
4851 4946 801
3497 4206 3435
2699 4391 1659
3246 3374 1228
4039 4867 3289
559 3421 979
1554 2664 3694
835 2651 3858
1478 1658 1203
2769 3737 1726
1026 4675 3891
2128 2211 1258
4422 4560 2647
3356 4802 4220
3026 3806 2003
4624 5000 3281
2420 4200 4003
319 2903 4719
4791 4957 374
2738 4238 2533
2847 4282 4323
3079 3590 2453
503 1888 2981
2005 3869 1592
4577 4628 4278
4977 4996 502
2713 4142 4987
3244 4951 3958
4897 4897 875
3656 3934 1787
2359 3677 4287
389 1939 1144
4471 4945 2061
291 3848 1732
2465 4008 621
26 940 2022
4788 4977 3034
2955 4808 2972
4483 4830 1244
2824 4255 1048
161 2124 1420
2036 3672 2677
1019 1379 2458
4676 4724 1118
3141 4310 1090
3542 4908 2917
1423 2105 1027
2975 4786 2548
560 4792 2688
3536 4099 4075
2477 4081 2066
1717 2369 2949
2948 4864 4189
1210 4400 4011
3819 3905 3949
2669 2764 479
1251 4611 920
2832 3537 3864
686 4592 3567
3719 3728 2667
2042 2829 1772
847 3285 2304
556 2873 373
1027 2528 3836
1921 2508 226
1869 3673 3572
585 3118 2703
1047 1496 1346
3166 3215 404
2129 4600 2856
518 1605 2994
767 3066 4299
4035 4680 401
4741 4777 4963
1728 2576 1284
2005 4406 2749
2037 4177 3588
993 4291 4509
2458 4202 1615
2519 4864 4596
3530 3712 3121
4811 4856 1391
4533 4975 2024
160 4404 2180
1506 4642 3479
4304 4511 179
323 1841 2719
3158 4953 2081
3874 4857 639
3175 4180 164
3804 4229 2526
3341 3617 926
1606 2183 593
2252 4356 3768
2192 4377 3191
4748 4800 2957
1518 3047 4781
4617 4896 3410
1885 3750 825
2604 2800 2516
1295 3446 3957
4208 4611 2204
3311 3531 3512
3152 4336 282
2720 3740 1880
4799 4808 2636
766 4498 2249
4658 4782 3686
4734 4863 4235
1418 2933 3884
220 2823 4660
4167 4347 924
2515 4822 3569
2570 3610 3020
1771 3036 3508
4994 4994 3327
1853 3272 109
3714 4300 426
3801 4437 2664
4365 4770 1805
3982 4948 1161
513 3073 915
4039 4133 1095
1071 2088 2597
4567 4607 4195
3941 3976 3953
4387 4537 3866
1233 4154 721
2941 4615 4768
1983 2687 144
2581 3893 1307
1413 4508 3092
3231 4121 4832
4351 4586 2078
4771 4961 3495
382 2261 2283
2411 4224 2072
2775 4048 2305
4527 4530 4438
3057 3504 4780
1143 2555 1156
1919 4682 2006
2608 3362 3277
3527 3955 3200
4621 4678 3803
411 2457 2458
171 1297 1507
4251 4753 3851
3945 4871 2944
273 506 2358
3778 4525 4324
3925 4874 2633
910 4712 4168
649 2083 1600
2182 4584 816
32 2275 199
2481 3625 1372
4941 4999 4565
3312 3954 3405
797 1726 2298
813 3087 274
1533 4396 4244
4661 4923 3125
2083 4313 3061
991 4044 144
1019 2235 2928
955 3439 4113
3002 4515 3163
1945 4599 3231
599 4577 280
4985 4989 3043
4234 4773 3719
1797 4438 4873
2108 2969 2593
2817 4411 91
96 2270 4030
3635 4604 4603
2695 4291 555
3314 4663 4823
226 4649 4353
92 2498 4493
1669 2844 1200
3059 4508 1464
3114 4109 1891
415 611 2103
3503 3774 2413
2480 4456 3617
1774 4676 1767
258 3478 808
3336 3925 3725
4849 4892 4822
3471 4413 213
4800 4846 1453
3030 4398 2420
385 4546 2290
2351 3295 1507
3730 4786 1798
1325 4816 2519
293 1552 3161
2040 2091 4660
1688 3259 3133
3358 3537 3537
3407 4838 3254
707 1544 2317
1940 3697 2775
2166 3464 2537
1369 2905 2413
535 4241 4104
3157 4980 532
3988 4523 4894
4259 4307 1401
3250 3630 2542
3033 3688 3817
3145 4066 4887
3102 3863 1003
3488 4988 3132
82 975 3392
1237 2256 5
2296 3501 3708
4557 4820 2897
98 2056 927
2812 3258 1765
286 4998 55
343 3648 2893
4109 4460 3594
307 1089 687
2906 4140 1479
3081 4389 608
2305 4528 244
1691 3186 3234
1028 1885 4026
3909 4649 539
3285 4804 3715
4756 4990 1383
3233 4563 4664
4899 4900 206
352 2132 3725
1870 4164 1957
2141 4893 2456
1088 3890 4375
2174 2576 4747
441 3329 4666
2601 4405 4795
3735 3988 3227
2202 2904 3876
1296 4043 2739
564 4074 3470
3883 4688 4822
3863 4378 1497
3005 4395 2672
4678 4920 2675
4153 4334 3545
4310 4561 2961
523 4157 3043
4293 4988 4106
2725 4512 2356
4093 4822 3648
1719 3091 1023
1040 2843 4681
3146 3265 2283
1691 3090 485
2480 3803 4639
293 3407 3844
4130 4651 1867
4103 4204 4616
4924 4936 4
1033 1626 1327
2101 4916 1349
2051 3274 3216
1731 4158 3680
4054 4143 2541
4123 4597 1452
4591 4599 1427
3154 3612 2780
4689 4827 71
1807 4979 1880
2142 4253 3362
3025 4090 2235
3155 3712 3957
3520 4291 1945
2236 4616 279
2150 2462 340
2970 3015 3739
1022 3945 2007
4587 4861 1739
4165 4253 3751
3494 4755 3439
4717 4907 888
4231 4833 1512
2047 4909 1291
4662 4928 4408
4498 4587 3109
240 900 4343
2350 2408 2286
2794 4864 1043
1750 3408 3238
4652 4946 284
703 4235 3051
4309 4381 2715
1936 3014 3780
3773 4145 985
3555 4609 2757
546 1797 4176
3829 4964 4701
1982 3997 1562
977 4326 3607
3613 4749 4254
3220 3952 3524
377 2474 2459
1130 3396 1092
2003 2866 3834
1853 4613 4448
1429 2086 1777
1686 3887 612
2506 4772 3774
4911 4990 2163
4572 4837 1192
3583 4709 138
3284 3763 4942
4396 4550 2381
4138 4413 3406
2806 3757 2182
4443 4954 1806
1385 2660 2408
4000 4750 2518
1296 3542 2186
4245 4608 3587
796 4051 2735
1900 2128 1350
1052 4557 524
1853 2136 1086
589 4345 3437
2167 3493 175
1530 3754 3382
4623 4684 1125
4798 4807 3934
3940 4739 344
2526 2861 4052
3779 4010 4533
335 510 3126
1823 3819 3844
3810 4026 1338
2940 4374 1313
1677 2437 4443
4273 4896 3459
1326 4358 1878
4949 4997 425
583 1412 3521
288 1866 4647
4229 4555 1717
2668 2859 567
186 2712 4954
4175 4489 3351
4512 4835 1241
2650 2685 1173
686 1276 618
1842 3182 3250
4247 4347 4430
1833 4050 3412
3877 4688 1546
2802 3503 3897
2609 2680 3223
3318 3882 1611
4377 4927 150
3865 4669 3884
2763 4861 1282
3214 4992 3509
4589 4702 771
2444 2732 334
4823 4827 1973
795 4330 2862
1108 4731 4462
2008 3761 3967
1993 4954 822
657 4044 2684
4388 4633 3281
2310 4001 4812
1358 1387 715
1126 4809 4051
3638 4629 424
1671 2723 3832
3744 4911 4436
2613 3775 4040
4725 4886 737
286 2125 4758
4130 4422 1844
3202 3722 3095
2865 4106 4619
4400 4570 4594
3188 3376 965
2464 3212 4165
2812 4834 3585
2631 3903 1496
202 3082 2784
1320 1989 621
3704 4704 3145
2352 2598 3355
1700 3029 2550
3445 3533 1802
1219 4798 122
333 886 2028
4787 4992 1823
844 3816 3832
2874 3171 4274
1860 2712 3245
1513 2820 1038
1168 3026 3215
85 577 1045
4401 4897 603
3500 3562 424
4243 4911 4683
2473 4867 4284
2889 4118 4168
2119 3891 2634
1841 3085 2476
1368 3821 3046
4557 4705 710
4630 4869 1496
178 4283 2066
672 3248 2805
3487 4552 1679
788 3869 1893
3637 4644 3058
3821 4735 2290
861 4056 3349
4279 4910 4614
2376 2943 888
3199 4625 964
1068 4273 573
2010 2523 2267
362 3480 765
3155 3345 4875
3570 4703 1614
3981 4586 477
4408 4728 1301
4496 4636 1856
4341 4920 4663
3126 3874 2698
1159 1190 3922
994 1117 4318
1026 1527 4275
421 3899 4780
4164 4495 4085
2143 2572 4648
2186 2645 4466
2060 2276 1271
3815 4406 2582
2234 3837 526
1668 2614 3525
2179 2859 1886
2565 3307 4644
4745 4921 3170
1510 3305 958
4453 4665 4417
4977 4990 617
279 1575 4675
2032 2821 3805
1313 4539 2748
843 4229 1128
376 1396 2644
1887 3531 3943
4888 4969 2692
4220 4880 1944
3789 4888 2078
1903 2755 4595
3427 4227 1188
2318 2577 3720
1463 3858 4307
557 2692 4536
1733 4593 4609
994 1964 3030
251 4070 1438
4051 4683 4769
2750 4163 857
773 2673 3232
338 1984 3713
1543 3026 990
4684 4885 4937
2019 3676 2831
4366 4641 4842
1329 4805 1610
3468 4068 2916
3357 4672 4671
2537 2933 3659
382 3496 1674
4715 4896 212
116 3543 8
4307 4312 1529
2545 4295 151
2497 4850 1767
3814 3949 3460
3828 4862 4543
540 994 3801
2277 2844 4466
2677 3765 3890
1564 3632 4535
1256 2143 4828
3758 4287 1653
3740 3765 1168
3996 4578 4170
2785 4129 1093
577 3506 2712
3143 3166 3224
1580 4019 4187
3462 4138 1782
4547 4985 3962
1184 3193 3354
1307 2978 2546
4664 4710 4111
4674 4722 2405
2623 4368 4390
1235 1694 1073
4006 4931 1274
506 2649 1111
372 4280 1075
4151 4769 2027
2896 3234 2426
4438 4789 1447
4837 4985 4001
2859 4393 1718
62 772 3890
4286 4553 3627
776 2087 3859
3753 4547 651
2561 4174 159
4526 4651 2542
4632 4655 4214
1486 4678 4394
3025 3416 1643
328 3851 2309
1893 2982 4976
1254 3938 2991
2329 3136 1753
759 3623 373
1954 4901 1595
423 1866 4614
2556 3437 3547
3977 4831 921
66 4327 774
186 3396 4547
1937 3342 4997
4094 4711 3675
4641 4920 2310
4515 4973 1612
2933 3966 3457
2251 4560 3357
4820 4964 3113
4748 4817 1832
3961 4314 453
3846 4393 3210
1743 2097 341
2239 3725 3996
2849 3305 4077
2928 4646 2452
1618 3105 2866
2780 4693 4591
474 3337 2861
2148 4671 308
1673 2118 1973
4113 4683 3118
2931 3331 570
2909 3845 4487
2821 4422 2826
2627 4837 267
258 2917 4498
3491 4727 526
1078 4937 4256
91 2896 3899
2652 4084 559
1473 1524 2510
3121 3921 2968
4510 4789 2844
3999 4206 4859
4885 4906 4265
1125 1618 2828
2400 2755 1667
2264 4150 856
3127 4527 2822
2308 2599 2365
2382 4938 592
19 4471 1718
4998 4999 1490
2718 4487 4177
4165 4520 1112
272 3615 504
1357 2185 2796
1643 2248 1222
2425 4041 218
1525 4966 2257
3915 4545 1856
1154 3548 2280
2545 4575 103
841 1681 4590
4841 4950 3306
9 4459 419
4420 4439 3323
2161 3878 3949
3449 4296 1393
4400 4908 3286
4484 4869 3976
4632 4750 3680
402 2694 197
1199 3551 4337
989 2842 3125
1348 3819 2703
2004 4446 4910
200 2951 140
2415 2535 2381
805 3037 4036
263 503 2085
849 2364 4941
1754 2173 3962
774 3810 2886
3031 3501 2546
1964 2572 73
105 120 3213
4913 4920 3510
892 2721 699
1854 4659 634
1830 4592 3923
1005 2127 4080
834 1044 4609
1016 2278 714
1488 4228 2147
1947 3734 4446
3546 3612 1408
3871 4498 946
550 2264 4490
4596 4711 4825
77 3660 3291
1499 2019 3645
4849 4874 540
344 4301 3517
2138 4340 4346
1485 3814 4753
1938 3393 1266
2450 2806 4247
4222 4459 1895
2222 3830 363
3278 3827 3991
4475 4863 25
439 4043 4718
4197 4700 3607
2703 4659 4512
3925 4709 3761
1198 4920 516
3317 3789 3026
3567 4445 4925
3138 4925 750
4188 4774 1625
1030 3801 1396
4910 4988 82
4525 4732 2256
3254 4214 2984
2336 2626 4263
3046 4815 330
3370 3408 2886
2830 2995 385
1349 2001 23
3884 4882 3996
2215 4783 569
1242 4064 1612
3515 4667 2345
2890 3791 181
936 2029 4189
3556 4181 2605
4630 4771 1400
215 835 4918
48 2594 1687
4004 4998 4818
1446 1446 2385
2898 4352 4738
3071 3255 1272
1373 2694 4874
4194 4346 4228
4957 4967 489
4900 4939 3023
1715 3389 4779
3534 3704 864
91 1391 2784
2803 4903 2933
4813 4980 4639
1141 3499 2167
4847 4896 3638
2881 3513 2062
3533 4787 3654
188 844 1071
707 3282 1823
2109 2879 1946
24 177 4340
4002 4563 4975
1239 1375 1476
4592 4941 1176
157 2931 3696
2763 3596 2053
4735 4993 1265
4277 4477 3504
3743 4238 993
533 1826 3978
1164 4203 2230
2456 4603 4886
2726 2884 2307
1297 1506 917
543 2384 2977
1887 4453 1701
4049 4198 2245
4759 4966 1384
4297 4443 4873
1763 2342 2213
2699 3357 3383
4580 4775 2697
295 1579 506
2323 4219 2320
4089 4978 2346
1544 1731 1172
271 4778 4532
483 2304 4164
3708 4336 2505
895 4878 2600
759 3512 1975
1167 3412 3903
2258 4390 4256
3469 4131 4422
3654 3666 136
3134 3742 1926
2601 4782 2267
1708 3525 1336
3697 4415 1172
3333 3773 2266
4228 4509 3597
850 1303 2523
4723 4739 833
1016 2607 2511
3424 3758 3146
2826 3172 1742
674 4057 3074
2561 4280 1959
3978 4265 4400
4039 4112 4269
1406 1593 889
1026 1382 100
2669 3586 72
4135 4618 2882
2194 2445 228
1399 4873 969
3330 3336 1792
4217 4283 3421
1566 1955 3456
90 4996 2768
3082 3996 3109
2458 3547 1591
2577 3507 1181
3270 4000 934
2572 2693 3368
1716 2747 1294
1897 2975 3323
2396 3159 244
4940 4991 458
109 493 1296
747 2585 1114
4419 4706 732
4747 4974 4484
148 1236 2191
2834 2991 2018
3244 3831 2014
3685 4508 3222
3594 4197 655
3402 4275 2490
4114 4151 650
3161 3570 4588
11 4849 256
3002 3116 3261
3555 3719 976
3209 4737 2732
3373 3986 1215
2998 4103 4630
557 2007 4108
1396 2084 4897
4 3609 2728
3124 3833 1216
539 911 2971
4297 4995 3842
1309 4998 4183
3596 3683 2649
724 2561 743
696 2390 4397
3585 4961 818
3563 3733 643
4403 4407 2610
828 2207 1933
1498 2377 1847
3624 4046 4611
4251 4956 3700
63 4710 306
620 4801 2347
