5000 5000
4112 4225 2710
4229 4452 841
2660 4007 2443
129 315 4284
775 4373 542
1784 2414 2457
55 4200 1181
2513 4769 4479
4492 4500 2797
3900 4678 2811
4284 4743 2493
4162 4878 4059
2556 3679 1760
4272 4317 603
3270 4358 657
897 3570 550
818 4714 2237
521 2988 908
74 1930 2224
1914 1977 3674
633 4783 251
2797 4641 2568
2736 3085 298
3094 3418 3300
4795 4840 3853
4302 4430 2459
1323 4041 881
3440 3804 995
1664 2617 4591
1079 1678 3049
4371 4476 2856
3888 4999 2572
1675 3058 69
2615 3846 3713
1591 3706 3414
438 1345 3197
41 1803 94
4984 4992 1645
4334 4465 1133
240 2260 3601
593 763 947
2774 4254 3077
3812 4217 1302
3168 3240 1893
1618 3635 1915
278 3130 1315
4431 4645 752
3107 4136 2662
423 3830 890
1463 4992 4472
1291 2106 2150
3683 3980 4178
605 3465 4861
2030 2030 3589
45 1615 2281
2540 4320 3510
2914 4440 4034
4671 4850 2366
3559 4336 2303
1609 4815 575
4620 4659 1464
4893 4902 911
2231 2390 1779
1599 3204 3783
3811 3873 1649
2213 4160 3749
1752 4038 23
1297 2086 3291
4053 4108 3238
4518 4918 1341
1635 3308 4010
2512 3977 3199
539 2590 636
4315 4965 4311
2664 3130 124
4638 4685 3940
1096 2316 3881
4594 4935 4307
2915 3561 3986
442 1946 170
683 1481 804
2798 3745 2549
1674 2789 4458
3611 4402 2393
3510 4673 1038
2020 2670 1269
231 2887 3384
289 1116 62
4150 4593 2211
180 4266 4196
324 1945 451
2866 3636 935
4605 4870 3903
815 907 4896
2015 3947 3751
2860 4145 988
3504 4999 1962
2764 3135 2624
188 2214 4178
7 308 2075
2592 3542 956
1324 3509 245
4306 4585 4685
3055 3520 2913
1234 4913 2321
4221 4596 4737
4596 4678 2940
1248 1938 4054
1414 1887 150
219 282 1604
4947 4957 2672
1146 2629 2269
486 1373 4396
1841 4800 739
3105 3877 569
2020 4811 3928
4752 4895 1724
1541 1933 2789
165 2106 4088
3147 3885 1837
175 956 1989
2479 3844 4805
3559 3634 199
4845 4862 2409
2437 3188 3861
1112 4427 2349
1147 2108 4416
1768 3090 1815
1664 1904 4473
986 2900 3563
2111 4125 2597
3352 3765 2991
81 347 1114
976 1270 3508
3787 4808 2999
2471 2974 1019
3098 3455 4684
4740 4819 4955
2097 2414 1684
1504 2665 2066
3816 4374 1264
1543 4136 255
149 2679 123
2207 3993 1456
1988 2498 2066
3400 4102 2145
4221 4977 891
1551 2713 4044
1863 2303 4523
922 2354 225
2827 3084 4420
4128 4819 228
3846 4416 4604
1651 2486 4324
1725 2540 2748
4578 4895 2418
719 2407 1376
2865 4542 4733
2988 3283 3132
3927 4681 4498
4279 4833 2747
2889 3923 653
886 3436 4303
2950 4855 4857
4417 4589 4426
4053 4538 4979
3380 4828 433
980 4566 971
3279 3839 2351
4672 4960 2444
1800 4886 4645
4849 4964 4595
2050 4119 3150
2272 3055 3138
1401 3211 888
2484 3652 2302
3795 4822 4944
3323 4630 3371
3298 4920 3595
3588 4122 1040
1941 3960 3736
1057 3664 138
4868 4930 3991
1548 4636 4394
2370 4946 4948
481 2727 327
1840 2530 2133
2914 4107 2652
4553 4614 1311
2012 2785 4443
4550 4756 570
1481 1677 3848
816 1453 1476
1728 2567 4557
3082 3395 3542
968 1625 2053
578 3389 3869
1310 3559 559
3521 4150 464
2106 2663 4837
4766 4840 2149
3459 4862 1261
4534 4915 98
10 2622 1333
4697 4993 2257
3846 4608 4969
2185 4763 1338
2529 3372 459
574 4460 3946
4631 4764 3181
3611 3987 1044
3494 4340 1753
3464 4308 206
1918 4641 2607
1391 4059 875
3263 4553 4378
1414 1972 4881
4613 4818 287
1959 2615 2392
2211 2523 4578
646 4204 609
4331 4784 148
3641 4802 4416
4390 4615 1134
1298 3292 3679
2777 4681 1896
1995 3148 3921
747 4816 437
2458 4830 3226
650 1064 2518
2607 3082 4978
2270 2743 2049
2683 3769 599
4860 4955 849
297 3937 689
3256 4418 2712
4398 4840 4818
3200 3257 3153
1760 4844 441
2665 4569 546
319 2667 3545
2232 4919 4465
408 3944 1460
2782 3663 2435
3641 4329 2409
3664 4521 4231
3062 3592 3534
4169 4955 4173
2690 4519 2829
350 2160 885
1081 3779 1977
737 2932 4033
1255 3393 3725
3690 3917 3802
2159 2511 282
2172 4001 80
1288 2249 1493
4371 4459 461
2164 3971 267
2686 4004 4422
3397 4894 4586
4329 4902 3539
1648 2626 1055
268 1454 2828
2316 4889 4154
4800 4993 3680
4885 4978 3862
3906 4213 4726
3919 4275 3004
959 4525 350
3994 4846 1831
364 907 3573
3711 4059 3990
3534 4595 1501
4661 4942 2619
3880 4772 3429
1658 4661 4168
2962 4048 3328
3468 4993 1283
1681 4025 1035
2473 4404 3173
4678 4989 1923
283 1364 5000
1791 4593 143
1068 2450 560
3593 4419 3727
4693 4953 1742
3086 4870 1726
4119 4880 4618
3895 3999 3296
3415 4813 1790
4199 4730 4028
1312 4221 2303
1131 4166 3727
418 2737 259
546 2048 4767
4980 4983 3169
96 777 4640
3419 4884 156
4153 4825 3755
4540 4582 4884
3080 3941 3385
1607 4141 3798
3201 4790 1690
2944 4822 1392
1074 2782 1949
1107 4453 852
1101 4734 1924
1390 2429 3596
2144 3920 1720
4244 4644 3031
1162 2335 2016
1736 4167 3296
2904 4793 2781
3505 3980 4347
1085 3908 1299
1066 1086 472
3931 4942 414
2383 4546 104
3864 4728 90
3910 4763 3924
2089 3801 846
3463 4491 4199
4998 4998 4303
4025 4699 3443
2847 4627 407
926 2717 2481
3648 3922 1296
1929 3946 487
75 3992 4454
114 708 345
1781 3524 493
2251 2609 4389
95 3443 1252
1252 4102 2059
3478 4974 553
1405 2462 689
1397 2085 49
62 4905 3409
545 2290 2456
4720 4922 4177
3886 4335 2889
4789 4935 44
1227 2961 230
1400 2979 631
3653 3834 4169
2981 3033 4268
3731 3924 3867
3167 3406 275
4039 4754 1768
3528 4855 600
2992 4481 2722
1296 3856 2742
2888 4583 2688
4843 4933 1767
2034 3749 2660
2851 3121 4510
4205 4521 1721
410 1635 2315
2223 4474 3894
2802 3202 269
386 2783 2255
2399 3180 3904
654 2243 4665
3465 4959 1584
1668 4504 4608
3615 4629 3653
4277 4815 4883
953 2275 381
3752 4452 221
3292 3495 3825
1300 2720 3600
414 1986 3522
4400 4502 399
2124 4079 4862
4858 4880 2235
1539 3549 4557
1292 4591 83
3596 4090 14
1877 4862 2820
301 3756 146
1874 4995 4625
4921 4961 968
1888 3096 4564
3420 3619 3715
4622 4648 2341
147 165 4318
4821 4998 1379
4242 4727 2445
322 3444 2570
3762 4187 2875
338 1603 150
672 4792 3622
4531 4627 926
4900 4962 4090
2340 3624 3453
538 3433 3786
1041 1560 1742
2266 2331 76
2637 4396 3835
4240 4506 3682
2967 3446 3819
3327 4971 2492
3977 4961 2697
3165 4708 340
4099 4105 150
4700 4820 3379
1745 3300 1993
144 1830 3175
500 675 4163
2511 4299 3097
1814 4738 1558
3213 4737 1920
4699 4908 4736
4968 4990 1095
4741 4887 2165
1116 4868 4030
1539 3407 590
2608 2918 3791
1876 2892 1134
1611 3878 4039
165 4717 1707
2586 4301 2413
1186 4495 1489
3823 4666 3629
546 1822 4453
3996 4329 4757
4905 4994 434
4317 4887 2962
3140 4531 476
1043 1351 4121
1774 2431 2817
2196 3160 1850
314 2317 3668
890 4842 2141
2585 3314 4563
3623 4815 4488
1540 3189 3079
2833 3205 4223
4509 4522 3889
2586 3144 1004
1263 4482 1680
232 4464 1964
140 2905 1517
3617 4620 251
320 1543 2259
2525 2833 1436
4059 4497 2108
2962 4418 2998
3766 4896 4868
3313 4045 4232
170 2834 972
4067 4374 2650
750 4533 3840
1934 4105 1300
2080 4341 2834
1830 4449 2969
4500 4739 4441
1430 2774 3744
636 1022 3058
2639 4620 3401
1452 4820 2087
1070 3303 3542
4809 4840 3867
1089 4427 1110
1283 3962 1942
3414 4341 918
255 3657 2766
3871 4695 853
3184 3634 2690
200 2881 1504
2403 3385 586
1246 2511 3648
4652 4714 4460
841 4448 1507
2266 4198 1865
3678 4244 884
1180 4558 2894
4168 4717 598
3847 4457 3004
851 1604 4105
2283 3739 584
2840 4959 3478
3844 4747 4150
344 4673 2452
2677 4798 1171
4741 4893 4955
137 3921 4687
7 2811 4183
3999 4296 257
2259 4610 346
4497 4861 3927
4899 4941 4267
4503 4863 871
809 3121 339
3036 4568 4171
3778 4813 3934
1560 3112 2222
4967 4984 702
815 1241 2827
786 4041 4716
3080 4409 3464
1620 4163 1495
60 527 4847
2312 3315 4352
2970 3099 3159
2983 3143 2104
1774 3485 4249
4801 4858 736
1339 1393 823
1195 4257 3971
4786 4889 3838
4190 4817 4810
1460 2392 2066
2311 2769 1165
853 1557 3554
3345 3654 2941
215 976 2073
1785 2766 4007
2522 4036 4115
1922 4546 3533
829 3911 29
3696 4517 4035
2891 4646 3557
802 1310 2932
4047 4949 1146
4447 4650 2103
3776 3785 1111
4588 4854 2812
3385 3814 1344
218 3493 2185
2827 4505 1429
4033 4801 1464
1566 1731 4192
2039 2600 3095
2268 4222 3002
3652 4717 882
969 3542 2751
1958 4956 1034
1327 4941 3749
1526 4197 524
2255 2390 3062
1737 3160 2988
187 1282 914
2399 4865 2851
3647 4535 4630
4261 4908 3319
2220 3459 3358
2948 3248 4059
1272 4170 1835
2542 4553 2059
782 1581 511
1625 4440 938
1224 1238 439
2567 3919 1270
302 404 1549
127 4224 230
269 3900 2960
2977 3435 4577
2888 3645 1907
2710 3489 4346
3447 3618 462
981 1270 1067
281 1551 113
4056 4424 2951
195 1169 3802
1919 2438 3131
4116 4162 4765
4306 4502 3310
3196 4782 2881
4878 4975 1461
2467 4423 608
422 3362 1275
1783 4009 4796
2408 2903 2863
811 2747 863
935 1831 3323
2096 4425 1617
2361 3142 3804
4429 4867 909
3769 4319 740
4266 4502 2408
3116 4319 1463
2521 3521 2678
3567 4709 527
1776 3965 294
1041 2979 3287
3722 4535 320
3871 4976 390
2996 3742 3876
1427 4097 12
1942 3049 1774
2352 3126 4552
1653 2469 2614
4197 4646 3807
1285 1982 3764
3403 4258 140
4170 4573 3123
3607 4519 3689
3097 4906 3535
562 3627 507
1502 2260 3894
3043 4673 1457
4027 4745 1617
2651 4394 2811
1849 4441 592
141 835 2411
1132 3954 689
1817 3937 2364
4555 4890 304
1403 2556 3353
832 4391 331
2722 4738 2298
3570 3923 4109
3118 4411 4189
1088 1886 3809
2497 3461 2260
1534 1806 4851
785 2394 1915
2764 2977 1358
1986 3367 3000
315 3833 4478
3566 3672 4375
180 220 824
3182 3797 3298
994 1576 4502
3952 4015 2998
4719 4884 4991
1710 3661 1849
2981 3733 4504
3223 4011 3871
2216 3618 4564
1652 3224 4141
16 3421 4301
523 4631 3687
2699 4650 2676
940 1542 680
3197 3892 3086
3975 4397 147
3453 3879 3253
669 4949 979
1328 1561 3134
4232 4543 4933
2557 3115 2255
2501 4509 3929
2310 2888 496
126 1834 386
4650 4850 4750
3355 4424 4276
2972 4447 1918
2550 4781 1564
1214 1939 2294
539 4867 46
2446 2654 3453
2261 4741 524
4824 4850 4354
2039 4779 2546
2422 3738 2235
1117 4882 4805
559 4475 1788
357 4580 2663
2391 4634 4058
3767 3827 2033
879 1624 4830
2387 4566 704
2274 3290 2265
3380 4225 3857
3796 4018 2718
897 1746 2481
4241 4807 4201
1818 3228 3215
2990 3270 999
2943 3762 4747
2651 2865 1239
4527 4811 1637
757 2933 2064
2169 3765 1903
288 2887 3299
4953 4958 681
386 3173 2086
3923 4538 1964
307 1729 3615
4964 4989 3085
2944 3647 1036
145 1217 2294
2312 4816 4237
1101 2408 2412
1263 2933 1620
3411 3437 3050
3841 4300 2320
3719 4817 4453
1963 3706 3258
4657 4711 3759
1559 1746 2641
205 371 2792
3413 4762 4480
2342 4320 1142
4303 4445 4120
4162 4978 1284
1039 4555 4288
920 3397 568
3059 4979 4731
3314 4653 2812
1902 4306 3323
1908 1971 3524
38 3358 3522
1827 2618 4744
2307 3839 2946
2433 3943 2434
2045 3754 951
2754 2999 2341
4423 4550 48
2360 3570 201
624 4151 1553
2090 4441 2636
3773 4783 4586
4064 4194 1987
115 3759 4239
4841 4978 1549
1470 3428 4535
158 2306 1978
11 2966 2372
3382 4151 1651
718 2691 3392
3168 4527 1791
565 3480 1547
2985 3651 2665
4558 4601 2022
2905 4957 1259
3109 3912 1678
702 3582 1906
236 3670 1896
4380 4566 3535
2095 4918 3118
1419 3518 2542
1785 4618 2493
4775 4846 374
4420 4576 652
3985 4141 3595
332 2113 1619
2280 3500 1570
520 1167 1837
2172 3235 4830
1956 2870 1766
3926 3960 3658
4019 4527 3879
3952 4064 3275
754 1294 3632
2920 4909 577
2629 4064 2371
574 4889 3146
630 911 4048
2333 3332 1793
1838 3455 634
4203 4787 172
2194 2821 4534
2445 3247 3565
3394 3720 3545
3189 4899 2702
3842 4826 929
3471 4667 611
4932 4970 280
3315 4595 3275
1573 3163 206
4820 4887 1441
1890 3614 3049
365 1237 3037
53 495 73
935 3946 3663
1693 4454 1276
4052 4652 4463
585 3395 3457
1760 2787 2966
4508 4956 4112
309 3096 1455
1092 4317 3094
676 748 2121
429 762 833
1201 1893 3955
3195 3734 2551
2912 4683 2906
242 2935 3220
1091 3675 2356
3278 3352 1319
4666 4673 4549
4568 4877 813
4095 4915 4954
508 4798 4072
655 4418 698
2420 2681 2605
1356 1578 3661
2870 3688 4302
4484 4877 3908
93 4725 4837
818 2624 3018
575 4994 2944
1776 2623 4762
1978 2752 258
2128 4495 3825
122 2289 4023
3238 4414 807
1306 2288 4436
4854 4895 4395
3140 3145 4255
3840 4481 1794
1361 4513 2196
504 3504 2844
4120 4807 243
4987 4997 2061
4442 4592 261
1865 4810 4864
4023 4704 1795
63 2173 1376
4187 4756 145
2057 2337 1860
4234 4911 2254
2490 4052 580
880 4572 4967
3752 4298 325
871 4865 4627
237 2715 2964
887 3070 1456
146 171 2811
614 930 2837
2198 2272 552
3798 4634 3068
3349 3414 4923
2067 3280 985
3183 4924 629
1232 2508 3688
430 2195 4968
1132 3185 380
4203 4606 510
660 3504 4139
3023 3354 4274
3981 4418 4602
2642 3980 3203
410 1075 1698
2602 3586 1703
3012 3664 1174
3902 4904 3464
760 4894 4968
4717 4984 4466
886 4348 3702
2669 2877 340
1053 4267 3407
1449 4327 2130
1814 2751 1581
527 4780 4922
4861 4961 3837
1514 4997 198
4985 4989 894
1027 4045 1961
3581 4365 693
1835 3497 3647
1100 4099 2865
1439 2650 323
2778 3375 2386
2368 4368 4494
2928 3800 4551
1264 2246 2548
1706 3549 4713
1204 2963 277
4987 4998 1219
241 4732 937
4518 4887 793
2130 3509 2400
2153 2828 1362
1765 2371 4516
724 3819 4602
3426 3841 3696
2901 3371 1532
3799 4187 177
4460 4798 298
43 3503 3868
2697 4135 1871
2493 3215 3908
2675 4819 777
3956 4107 3901
4752 4960 4807
911 4268 1184
4813 4974 4316
4981 4991 4175
1165 2973 2958
3747 4983 490
2477 3448 460
2119 3982 4345
740 1795 3665
626 717 390
3245 3287 2875
4900 4947 866
2520 3294 776
3730 4262 271
4060 4934 4072
1972 3343 992
2402 4554 933
3655 3981 6
3758 3901 3722
1360 4553 655
2054 4446 4351
58 801 3130
4101 4236 2382
2866 3032 4469
4768 4817 1486
1842 2976 2356
4000 4694 4766
1361 4415 2555
3478 3835 1562
3102 3322 3550
3234 3298 317
1091 4442 4114
706 3650 3793
3933 4506 3067
2545 3029 3201
2640 3106 150
254 4979 4015
281 3116 3703
2008 3075 3883
3017 4788 2060
3813 4604 4919
4886 4977 4608
799 4961 3867
2328 4688 3704
4067 4279 2817
1959 2477 3749
3822 4246 4424
3002 3820 4947
4213 4551 4643
3116 4013 2161
1375 3606 2355
1413 2032 2892
4297 4915 4381
3693 3965 2435
1167 2244 1669
3422 4711 1685
1993 2619 1380
2863 4087 2229
2682 4082 1606
2556 3359 552
112 3725 4744
1148 2529 3007
2654 4193 2532
4866 4993 2798
1299 4170 3009
1103 2198 2615
1030 1927 287
3692 4467 162
3948 4371 3978
1134 2690 2165
585 880 4938
2766 3341 3426
3165 3776 1459
264 3991 970
53 2661 1967
2470 4604 140
2030 4942 3867
4739 4843 132
256 2399 3929
4113 4808 2450
787 3370 2273
3326 4327 3015
3640 4501 1565
4591 4781 1941
1343 2230 494
4782 4876 1079
2545 4360 2494
2152 4053 894
2420 3300 2130
414 452 1778
1332 4911 726
2705 4559 2499
4806 4995 1344
3764 4794 4514
1517 2966 187
4090 4883 836
1904 3310 4933
151 4109 1936
659 1945 1717
4256 4633 4151
3777 4271 157
833 1240 986
502 3385 3499
3365 3498 4057
4694 4765 3135
1766 2001 593
4295 4315 2188
4778 4913 3132
3546 3987 4321
2887 4660 1023
1224 2837 509
1753 2383 2894
4603 4984 4076
3620 4637 1306
3771 4297 1308
986 1984 88
3305 4231 1215
1932 2023 4073
3970 4386 1055
4787 4805 2988
4967 4985 2046
649 1714 2715
3064 3681 1042
2035 4550 1477
818 3003 2384
4401 4466 4926
461 4426 1207
2302 3283 1905
1216 4541 4081
506 635 2020
4294 4387 1138
4121 4465 3824
3945 4999 489
4901 4964 3039
1054 1599 370
2911 4808 4229
4465 4956 3528
2356 3828 4497
3 3380 1259
1961 2393 3600
3535 4772 3038
2228 4012 784
946 4706 4731
86 1507 4818
3408 3815 3547
527 633 3048
2348 2881 4779
3558 4939 4694
2135 4288 2082
3453 4622 976
2292 4851 1058
2059 3411 753
971 1527 4782
4097 4427 4585
4538 4793 3859
2378 3610 2057
2638 3378 1650
4794 4856 3209
4499 4728 410
1341 2345 573
2774 3666 496
2849 4455 2198
744 4688 4902
969 3516 1825
2103 2154 2086
1006 1175 976
3641 4686 2944
1895 4379 1977
4888 4987 2787
114 4800 4706
3511 3907 21
980 996 1077
1673 1780 2888
1666 2962 3102
2097 4199 3346
265 541 2981
3417 4126 125
4243 4295 1358
1768 3465 3198
2485 2563 1231
979 4919 4907
4877 4920 3873
3819 3969 4553
4690 4703 746
2070 4260 1142
4293 4906 2026
2169 3544 3284
4369 4896 4317
1845 3548 4687
2902 4556 2909
1902 2527 3706
2157 3888 4450
4990 4997 371
4779 4965 4036
4418 4560 955
2137 2645 2106
1951 2083 4400
3000 3606 2494
4155 4587 4726
2617 2857 3738
2422 3158 4325
3935 4152 504
3967 4869 1708
222 1632 1876
3292 4588 1893
4173 4959 4371
2120 4501 4462
2800 3094 2406
3934 4444 3887
1243 2588 1559
222 3861 1857
1233 3618 4187
2144 4036 176
4745 4851 1355
602 1002 1069
3847 4629 2110
2488 2747 4765
1900 4273 1286
4027 4934 118
4394 4834 3217
94 4568 2365
1635 3925 3933
326 2525 2409
4748 4893 138
7 3100 916
643 816 1244
93 2053 648
2092 4463 1339
4042 4761 4245
1613 1659 1283
2907 4372 1607
3075 4357 1912
2601 4334 3491
1330 4612 2095
2017 2162 4271
87 4867 523
35 1020 30
3814 4549 4187
2824 3242 2144
4464 4685 91
2948 3698 1274
4361 4894 4996
1253 3717 3724
4156 4835 629
424 3963 3452
4619 4980 4406
2235 2742 3914
4085 4394 4614
3246 3800 1571
1764 3091 2402
4533 4820 1611
389 3464 2417
2842 4046 624
1679 4644 1233
3763 4911 313
3780 4089 3674
1713 3590 2725
2786 4079 1062
1452 1790 924
606 2750 3408
2429 3751 1554
2242 2888 2908
240 389 217
1243 1557 4681
2393 2911 1989
3521 3624 445
4522 4648 2695
883 1658 1460
702 1431 2661
4465 4484 2512
3707 4417 4028
1495 3037 4069
2413 2985 507
4118 4967 4566
4981 4999 1553
4985 4991 2539
2329 2782 4015
84 3440 2537
417 4842 4775
2254 2849 2783
3721 4751 25
88 3680 2887
2590 4586 2847
2222 2586 3011
3949 4935 2124
2861 3639 1540
4623 4789 4175
576 3279 4799
2749 3412 509
80 3011 3970
1816 2674 2878
4996 4996 4155
3454 3605 2963
452 2656 1650
1405 1897 3965
416 1974 2953
646 2445 3128
3853 3885 4332
2516 4908 1547
4520 4861 4751
1293 4031 4073
4169 4331 511
3695 4837 2263
53 2342 1224
4092 4579 1960
4623 4892 3269
4896 4986 4789
2757 3597 103
4182 4973 4416
1341 4688 1629
96 1813 3298
1545 2645 103
1602 2507 277
4135 4343 697
1454 1987 3510
2885 4073 2509
1095 3673 982
1728 1912 2991
564 800 1601
1067 1437 760
4219 4575 1862
1602 3956 733
2256 4946 290
758 3531 2452
2033 2249 2216
2838 3211 747
4103 4308 985
2111 3333 381
1676 3578 4624
1160 3536 4797
2717 4512 86
2615 4980 403
4041 4315 3391
4259 4485 2163
2530 4122 2569
1658 4770 1173
396 1817 932
2353 2896 1890
3005 4280 3966
1542 3322 3751
3982 4239 1793
2255 2687 2162
4608 4712 2752
2188 2993 1922
4384 4625 1289
126 4993 2399
4423 4645 3382
4972 4985 2946
4717 4928 4534
911 4401 2281
56 1335 559
1661 2906 1119
1861 4851 497
3357 4841 2604
2831 3033 229
1280 4107 3357
865 2445 1210
319 1855 3593
4475 4903 131
1758 4113 2491
3011 3317 26
1380 4564 4181
4385 4843 204
3857 3873 2305
2537 3104 4272
125 4103 4186
1878 3796 4371
4676 4950 1521
2086 3628 3029
4595 4874 4562
1457 3758 2441
3189 3749 2485
726 1695 1430
3203 4950 458
785 3615 4688
1983 3616 328
1875 3112 3529
2691 4756 4369
2879 3759 2759
1475 1677 3304
1320 4630 2910
4010 4187 4958
3099 3652 556
1948 2602 3996
355 4822 1698
4754 4959 2910
4900 4957 4607
1170 1602 485
118 280 2110
1393 4584 3426
930 4890 729
974 1559 3647
255 3762 4566
3807 4652 3771
4541 4928 3485
2416 4753 1954
786 2570 3400
4849 4947 4333
2291 4532 49
3398 4431 4130
4609 4886 1888
3892 4471 1668
2765 3884 1665
4600 4887 361
2304 3116 2
3985 4233 978
4707 4939 4594
2378 4516 2703
1600 3552 2834
771 1827 3348
4516 4989 4282
4585 4929 2245
790 1203 4018
3050 3924 3575
4694 4788 3572
4417 4765 2864
3989 4140 4389
2573 4673 3301
1457 2669 3021
4099 4893 344
1245 3060 1096
578 3304 4080
147 2767 3820
3910 4616 3101
676 1502 4247
2268 4662 3843
2057 2228 4494
3327 4416 1689
2402 4980 146
972 3043 3721
1510 3503 2943
690 3082 2227
3635 4084 364
1664 4162 1474
1908 3477 3505
2820 3230 3747
2623 3668 1208
4562 4894 2275
960 1669 2272
301 3950 1619
2503 4001 4634
669 1775 3381
12 208 2537
1909 4093 1537
997 1595 3781
1759 4133 4827
2570 4793 738
4958 4962 3164
3120 3406 4038
4646 4651 4387
2061 4435 2057
3451 4612 4828
2361 4631 36
3797 4736 4978
828 2533 43
4406 4878 1870
3127 3807 2907
3114 4752 488
3291 3879 1926
1632 4867 243
3986 4986 3972
1198 3591 1397
1696 3953 1572
593 1514 86
2843 4857 807
4482 4954 3123
4388 4579 1947
99 2139 1005
2158 3936 1996
2483 4225 2494
3080 4482 1792
998 1021 882
539 2495 4248
3899 4160 2148
4030 4143 4926
1702 2309 4772
788 3655 4259
4655 4937 3184
1318 4849 2525
1671 3119 4518
1668 3943 2401
838 3436 2042
870 4168 2170
4665 4708 3593
3806 4946 2643
3073 3557 745
1149 4488 2106
1011 2408 1051
4590 4643 2890
2086 2399 2542
1832 4247 3093
4720 4937 3304
931 2182 2705
1485 3943 306
1513 2937 3807
4433 4442 1116
1532 3070 1612
4487 4808 13
863 2833 1078
4213 4861 2277
541 3315 4494
1015 2687 438
1854 2824 1897
141 1652 2012
4300 4322 2148
3703 3885 2027
4646 4718 2944
710 1239 4537
3678 3684 3830
2687 3454 4080
358 1411 1444
345 3699 4301
3541 4667 2254
1410 2245 1906
823 4722 2011
2149 3063 4870
388 4778 5000
2437 3266 3450
2972 4476 1660
3903 4707 3708
4912 4973 4527
928 4957 464
2951 3918 1067
3928 4677 2097
2781 3613 3357
238 1381 201
4408 4674 2269
4965 4980 3440
718 837 2035
1630 1997 2910
4319 4412 557
1693 4284 2834
1973 3899 1285
2286 2732 4553
3678 4882 4383
4780 4928 4628
4622 4845 3907
116 4619 1038
3954 4566 3401
910 950 4669
107 2811 2297
1503 1557 2939
294 1906 504
3480 3974 1833
4689 4837 2617
4873 4988 1559
1558 3758 3884
2284 4853 4615
4800 4943 1649
2196 3728 130
596 4584 984
4606 4659 4677
2300 4939 2800
2113 4038 3398
3574 4598 1558
1206 2173 771
3752 3870 1321
379 2309 2144
809 1070 2531
1099 4475 4455
3978 4199 2430
1508 4961 306
3365 4996 575
1068 1178 4199
4555 4963 257
1284 1753 3501
321 4542 2957
4976 4994 718
4717 4982 3857
1258 4217 699
2828 3346 660
831 948 1779
2509 4639 1403
3974 4706 2662
3718 3900 1478
2343 4240 2431
4619 4976 1108
755 2619 1551
985 4918 3706
2689 2833 3281
3914 4286 34
3701 4764 3071
3454 4127 4766
4780 4878 4412
3359 4390 607
2364 3327 2978
82 203 415
3906 4853 1297
675 736 1916
4276 4328 1341
2852 3094 3206
4018 4684 4402
4457 4545 4644
3319 4763 4472
1422 2498 2860
4126 4319 3268
236 2065 4456
3538 4132 3875
4183 4864 4693
1959 2161 2886
907 2955 3039
3996 4604 887
3088 4037 3740
1141 4668 2663
2079 4806 2261
4624 4797 4927
3520 4626 1755
2286 3500 4856
3725 3953 1997
1367 2488 4645
1160 3318 3106
457 2592 2601
4353 4396 3476
1565 1629 1593
2520 2823 1993
997 1093 651
4929 4983 2551
1196 4038 3053
1807 4885 728
1454 4350 3273
3881 4049 835
1703 3637 2977
4503 4917 833
2869 2988 745
957 1364 1180
179 1513 1561
709 4384 1246
4794 4931 1606
3003 3414 697
1363 4745 4068
1515 4985 4925
3631 4151 440
4605 4731 399
198 1064 3252
125 3331 2553
2318 2505 2991
4821 4905 467
1559 3844 684
4943 4958 1870
1588 2939 354
91 4207 757
3367 4059 3150
4236 4966 3736
2421 4287 4515
4435 4697 1416
2702 4137 3886
1026 4662 4876
4923 4942 1539
4299 4931 4417
4866 4998 2874
300 1994 4208
4963 4993 4185
3661 3862 3442
2967 3298 4597
42 2876 1812
3258 4637 4821
211 2318 2179
3587 4336 1459
1348 3276 2489
1722 2574 2799
3095 3378 4154
4660 4721 307
2393 4320 3472
4466 4855 2071
4634 4992 4816
4896 4991 4076
2481 3655 4609
1566 3661 4383
3057 4039 716
1117 2151 4471
2173 4541 402
4974 4984 4371
3424 3544 1850
4406 4657 2211
4596 4780 832
1732 4073 1607
253 1114 4671
3069 4257 2725
4348 4964 1205
1058 4320 4218
4638 4757 840
2820 4411 1722
1733 3707 1824
4725 4909 774
4939 4966 2946
3056 4738 274
1053 2376 911
260 3101 3119
785 1974 1585
1470 4299 2765
4094 4725 140
1924 4274 4242
1463 1705 1178
705 2339 4240
467 4408 2329
2077 4747 3888
960 3622 143
4981 4987 1921
4348 4831 2450
2328 4068 2392
4603 4984 3147
1760 1815 2526
1535 2796 2934
4572 4606 4132
234 4736 4032
4580 4967 4323
783 1414 4488
4395 4989 650
3453 3981 1077
2245 3475 1033
3777 4478 3381
2089 3666 1723
1529 1602 2530
3991 4670 4941
681 1804 4969
2482 4439 949
1901 2166 1411
1962 2102 4587
2622 3614 4664
1934 4905 2784
770 924 4233
4212 4633 1416
3331 3865 513
4823 4901 3172
285 1527 2859
3016 4255 760
2515 2515 3595
28 4730 1626
1973 3707 4305
4611 4764 762
4802 4828 3790
4952 4973 4007
1806 2890 1147
4381 4933 802
1258 3885 547
2907 3468 1315
2473 3225 1267
2082 3458 163
421 445 2833
905 4553 267
4151 4443 596
4008 4486 2098
4064 4928 2019
3032 3763 2551
1297 1664 1148
1319 2466 2591
2801 3887 4444
1196 1356 2720
327 4447 4723
855 4439 2612
2264 3143 3311
4756 4982 3394
184 4961 3917
1469 2231 26
3685 4274 3723
398 2479 3974
3244 4917 1677
3793 4958 76
2319 4699 1374
3570 3766 1915
438 4269 4772
2679 4213 1690
2381 4016 2409
1560 3193 3600
4202 4530 2829
1759 4177 1104
1207 2444 4828
4055 4515 1945
1395 3303 1724
2848 4944 2534
4442 4682 1419
4657 4692 1705
2778 4868 718
1257 1471 353
4869 4986 4624
1053 3246 2974
1685 2967 686
300 1046 2921
1959 2746 3113
2897 3668 3596
1833 2793 442
2487 4738 396
1122 3430 2948
1017 2989 444
3952 4651 658
4821 4940 3082
939 4679 3647
2134 3302 127
3008 4081 2487
3252 4469 56
3558 4539 1917
2238 3109 3033
3978 4207 4791
2590 3643 2536
2737 2953 3283
347 3476 1872
3445 3703 3096
4070 4624 1637
2822 3330 3313
3149 3321 779
1954 3448 1726
4504 4914 4680
3417 3751 2012
51 296 4873
2903 4569 2681
3852 4075 2882
474 4071 406
3050 3952 4955
2255 4646 3636
4402 4634 489
1175 4354 801
2044 2727 1029
4334 4990 665
235 2821 622
2715 3634 4522
1659 4518 2186
4569 4719 76
1530 1813 4751
1487 2630 84
190 1606 3370
1469 3753 2356
3816 4910 785
2510 2695 4868
1777 1908 3102
877 3911 4512
4015 4701 1225
1929 3398 3469
3910 4347 3833
603 1335 3979
2725 4050 3768
2320 3683 3869
4657 4772 4923
1582 3715 3503
1654 2320 2384
628 3585 911
4177 4511 1644
870 3425 534
2193 4333 467
1673 4944 2107
4331 4787 375
2457 3930 1643
3899 4059 2356
3606 4364 1073
1689 2994 2595
2919 3637 2266
520 967 3363
130 2042 1986
4028 4990 4922
3051 4518 1362
2710 3462 4830
70 3320 1212
4466 4810 1832
3535 4193 1735
3642 4291 2984
4334 4528 3154
3284 3598 4028
2686 4823 1241
2139 3503 3847
4839 4910 4445
2704 3676 3366
4961 4969 2468
2063 3658 2096
3713 4273 4408
1143 4111 1463
2602 2772 1480
4021 4401 4055
1183 1875 2442
1584 3166 964
956 3862 269
4201 4786 1337
1401 4719 290
4292 4371 857
4012 4531 3812
1925 2288 352
663 1579 3774
643 2958 2654
2259 4443 4321
3304 4551 4546
4071 4620 3204
1692 3535 2100
4772 4874 2468
1195 2673 4142
4002 4521 2542
3204 4597 2908
2870 3097 1486
2444 3204 2237
813 863 2742
55 1491 3087
886 4109 451
2422 3940 1837
2084 4195 410
380 3134 1133
4543 4846 806
1284 3984 3929
137 2309 2656
2614 3473 3300
3985 4089 4037
1578 2377 1573
1253 3173 4253
2543 4804 2634
367 3314 1728
467 3732 1032
3980 4862 3908
940 2752 1137
3999 4782 2678
476 610 4869
1895 1983 936
1673 1817 2356
1406 4785 3653
271 3703 4002
3518 4917 2690
40 4982 209
4336 4915 4953
3899 4925 186
2012 3144 789
169 4069 3251
3198 3615 2318
1344 1440 3354
3400 4651 3608
3100 4133 4359
1062 2353 3219
2270 4668 2904
304 4154 1518
898 3458 189
288 2620 2097
4423 4547 268
3036 4150 3237
1018 1213 4810
2118 4415 3128
4199 4244 2917
2204 3204 48
917 2929 4240
2819 4938 1141
2437 4778 942
1650 3765 1609
1705 2903 2588
2816 4112 3254
3511 3952 3005
403 1560 2550
4989 4998 1889
983 2594 4640
1273 4158 2035
1978 4341 2430
1089 2919 3031
3978 4415 1931
1010 4284 3232
2681 4067 2229
2200 4908 1233
162 4183 3700
469 1857 2199
457 1660 1999
890 4820 4501
4143 4184 1889
3874 4104 3974
939 1384 365
3370 4752 157
1650 3527 923
4249 4763 1938
3782 4252 866
2445 4808 1577
3586 3727 1065
518 4704 3104
2114 2244 1382
287 1292 4463
2059 2494 1934
783 4485 1911
4485 4927 2251
3955 4957 4487
2552 3078 3662
4686 4942 1118
1659 2320 420
329 2415 4055
1238 4239 388
2927 3902 920
3507 4693 3533
2983 4605 4926
2465 4471 1138
553 3029 2635
3271 4756 1162
4766 4881 2108
2250 3616 1016
3051 4764 4334
834 3374 3811
2487 2757 3215
3186 3330 4544
4397 4511 531
2236 2979 4863
2728 3949 3831
2265 3701 492
1321 2302 3502
4693 4768 3727
2842 4610 3846
2307 3219 1983
3453 4983 427
1434 4490 4095
4186 4425 140
3806 4699 3177
3393 3612 1084
4785 4901 1423
710 4362 2924
1836 2113 917
2681 4788 3758
4669 4962 2800
2445 4123 3182
1145 1989 4351
1697 3074 929
2620 4377 3196
3811 4658 3923
1538 4271 4182
464 3117 4885
1291 4929 3549
734 795 3568
2117 4183 3287
1868 3013 1867
1892 4733 104
4372 4840 2583
1159 3243 4741
2203 2300 1602
877 3348 3004
3372 3386 3349
4034 4426 257
3265 3286 2065
2170 3371 37
3550 4402 2734
1359 3601 682
3605 4901 226
3060 4275 3215
4937 4971 3582
3651 4656 3153
663 2410 2748
2674 4893 1347
4937 4967 4338
3607 3891 412
379 3778 2833
1892 2266 4664
2265 4590 4374
4783 4955 752
3745 3980 1584
2722 4563 3266
3543 4106 1060
3702 4468 3557
2527 2658 3507
2504 3177 1979
2449 4282 4853
3433 3567 4861
3355 4251 2045
797 2105 4261
1748 3436 2784
1528 2020 3108
3598 4027 902
4575 4820 3031
4442 4794 2498
1113 1270 1903
3797 4919 1175
4903 4942 151
864 3853 1256
2632 2749 1992
4938 4981 1486
56 1381 118
4619 4622 2042
3334 4720 77
4758 4816 1858
1651 2500 2934
3383 4616 1649
2674 3075 2670
2154 4274 1755
4342 4788 2714
4734 4796 2148
3914 4585 769
4421 4753 3579
3132 4715 4972
3464 4231 4105
4309 4561 2813
1677 2272 2173
1292 4038 4191
3744 4206 288
3749 4803 705
4942 4992 2393
1025 4509 2516
3848 4862 4718
1596 3065 671
1195 2720 4214
696 4557 2643
4904 4961 1652
2823 4824 780
793 842 3336
952 2338 69
4 2909 1000
1827 2252 4290
726 3251 3157
4110 4579 1452
820 2614 179
4872 4876 2193
700 1042 2851
2767 4625 3818
830 1806 4026
3489 4669 1397
3415 4485 3104
3851 3974 4348
4593 4656 1892
2536 2844 4513
3256 4949 5
4338 4830 1478
3757 3791 1643
2971 3331 1073
1120 2380 1774
2027 3143 464
712 788 3109
462 3978 2435
4897 4986 4643
3872 4067 4302
1170 4254 531
3369 3819 1989
1773 4670 2011
119 1826 3315
1619 4513 1889
4624 4823 4393
3029 4281 3117
2246 3715 1649
3533 3653 3138
2582 3715 733
2030 2435 4038
119 449 3730
3789 4980 4506
1242 4775 3560
4996 4996 677
2079 3941 2292
983 2876 4430
4000 4038 4045
4580 4879 302
4026 4442 1610
3737 3960 3153
2930 3267 498
4690 4853 2503
4231 4378 1965
3080 3567 1893
1189 2976 572
3721 4956 1630
2953 3057 3076
458 4271 3883
534 2646 3409
3305 4548 4847
3859 4923 4548
3578 4750 1640
1136 3587 1865
1981 4957 3606
3330 4629 816
1438 1649 4699
1946 2350 3793
3201 4282 2791
1156 2113 3812
4990 4991 1131
3746 4161 1936
3568 4269 3241
1634 2227 4442
4588 4898 2594
1031 2363 599
980 3714 3262
1882 2561 667
2695 4487 2379
2204 4783 156
4643 4990 3456
3848 3986 2286
2989 4283 1477
395 616 4549
2609 4397 2396
1171 1283 343
198 3729 745
2217 3351 4066
3446 3467 2271
11 3108 3382
3506 4221 3996
4901 4935 2677
1797 2622 2771
3372 4021 4314
3605 3852 4120
4213 4378 1444
2501 2869 1777
135 1854 891
2950 3296 66
4643 4755 3452
1121 3805 4424
4458 4754 1266
4551 4710 3598
399 4971 3721
3318 4157 4586
418 1256 3835
4291 4498 3706
29 4453 3786
4744 4788 2012
4954 4955 1573
2322 2464 2125
4467 4504 3633
576 4694 3994
3864 4011 6
3224 3601 4493
654 891 3496
3620 3799 247
70 610 4471
2561 3975 1442
1801 2246 3109
753 2177 3204
782 1658 91
4158 4315 3512
4678 4975 2887
54 777 2655
2609 4541 3309
4266 4508 2700
3980 4965 1176
1769 2424 1268
746 4035 4237
1751 4280 1949
4487 4671 3123
1278 3527 1967
656 4538 793
1374 1795 2881
4206 4630 1946
2974 4638 4415
2074 3511 4241
4547 4717 656
3547 3746 4515
2376 2946 932
1628 2383 868
657 4617 2776
3108 4248 206
2025 4387 108
4728 4771 3981
4753 4969 4587
2873 3707 3815
1450 3062 736
2301 4740 3978
4470 4677 4221
295 663 1192
4571 4766 3625
4572 4681 4315
4357 4384 3533
3901 4455 3592
329 4470 4573
1678 2823 133
4509 4590 3591
43 1665 4632
752 2880 3867
3091 4168 2572
4417 4578 4422
4194 4984 74
2482 3754 2290
1559 3663 3361
2684 2939 2900
4076 4093 2485
1556 4514 3569
4383 4644 17
601 2763 4541
1232 4060 2516
2583 4818 3284
1827 4626 3475
3732 4123 3909
1373 3231 3756
3357 3957 3200
1726 2772 1890
2724 2967 4764
2789 4559 4194
2520 2577 4893
1350 3096 857
4982 4991 1082
4142 4860 3711
3657 4475 4825
3312 4775 3061
1327 4907 3665
4160 4213 4029
1765 2515 4047
4856 4955 2765
4712 4950 1962
3692 3997 4677
4975 4978 846
3151 3681 2006
3123 4411 3812
1341 1697 3719
3916 4523 4194
456 2543 4001
1695 2588 3336
324 767 4191
1110 3162 473
565 4020 2918
1324 1603 4895
4218 4218 2599
3308 4324 4066
2500 3405 3954
2015 3797 2237
829 4998 3718
572 953 2575
1031 1246 3582
175 4551 1365
4209 4810 2657
1677 3684 3983
869 1520 4129
1060 4704 1426
1259 3625 2327
1885 1893 4840
194 1153 368
2500 2649 4052
2237 2723 4467
447 464 1648
3661 4070 3049
4759 4968 192
1890 2882 3948
4210 4382 3560
1563 4056 1635
1055 4246 4834
618 3098 1310
1840 2155 1059
4573 4574 1249
2032 4696 4064
544 1816 2793
4319 4667 3549
2300 4912 2810
1250 3882 927
4914 4981 1911
2356 2904 188
2327 2542 102
926 3905 1210
3112 3861 4881
1239 3945 3378
2698 4109 2473
2804 4528 1718
3776 4023 4260
911 3317 4776
2943 3903 4698
340 4714 3796
2355 2610 3096
928 2698 3640
2336 3729 846
4324 4457 217
4851 4865 3341
3150 4725 2766
3106 4086 4775
1723 4345 1442
4621 4958 2001
1005 4624 4117
1264 3380 3874
1572 4801 565
31 3086 4480
800 1342 3618
807 2761 138
4221 4998 3180
4729 4798 1926
1660 1722 4912
3828 4687 1959
1499 1992 4999
4253 4929 2920
3992 4576 448
4995 4995 3680
1030 4024 4525
237 401 2080
1733 3906 1738
4259 4467 4300
3633 3976 4824
841 3464 2142
4164 4791 3232
1486 3569 3183
2091 4767 3803
4131 4875 2521
3121 4709 3097
1903 3760 3911
422 3844 3444
2832 3632 1633
492 2404 4421
2282 4179 339
175 1388 3963
1060 3597 4272
2054 2684 2084
4295 4963 1445
4889 4922 3722
4441 4670 1191
501 4507 3730
2540 4157 2686
1374 4161 4522
4163 4178 1166
3535 4740 3934
2593 4122 4978
3176 4547 939
1154 3701 2414
3132 3437 715
1860 2580 1113
1919 2423 264
3959 4354 4519
1598 3798 3933
861 4674 1452
561 4399 128
3094 4066 569
400 4828 566
800 3886 1705
1997 3135 3629
4212 4912 197
3855 4672 3853
4601 4780 1720
2065 2529 2993
171 1862 4609
64 4639 2453
2826 3816 3669
740 3710 969
3337 4443 1767
4673 4867 2954
4197 4616 3328
793 2376 1129
4260 4334 2246
3191 3532 4923
4975 4981 2844
2856 3320 2327
274 2645 4737
2934 4989 4192
2036 2846 3394
2689 3616 2804
1627 2673 449
1575 2073 4346
3985 4602 4603
2594 2828 3397
4499 4916 4303
1278 2514 3766
3569 4525 4265
1473 1523 2804
4747 4963 1893
223 3318 2109
597 828 157
4937 4959 131
183 2083 2744
3953 4536 3461
572 4523 1853
685 2078 3981
2580 4525 1126
1988 2240 4085
2932 3494 1291
2624 2685 1728
163 2184 3820
3744 4218 3283
4107 4880 1250
4815 4898 3951
31 520 290
3438 3785 735
1453 3111 2875
3916 4265 25
4250 4865 4735
986 3851 3666
3671 4765 1022
3740 4754 2845
3888 3910 1064
3391 3537 1307
1301 1436 2254
378 2017 357
4748 4986 172
4974 5000 307
783 2384 3881
1111 4185 2587
135 2389 2887
3602 4615 3619
1391 3388 3998
691 3839 2657
1656 3205 2557
2979 4779 4529
2798 4113 330
4998 5000 4280
966 983 602
2803 4437 686
3056 3734 2689
1050 3110 364
920 2111 2953
4396 4751 2303
1882 4847 4955
2087 3932 635
4688 4958 4963
3305 4028 3541
2070 4831 4950
813 868 4673
2797 3019 4961
3737 4167 208
2016 3690 380
781 3373 4558
3852 4916 2781
4045 4761 3417
2447 3381 1865
3623 4010 792
763 4180 2404
2714 4844 420
2721 3901 1620
1194 2298 186
1638 3152 1964
1449 3818 4074
3634 3860 2016
408 4346 1136
833 1258 2756
4265 4306 4092
3700 4801 1114
375 2254 1929
3957 4245 1727
4166 4268 632
2629 3827 2002
1854 3740 580
2647 4732 854
2499 4221 4184
60 3434 4077
4722 4827 1524
4549 4861 933
320 3457 425
370 3750 813
3654 4541 2714
3259 4428 3978
2615 2987 3064
1403 1670 765
1652 2020 3170
3866 4623 4974
614 1171 176
245 4870 2204
42 3608 4633
38 3622 1971
3750 3789 3295
3616 4341 1549
3240 4786 940
4786 4844 4430
2679 4274 1600
4802 4803 4707
3839 4657 2539
2630 3811 3176
349 3860 602
3138 3706 2360
1185 1983 3238
1670 2836 630
228 1211 283
514 1547 2866
225 464 3815
3439 4032 3008
4619 4978 206
3083 4026 228
488 1814 2248
1917 2922 4520
417 1958 481
1961 4716 2474
2015 3528 728
2816 3192 3319
4345 4742 1721
2168 3339 351
961 4514 4818
3454 4483 4029
4182 4381 2786
4324 4804 3105
4015 4301 3811
2760 3775 119
3943 4958 1743
1075 2553 1646
450 3710 349
59 4167 4543
2300 4992 3103
4465 4537 1601
3866 4746 2665
1291 4572 2428
4685 4729 1604
2578 3074 1419
1527 4795 3425
4896 4981 4531
3088 3617 1545
4745 4901 2788
2202 2893 2387
3355 4282 4287
2158 4555 3109
4402 4990 3583
4850 4866 4086
4603 4910 3414
1088 3777 2263
2757 4905 3269
607 764 1173
3975 4368 841
1637 4742 3827
2388 4642 4067
4696 4834 4323
4148 4447 4313
1650 4869 2124
2567 3084 2725
2390 3464 2412
2819 4199 1368
3765 4949 2883
3159 4593 1954
3640 4172 1047
4467 4779 1662
1758 2890 1867
634 4162 378
87 886 2472
4370 4897 709
2824 4918 3733
999 1364 4800
1964 3324 3327
3351 3969 4425
1384 4747 3022
51 2587 3388
4174 4476 4726
1587 3656 630
4610 4784 3117
2034 2701 4912
1002 1071 1385
3043 4168 940
296 3604 1276
1064 3667 3264
1790 4131 628
2261 3337 4439
4883 4977 3508
331 797 3264
1485 4912 2204
3743 4283 235
3438 3755 916
203 1969 2314
4374 4943 4007
3727 4945 1417
4698 4742 2922
2452 3041 388
1136 2691 4532
2262 2710 4777
3452 4342 2931
3095 3164 3279
4288 4447 4833
1604 4527 1870
2817 4085 2569
2859 3306 2845
3714 4322 1653
4754 4798 2749
459 3915 4151
178 672 3813
2572 3525 1503
2176 3073 4734
4913 4972 3684
1878 4962 2919
1558 2590 2103
3661 4115 901
1319 2390 680
567 1011 896
117 3176 159
4256 4865 49
1744 3171 2728
1660 3396 3155
433 4945 1716
4248 4987 3523
586 3994 4010
1317 3216 1658
4827 4956 1818
4988 4989 2055
4812 4835 2679
1517 1992 4013
3638 3868 701
4445 4568 1585
3164 4334 2336
1651 3555 664
1448 1578 4197
3447 3904 2324
4103 4396 482
3968 4589 2754
3921 4004 3848
2463 2719 1904
3881 4249 2518
2135 4691 652
2385 4081 1486
2616 3049 3570
3651 4855 4130
4080 4195 2951
1417 3685 2459
3071 4707 3399
917 3488 816
1090 1755 4456
4336 4882 4024
2318 4616 3286
4469 4772 337
3593 3617 3996
895 4485 4795
2860 4287 4516
1725 2189 358
1481 4534 1622
3815 3845 2278
614 717 1521
4128 4210 2041
3334 4512 4382
2573 4520 3291
2519 3113 3305
4373 4796 1117
57 4871 3156
1016 3195 4120
2682 3978 4583
4912 4983 4795
2391 3755 3674
3758 4478 3400
835 3764 331
220 3031 3711
3406 4670 4134
171 2356 4534
3406 4792 3538
3334 4036 1591
3956 4660 4709
108 2063 659
4908 4953 3155
3248 4330 3936
936 1914 1762
3284 3377 734
4315 4851 1440
4398 4909 611
3844 4525 4840
3853 4952 3599
4287 4755 3611
2893 3172 3952
4149 4760 321
249 1075 3855
2010 4783 719
2729 3733 828
2299 4243 4179
461 1132 984
489 1189 2308
4643 4765 968
3583 4224 1858
1636 2384 3610
4493 4753 2367
734 2276 4016
2025 2912 3470
4638 4991 359
1126 1702 139
1240 2429 344
4369 4439 923
361 1422 243
1913 4244 4697
3010 3605 815
3594 4865 2345
3975 4716 3301
4757 4759 1374
3064 4524 1382
159 4984 2627
539 3534 32
4368 4759 848
2780 4086 2286
4630 4632 1599
2990 3254 830
2333 4643 141
1789 2515 1924
4323 4537 3548
3792 3810 1192
45 303 4421
134 4442 4010
713 780 4534
1479 4355 3725
2652 4653 665
2009 2368 1085
2846 3270 411
1966 2794 150
3410 3971 1800
583 4890 3208
2470 2793 225
4716 4746 2792
3012 3634 3440
3631 4609 4973
4589 4709 847
4291 4304 3518
1308 2958 3265
2305 4778 1858
864 2604 1231
773 3036 2102
1535 2342 1086
2214 4925 2552
1263 1548 3586
117 3773 794
569 1369 1036
2427 4755 4452
2661 3658 4810
4137 4744 1633
355 833 2314
4051 4242 1888
4916 4923 4538
1283 3939 1365
1455 3857 2833
443 3117 3907
646 3334 1286
1428 2281 934
684 4478 4365
4082 4462 3289
2125 3884 4103
3922 4945 135
986 1245 35
2163 2490 2801
3205 4788 759
3445 3620 2787
1352 2772 3928
2179 2570 433
2284 4435 3218
177 3046 1494
1234 4601 2973
183 861 2408
4802 4859 2361
2713 4018 1797
3580 4160 1974
4569 4631 2612
2680 3912 3237
835 1085 2520
3215 3434 2697
3532 4940 1741
259 1210 2238
3847 3931 3490
4580 4827 2563
4926 4928 4166
2190 4118 3190
2982 3874 2496
950 1045 1666
2384 4707 3514
1987 3966 1798
4652 4732 2428
4973 4985 415
1113 1867 2843
1118 4646 962
3795 4017 4877
4621 4893 1179
3299 4060 1839
1176 1719 3531
1333 4900 2402
327 3437 1371
3948 4365 3255
2782 4054 4389
4529 4884 4297
2636 4983 81
3740 4771 1040
3044 4879 998
3868 4289 2201
1980 2457 1326
3090 4812 1306
3491 4828 216
378 1634 1924
2201 3821 4573
395 1936 2342
4995 4999 2729
2440 4942 3041
1682 4163 3452
1579 4881 4951
3033 4278 2691
663 1992 1476
4903 4924 2055
2543 4913 1301
2101 2297 2640
1380 3879 780
748 3276 2797
1765 4381 3703
3344 3394 1750
1144 2040 1638
1757 3210 4197
3820 4399 2838
4254 4613 315
1478 2273 2994
2891 4973 2554
2374 3224 1999
4391 4422 4768
1223 4319 897
3991 4788 115
660 1494 159
3949 4315 3124
2973 4783 4898
2685 3901 1939
866 3619 665
907 2121 4912
1362 2738 2969
1440 3586 65
3141 3612 4168
3058 3575 2297
4797 4840 1188
3158 3181 4369
1657 2955 1850
3626 4892 2540
1753 4600 2285
1423 4936 4716
3305 4978 2535
1873 4920 2513
108 1539 2686
57 1905 2608
720 983 4544
3362 4467 12
876 2585 1550
3318 4042 1262
3050 3607 2487
1877 4637 2901
3830 4954 3380
1059 2655 4284
3246 3667 2165
3959 4472 2358
732 2878 2990
776 4373 3039
3366 4145 3441
967 2161 2974
1304 4761 1250
3199 3297 334
3468 3540 3445
34 3269 858
1910 4138 4395
4751 4834 1884
1195 4880 2610
4881 4971 2233
2695 2962 57
106 4610 4164
4288 4429 2746
2643 3694 4410
515 3177 1178
4412 4436 3876
3633 4608 2143
905 2573 2775
3592 3822 2506
4698 4699 2998
255 3202 4441
1037 1665 4112
2644 4954 715
269 4358 1442
203 581 25
854 4022 3382
1837 3567 4888
3010 3753 4907
2774 4645 1025
4704 4991 1557
3861 4862 4841
8 2134 4367
2066 4018 2935
1410 4049 2516
269 4871 1351
2968 3725 1091
444 1723 3672
345 2758 1186
3219 4358 128
3470 4403 1473
99 2298 413
672 822 3325
4758 4989 3553
1358 2625 4927
605 2344 2091
4196 4452 2838
1813 4190 4343
2450 4659 4938
2126 4314 4207
1623 3859 1409
4153 4988 1849
2302 4433 206
1171 3980 4961
38 2198 610
3172 4551 3311
2180 4695 3020
1397 2666 254
1941 3706 3209
1201 4410 2834
600 1084 4028
755 3021 2572
3845 3990 746
4794 4835 4941
4040 4145 1292
284 4109 3615
3713 4899 1242
1895 2298 3001
3911 4491 2213
3406 3715 1504
4602 4656 1983
2799 4152 4395
1651 2501 3540
3697 3974 127
606 3359 2204
4518 4693 1140
3241 3506 4548
4551 4590 2233
660 3986 3103
1100 4885 1042
3284 4451 715
1009 4156 4570
2985 4111 2111
4593 4818 2743
2210 4046 4210
1420 2710 3145
4551 4962 1270
4430 4637 2185
1111 2501 419
4800 4854 1230
3484 4228 2034
716 1294 616
1459 1995 3295
1479 4140 3980
4466 4982 4647
2403 3289 1833
2823 2949 3715
2066 2521 4012
1297 4400 1561
89 1680 2648
3155 3752 4613
1873 2151 462
2996 4647 4781
295 3141 3675
4108 4724 4789
2823 4893 89
2007 2924 3201
1765 3765 4366
3561 4259 1533
2401 2926 2066
196 4333 690
1359 3263 1624
3321 3706 3163
1181 3666 964
2186 4915 2037
2929 3463 2394
2379 4063 2844
4421 4424 3276
4018 4083 3896
4512 4914 3287
3317 4420 3319
1630 2628 196
1087 2939 811
1073 2401 3137
2651 4298 2866
3838 4109 4443
4863 4987 1144
2459 2681 1929
3965 4207 4181
1629 1670 116
2582 3030 3714
1279 1677 2510
242 1812 1343
3733 4788 1293
3396 4562 256
2513 3200 1398
938 1326 1669
4996 4996 1960
2219 3796 4159
2443 4079 3547
1091 3936 1909
3231 4208 2186
1470 2334 4998
3842 4623 83
89 1349 2880
3165 3657 2352
3093 3108 3568
2900 4782 3982
1757 4630 2217
1419 3233 3634
1144 2012 1650
4216 4741 548
1069 1420 3754
2844 4007 3213
2822 3712 3555
4425 4729 3522
4514 4779 2616
2888 3956 3234
204 2634 3930
4940 4981 1693
231 4477 3854
947 2742 3131
4944 4984 3593
1430 4179 1190
1550 4640 2363
1476 2785 3894
1280 3270 3390
3515 3658 1657
1892 4472 4045
4892 4934 3689
952 4252 4904
2374 4838 3106
4299 4589 1173
332 4413 1669
3828 4170 2820
1024 2776 4003
96 4364 3491
260 2679 2821
4463 4490 1693
3423 3666 4079
3582 3733 2377
2758 3548 2074
4118 4883 4016
1496 4300 519
2091 4244 3416
2286 2483 2203
3285 3568 612
2340 2866 2157
2758 3050 1988
1903 3681 111
3944 4915 1449
2490 2506 871
3284 4081 3285
2351 3465 1134
4730 4893 37
4552 4807 3981
4448 4484 2963
2274 3167 4107
3544 4819 3702
1432 4343 4606
390 2595 4112
3557 3934 222
4533 4664 2942
688 4761 3511
892 3086 1032
2257 3666 1995
638 2170 2720
1479 1715 4327
2108 2829 2379
9 4463 617
359 1805 1312
3023 4173 388
811 2534 2884
1599 1811 801
115 4365 1001
620 3311 2491
126 910 2885
3420 3889 321
288 4438 1681
1884 3451 893
1030 3091 1186
407 2357 2476
3532 4773 3201
923 1818 1950
3281 4317 4118
3723 4426 1541
4029 4814 3539
3936 4562 4976
1562 2140 4572
4229 4937 1596
335 1744 3217
4270 4874 1203
3290 3768 822
2769 4835 1129
726 4980 4116
190 1031 3433
1280 4711 4351
596 1389 4697
2862 3288 4402
1192 3017 126
4543 4937 2658
3265 3351 4599
4299 4977 4436
1464 2003 21
4332 4634 1558
2145 2602 2350
1339 1987 325
1558 4784 3498
757 3389 4512
2008 2829 4947
1328 4418 1451
2725 4747 4225
2572 3425 2600
4496 4567 3935
4732 4912 688
2733 3448 2648
3337 3566 415
3878 3991 4258
2914 3148 3232
2538 3511 4992
4562 4701 868
3007 4319 103
1460 3572 2871
2032 4397 4469
3419 4664 431
471 1088 4301
4648 4772 4204
4403 4581 4469
3360 3613 2678
2742 2886 2626
3127 4970 4442
2226 2860 4109
756 4355 2934
4223 4937 2451
2999 3619 2987
4728 4995 1008
4885 4896 2295
1599 3099 3725
2639 4696 587
4565 4603 3307
1102 3609 521
3139 4862 246
1188 2091 4840
2272 3417 38
3716 3899 2743
3857 3884 2852
4569 4577 219
3418 3904 2451
1260 2625 1599
2607 2644 3089
4145 4921 2053
1764 2564 335
4094 4505 2376
4162 4437 286
3938 4796 4652
3617 3853 720
3681 4428 3917
4859 4916 4717
3167 3328 868
4152 4693 4007
2937 4315 3216
2878 3265 600
1055 2533 996
3945 4535 386
2800 3850 61
1372 4214 4668
1271 3273 4756
3287 3480 2118
4350 4918 1857
2758 4299 4281
2678 3686 2787
2518 2653 442
3563 4578 4550
3955 4610 2449
232 985 1099
1597 3001 3876
3660 3697 4370
563 1680 3069
1949 2457 4046
257 4593 4606
3837 4333 4658
1626 2276 2156
106 4315 592
3137 4605 1947
2864 3262 4720
3898 4643 4190
3934 4218 3462
2764 2841 4584
3502 4899 2411
2113 4247 573
1298 3444 1099
2398 4972 960
106 4258 2265
4044 4773 3447
22 3756 424
1592 2195 1011
532 4965 4069
2415 2731 2441
2174 3746 2097
592 3576 396
4014 4255 3424
595 4934 4254
3956 4094 240
2047 2157 147
3759 4817 4395
3497 4911 4974
1474 2297 893
2335 4327 3001
68 3316 2124
1464 2000 2211
595 1432 1916
537 1788 4976
1736 4343 3358
1169 2764 918
1212 3315 4485
276 643 2579
3369 4308 3132
3957 4676 4029
4895 4955 253
251 3453 4310
792 4832 4172
2125 3481 261
3198 3483 838
2417 2603 3548
4400 4857 4830
592 1648 711
1811 3115 4166
2626 4567 4646
1344 3045 1938
3250 4423 3683
3190 3663 2507
4334 4511 2347
4722 4926 1040
2509 4711 3957
377 1337 4187
3576 4412 259
2929 3946 2569
4160 4172 2657
1334 4244 954
3603 3626 2443
2525 3359 2928
579 2517 3434
2695 3188 4127
2684 4074 335
1112 1223 1184
4809 4982 834
2683 2853 2805
1666 3674 1788
298 1122 3319
2142 4348 3569
4737 4868 4447
960 3004 3683
644 2847 61
4182 4537 1204
4841 4841 4397
3853 4618 4446
454 2552 3662
1550 3631 4268
1085 3669 2257
1022 3554 1301
2547 4644 4719
1868 2141 2507
114 3753 2934
4102 4932 2488
1561 3515 1233
3104 4951 2240
873 3568 1263
3189 3232 4835
1004 1685 3145
722 2634 4861
4672 4791 1739
3875 4796 3473
244 1914 3401
257 811 3797
91 2227 2069
2396 3756 4489
4312 4447 124
4642 4829 3264
1656 2387 555
2309 3312 469
1296 2251 3722
884 2554 759
1838 2569 4290
3655 4008 2643
3430 4169 3847
3544 4084 3591
4401 4863 4383
3052 3959 1905
218 2063 4351
660 2728 1274
2529 4929 1181
1751 4842 4076
4945 4971 2522
2467 3668 2633
1115 3285 19
1154 4567 2973
740 4204 4385
1686 2980 4938
2094 3818 4715
880 1997 3962
2415 4919 4495
4335 4958 3079
527 1932 3890
4359 4384 381
307 2775 44
2009 3286 3113
4043 4222 2824
2538 4413 1097
2914 4203 4385
1498 4498 3476
2180 2548 751
3584 4280 4184
499 3110 1712
915 4586 294
3474 3595 4797
620 4129 3674
1124 2242 2762
3797 3980 3337
1984 4619 1818
3563 3669 2550
1682 2782 525
374 3627 2474
1469 3327 2408
1749 4901 1020
1698 4864 1036
2206 2505 1386
3068 4936 4219
895 2630 1948
336 1669 2913
1396 2540 945
472 719 568
3876 4343 4116
3260 3481 101
1775 2658 1175
1516 2040 4321
3579 4711 2371
2467 2958 3381
3922 4275 4784
3275 3577 1491
35 3937 3976
2473 3315 3128
2905 4733 2166
4281 4681 2010
4143 4616 224
139 4497 2132
2845 3297 3577
2800 3415 2912
3480 4116 2665
3517 4027 1773
2211 4767 1728
3236 4612 1940
2204 4230 2883
1614 4948 1939
1753 4100 3445
4111 4840 57
2437 3618 4684
548 3973 3187
1680 2982 2324
3874 4271 1441
367 4269 4768
3703 4773 544
4623 4867 4080
943 4125 3927
2684 4634 105
2980 4354 2098
4709 4972 3438
1720 2921 3714
4918 4921 3659
2682 3089 1516
3941 4545 37
3813 4100 2838
4697 4867 1218
3485 3900 3233
2834 4083 3359
3165 4176 602
2786 3467 4755
1917 3429 4198
4635 4724 3935
560 4817 1158
1923 2403 3459
902 4240 2241
898 2428 240
2852 4679 2403
25 1086 2182
2821 3481 4032
3768 3900 2580
2918 3687 1023
3884 3900 4932
1486 1900 1519
1612 2050 977
3526 4850 686
2047 2646 3306
1014 1912 2858
4381 4954 4425
1054 2992 3826
1845 3102 3211
3746 4455 3658
1869 3702 2675
3186 3320 315
2170 3834 4907
1713 3618 135
2754 4442 2205
4966 4972 3911
904 4864 3530
591 1716 859
1356 4339 1938
4420 4563 3334
2431 3610 2707
1408 2945 1426
2158 3555 3866
487 2214 1005
4924 4955 705
812 2069 692
2061 2603 3963
3791 4719 4539
402 1558 3919
3961 4108 3429
3374 4562 2398
2764 4013 1470
3245 4997 3326
4092 4705 1917
4798 4967 600
2450 4090 456
2179 4679 3815
4050 4236 467
3084 3574 663
3133 4218 2809
4028 4423 1743
4409 4715 4767
2673 4635 3846
192 952 270
2927 3979 4098
3364 3647 4629
1222 2861 315
2610 3242 56
2050 4220 2113
4969 4996 1579
3459 3677 3570
976 4080 2298
4033 4140 330
4003 4129 2652
1075 2753 1953
933 2942 16
742 4499 2489
1469 1645 4564
3481 3914 4764
2788 4720 1579
1391 2338 511
2771 3137 2936
1871 4705 116
2147 2644 2084
2415 3980 399
2643 4365 3497
814 4343 2187
4268 4888 2949
4639 4814 2943
1005 1971 2947
974 3579 3675
2628 4861 2881
1913 3799 3396
527 1393 2647
4626 4698 239
709 3135 1521
917 3101 3161
1884 2453 1341
3231 4009 2672
3044 4971 4187
2476 4446 1013
4770 4836 3419
4521 4949 2595
3885 4573 4574
1687 2665 293
3216 4046 4499
3383 3482 4984
149 1796 3184
645 4019 3199
1580 3225 1750
1762 2627 1242
2240 2987 1801
2086 3278 288
3317 4292 798
3246 3402 961
4985 4993 4314
3262 4461 154
420 4153 650
3764 4948 960
4964 4985 4510
3013 4917 1035
3569 4769 234
4979 4991 68
179 3320 4987
3014 3128 2796
2054 3377 717
3305 4555 1927
3460 3492 3625
510 1266 1765
574 4342 3908
4033 4871 2604
4452 4585 3955
1063 2954 166
316 1557 2623
4878 4979 4854
140 3165 3248
709 2579 1605
277 1646 1178
4615 4728 3125
2829 3754 4569
4926 4949 4376
4872 4977 3732
497 2311 2383
193 2738 2739
687 4043 1010
3000 4421 474
3966 4823 4763
4548 4934 562
772 4962 2988
4876 4918 2861
952 3574 422
2693 2699 4406
2726 2953 399
320 4569 789
3896 4739 1781
2821 3948 1189
3140 4540 1072
4690 4946 3870
1763 3031 2832
3149 4018 3667
3360 3716 2478
2531 4589 1648
1359 4982 4704
4094 4724 3731
493 3326 4044
4417 4981 2967
1764 2868 1143
2756 2872 1638
2421 2595 3797
116 478 4904
4009 4938 4424
1377 2535 4546
4671 4879 468
1768 2912 4913
3509 3778 3763
966 3026 4539
2120 2661 1399
959 2454 1358
401 3247 2875
513 1843 3886
1950 2369 3543
515 1744 4280
3065 3934 2317
4046 4091 1914
4752 4883 3510
2540 3903 1490
4909 4937 4652
1974 2319 3502
1038 3952 3110
1942 4221 856
1089 4470 1129
1747 4148 4664
2607 4752 510
576 4720 1602
1254 4995 4760
3952 4710 1403
605 2427 2917
1852 3309 1235
1357 3603 1276
545 4869 2379
4083 4530 1722
3257 4127 3740
535 3234 3042
3231 4041 3596
574 2312 4402
1525 4008 2796
802 4529 2896
3257 4756 1195
1317 2500 1492
2101 3829 67
4031 4967 835
4479 4653 2586
2572 3842 4910
4829 4993 2681
2354 3437 2598
3760 4190 1571
758 2289 1617
4221 4486 186
222 3479 272
2982 4218 4406
3995 4787 918
4459 4976 1161
4507 4760 1018
634 2314 110
1990 4670 2413
2442 4105 997
2615 2830 159
1143 2913 2025
4675 4889 3942
2700 3334 3990
627 1645 1358
4066 4945 3785
2211 2280 3826
1463 2694 2666
4858 4913 4921
2328 4375 4926
1711 2332 4256
4030 4840 2834
2846 2989 4014
4114 4858 2587
2635 3312 200
3568 4726 1763
486 507 766
1889 2985 1951
1143 4786 4146
3174 3370 1320
3479 4350 3525
2046 3845 1477
4254 4620 3034
1019 2826 1533
1727 2971 1235
1410 3975 229
2722 4756 1044
2250 3410 3936
4589 4688 1678
1965 3031 3271
755 1615 3110
1271 4332 4135
2122 3927 3535
3408 3434 2248
630 2024 1232
4380 4547 2410
1088 2262 4672
1215 1799 2454
3683 4320 3179
2776 4860 1731
1061 2810 1590
4863 4980 2936
3464 4413 1148
316 3762 3787
3516 3813 2513
2991 3483 1693
2573 4366 4179
2975 3790 2489
3750 3996 3013
2592 3744 2165
414 1554 4628
1076 4585 2022
4637 4829 3292
297 2518 4742
3291 3800 2404
2546 4415 2577
1645 4456 1655
711 4815 2237
2500 2765 728
4474 4649 2211
3809 4854 2167
651 1812 866
3359 3913 1699
2756 3380 1960
1770 2605 1852
213 992 4051
3328 4825 3831
2482 3625 4309
2139 3107 1602
1154 3977 4144
46 3341 3806
2825 5000 4149
690 2210 3776
3934 4426 4211
2306 2829 304
3451 3858 4935
2490 3792 4147
961 3219 2204
1463 2021 3026
281 2691 4441
2178 3226 1050
4635 4881 2679
3457 4844 2545
3576 3758 4522
875 1109 1730
3480 4088 2390
764 2315 1014
3454 3502 1713
3231 4653 1664
1698 3532 3727
1277 1734 3562
2278 2628 2783
641 1579 4444
2404 3347 3911
2257 4546 3370
2754 4427 4427
1726 4567 2329
1614 4282 2875
1606 4409 1614
1501 4105 4355
3556 4977 3644
1311 1709 793
1651 2530 4648
3089 3319 1404
4174 4428 1275
504 1840 4934
2627 2843 2343
1766 2615 3873
37 3993 540
3913 4226 3487
4505 4817 35
4084 4724 3069
1377 2264 3351
1026 3878 869
5 964 3249
2060 3873 2390
1129 3415 30
2907 4779 1696
1982 4290 1721
295 3136 2802
3567 4600 2617
2866 4276 3341
4040 4738 1618
763 4013 1953
3083 4098 2530
3942 4088 1838
1340 4556 4785
4075 4137 3241
950 2647 1111
308 2137 3253
2343 4719 2527
3721 4926 1637
1791 2914 382
3277 3636 1355
4046 4981 3025
165 1201 4202
2045 3014 4550
2930 4340 2009
3160 3320 314
3892 4580 3483
621 2945 1537
4104 4352 1765
3841 3884 1789
3973 4265 1007
2408 4253 2588
3620 4437 1832
1303 3290 2986
3134 4924 1427
2325 4166 1162
4654 4712 3540
2511 4378 3035
4854 4991 3437
2238 2609 2620
1531 3413 2688
4453 4795 2834
2510 4290 1251
1637 4772 3736
2774 4017 836
4217 4767 3274
941 3978 1277
8 4674 2901
3865 4631 2832
4483 4958 3706
3915 4459 4769
567 617 94
1307 3160 4566
3115 4405 1452
1725 2849 2466
2798 4147 3463
3493 4877 3584
438 2048 3522
1374 4688 2679
871 4080 4458
956 1411 2879
4704 4904 4968
1630 3984 4487
908 2067 307
1890 2160 2363
2581 4399 3301
3623 4049 291
3652 4498 347
4633 4771 638
184 2093 2483
4952 4991 3075
791 3514 2498
3500 4515 4933
1463 3249 2523
1780 2882 2282
2414 3867 2417
3092 3761 3886
26 3068 1361
4000 4876 4038
1177 1294 3358
3421 4216 487
1905 3667 2011
4917 4959 440
3503 3928 1962
3524 3878 2170
3420 3601 3802
445 746 1036
47 4744 715
4501 4826 1066
314 2357 2629
470 621 3409
2739 2843 2138
566 4901 1017
2565 3460 417
1588 4746 1525
1039 4447 1735
77 514 3023
1167 2453 1686
535 997 3754
1520 4124 2969
307 1131 226
3293 4394 194
4623 4943 4076
475 1080 4101
1706 3991 2510
729 2390 2697
3363 4107 535
2622 3607 1471
929 4176 1099
2105 3646 4293
1584 2862 337
2397 4347 1124
1064 3595 2204
957 3707 163
2271 4011 4484
38 471 592
1363 3789 2847
1651 4278 4110
2567 3173 3966
1171 3951 3471
96 4647 3312
1474 4452 878
371 1096 4386
1965 2013 1257
1667 2767 3867
1101 2149 3915
3123 4279 1201
4735 4766 2394
2726 3766 2476
1367 3707 1506
863 1865 104
570 3127 940
4935 4984 4792
4550 4616 2286
783 1754 1697
3708 3746 1928
3854 4918 3116
1602 2862 3796
666 1373 577
4465 4932 4945
1051 2606 4742
3057 3220 2368
3468 3705 4538
2574 3504 3412
1649 3018 760
407 4570 1171
4684 4804 1907
229 415 3787
3118 3474 2843
4585 4746 2883
3825 4156 4737
165 4283 4744
771 1634 4965
397 3240 3356
2871 3723 2316
2957 3083 940
2440 2831 2416
3453 3845 2530
3852 4427 1493
361 2908 1824
3717 4305 4821
862 4261 3041
4268 4569 839
1772 2738 3019
4918 4920 3295
46 2118 3953
415 2548 3561
3985 4006 77
1110 3745 3127
3388 3399 1992
4108 4804 3952
637 4056 1454
4613 4673 303
2962 4503 3958
1906 2723 4423
3147 3193 3106
446 2426 1535
874 3651 818
3745 4448 4932
1838 3787 1512
1503 4833 3254
28 3478 3037
594 992 3634
3061 4613 3076
4575 4902 3764
106 726 3103
4651 4845 4423
4487 4768 3717
3718 4308 2049
1678 2127 794
3804 4931 4180
4450 4970 1624
2894 4571 2082
2256 2782 1501
318 2260 2888
2040 4999 282
4958 4962 847
362 3698 1062
36 4259 3542
2018 4661 452
764 890 3075
3310 3842 2748
2214 4454 4969
4834 4875 4878
4288 4634 899
2336 4565 1361
1779 2633 1692
2758 3013 304
1589 3563 4656
4028 4803 2180
4219 4884 4576
829 1955 4022
3880 4959 3428
1783 4291 3297
2352 4546 2426
769 3707 2438
3129 4015 4721
3200 4355 558
3425 4131 518
2685 3283 4682
1626 4737 1277
1105 4153 606
2156 2341 4122
2822 3543 1879
3382 4750 2147
3797 4994 532
4203 4720 3299
4379 4432 4421
2910 3333 3321
4500 4532 4865
3610 3772 4060
2481 3420 1936
1042 3521 3657
1222 2703 726
2156 4324 302
730 4499 902
3541 4968 4609
1777 3036 2756
265 4369 1340
1750 4720 2423
1064 3138 319
1294 4242 4621
4662 4776 4796
2280 4005 4461
155 3206 4618
3842 4745 1363
1553 2570 3759
2542 4435 4460
3826 4702 1000
4452 4710 2110
3883 4991 884
1419 3807 1338
303 3619 371
231 4448 3523
1109 1870 1856
2936 4691 1943
3109 4198 957
3641 4549 1239
3527 4090 2022
2760 4458 2596
497 1287 2104
3101 4789 414
245 3663 4056
2872 2908 178
1326 2070 2187
332 1415 2454
583 3671 4024
3682 4797 3521
3002 3465 3379
3259 4603 3968
4154 4898 3898
4782 4937 4287
3981 4596 1687
235 1265 3761
582 727 715
3755 4183 584
4085 4531 3703
3921 4150 422
1574 4144 4597
2775 4647 2365
1131 1190 1436
334 2787 4146
4015 4393 1902
3629 4098 2742
1369 2913 1930
2834 4767 4322
3373 4372 589
157 4622 978
4458 4687 1782
444 1738 4028
3953 4366 1194
154 2711 1707
2681 4755 2563
4296 4984 3177
4554 4707 2212
1561 3077 91
4810 4998 1268
3814 4213 4134
2398 4440 2773
2135 4457 4511
647 4424 772
4549 4997 3406
138 2286 1381
2079 4166 1854
3858 4895 3508
88 4410 1025
1273 3687 4274
3854 4984 4984
3699 4283 3420
1453 3880 4905
654 3982 520
2745 4408 4390
2619 4233 2811
2934 3863 2110
3962 4900 1042
3925 4549 3091
974 3995 4645
3262 3451 4394
4878 4939 3523
1504 2946 4074
1859 3188 4147
1929 4063 4757
4052 4272 4513
576 2875 708
2757 3110 2709
1793 4918 3976
3850 4759 51
1097 2192 2479
273 744 395
1511 1814 4049
3472 4538 1652
3241 4204 1948
2654 4134 4971
2369 3578 888
445 3994 4152
1777 4288 232
2115 4929 4217
1012 4777 4632
45 1873 253
4324 4995 4151
2565 3479 3453
4358 4438 3400
4099 4157 4038
1860 4875 1412
2739 2980 2827
870 2604 4620
4700 4855 3622
4307 4813 4642
2433 3265 2433
4452 4953 1244
2982 4716 1442
2158 3701 710
2369 3933 736
1182 3682 2112
1609 3685 64
1753 2227 1865
3386 4326 384
102 1919 2055
361 4455 4966
1887 3492 335
4391 4929 16
227 4566 189
149 4651 2570
4874 4897 1890
562 4977 4292
1501 2164 4538
4316 4831 4343
1977 3196 362
3806 4305 4761
2224 4085 1963
680 1367 1026
3731 4248 1148
4875 4991 2412
1483 3785 616
2802 3375 3215
2634 2712 1405
132 558 4497
4651 4663 4488
2650 3119 2742
1596 2808 2776
3745 4707 4667
1889 4075 3865
166 3619 4566
3855 4752 4852
393 4867 3193
2366 2465 4788
3471 4494 2680
993 1818 4489
1608 4122 2145
4428 4707 4643
989 2956 2603
4355 4708 1101
2484 3277 4016
2837 3241 3017
2317 2687 2499
3157 4304 1348
3097 3503 2392
2187 3396 2710
1967 3147 2337
2344 4931 1347
3167 3399 4228
680 3850 4145
290 349 2833
2426 3713 2620
986 2463 3741
141 4205 16
4844 4971 297
4857 4923 4283
4505 4969 4488
3751 4385 4689
616 3098 1125
1154 4748 3641
4324 4964 3556
55 3912 4887
218 1913 1472
982 1398 3748
504 3674 3219
2737 3616 2975
847 1130 2300
2274 2371 2942
2854 4907 2779
1574 3246 3039
2260 3049 4993
192 3995 2069
3118 4668 660
1105 4505 2090
1962 3897 2397
2384 3383 1703
3908 4212 3263
3845 4344 4682
1797 1813 659
514 4961 1796
1325 4223 4145
408 1276 4682
3171 3253 4451
555 1968 4827
3040 3154 3401
4144 4352 4208
4206 4290 2771
2980 3175 1441
4617 4955 3548
2850 2928 2961
2908 4098 3118
2681 2783 2973
732 1879 4705
133 2146 1108
2778 3514 3753
1293 3619 4947
3012 3182 568
326 4683 1972
68 3793 197
4246 4431 1538
747 1480 3229
498 1920 4318
4213 4972 3119
1356 3152 828
4478 4516 3451
4372 4651 760
144 1419 3245
3162 4972 522
3486 4893 2764
3325 4945 3180
2305 2479 915
3399 4895 1681
2909 4377 2138
3687 4507 232
2957 3436 3126
2971 3324 683
4702 4916 2409
3383 4396 1267
4472 4832 112
3971 4489 4162
4675 4752 3567
4247 4828 2875
133 735 4122
3118 4147 3229
2328 2816 1648
1134 4141 4692
1996 3385 560
3952 4126 1397
3925 4923 4547
3364 3610 4499
1919 4654 2898
989 3967 3993
3070 3126 3902
3222 3480 618
3151 4217 393
3437 3993 2661
979 3992 2369
1178 3937 3302
157 1052 2568
3728 4344 4293
3733 4196 2367
1574 4609 2034
1627 2061 2509
89 3098 3338
1781 2622 1139
4234 4398 1864
2661 4260 4699
4434 4494 4820
4231 4387 1151
506 1557 2601
3838 4397 2880
3967 4198 4422
3518 4802 2012
2983 4973 1392
672 3652 4885
1018 3794 4212
2915 3234 3915
3796 3881 3948
1280 1539 4641
4005 4209 4079
2644 2745 4171
752 4705 4942
3287 3609 1421
3783 4025 417
4210 4493 3880
3043 3974 1753
828 3269 826
1490 2943 4634
3957 4745 223
2262 3346 1596
4570 4628 929
4916 4921 2603
798 3182 1662
758 4605 428
3516 4691 4958
732 4723 1414
2063 3349 3285
934 2643 3151
840 4431 1758
249 1049 119
3597 4685 1614
3734 4772 636
1215 3626 3728
1537 2835 16
4046 4838 1084
3876 4132 4232
2400 2537 2857
1340 1803 3651
326 2777 4353
733 4330 3757
4912 4966 1794
2599 4222 952
2810 4475 4880
1323 4281 4955
330 1385 1638
1513 4931 1655
3861 4052 4430
4446 4964 2352
2993 3721 1458
3200 3528 3667
4614 4789 1863
4148 4975 3259
2017 3653 3179
3726 4854 786
1745 2587 2129
2350 3486 1922
1545 3171 4795
96 2196 2954
2617 3815 4447
1669 3472 2450
1565 4202 3043
4608 4843 1151
2214 3448 2346
960 2301 730
3687 3880 4865
267 3525 3549
1204 1505 3579
1991 3779 1380
3452 4915 2950
4517 4692 959
3137 4036 125
1573 2075 546
2339 3227 4483
1061 2420 4078
472 2017 705
3290 4206 507
512 1669 3621
3489 4558 29
4379 4774 2839
3041 4314 4821
1292 4005 481
4150 4683 2597
2343 2859 2976
3699 4196 551
3747 3828 4852
1966 2935 1232
3143 4190 1340
3915 4943 2625
3601 4145 125
62 3489 4482
2622 4890 1206
4209 4285 1422
3544 4285 2364
3573 4187 1352
3351 3637 2711
1286 3553 4147
1458 3107 2494
3787 4110 4686
4689 4925 2561
4454 4788 1699
1808 2892 3909
452 4377 2895
3217 3234 878
2435 4069 1042
2208 2763 3943
1310 3312 4040
3093 4434 4540
4930 4954 1873
1725 2028 670
2518 4697 1780
1691 3634 4458
4264 4269 3309
717 807 4577
1789 2485 4672
4025 4291 4590
1780 4845 4605
4016 4214 1980
3441 4704 1530
3115 4153 2890
3183 4134 4438
457 1589 2637
2230 4606 3339
2242 2305 2906
2439 4236 1818
3310 4592 1707
507 4338 1005
1200 2181 4318
3026 4863 2018
421 4978 3356
4025 4277 4988
4547 4661 4714
3875 4015 4173
1722 1863 1497
2821 3999 4164
1712 1915 1870
2121 3815 73
3296 3322 1205
2779 3940 3032
2790 4783 2950
4169 4480 4278
1644 3671 2395
4868 4901 2643
1032 2433 1428
1149 4337 3013
4743 4843 2555
172 4591 1777
4407 4835 3615
3256 3387 1402
1820 4864 3060
1433 3718 3549
2309 3748 2165
4916 4996 4102
1920 3973 2790
1290 2941 41
360 1947 493
2302 4486 388
4995 4997 4487
62 4428 4065
546 4949 2057
4448 4460 3761
2614 3496 1546
90 3927 2249
3102 3270 1586
2831 3530 1090
1859 1872 295
1216 3519 4348
786 1611 493
1005 3245 447
3805 3978 2801
379 2808 464
3437 4379 2248
2207 3218 663
3855 4334 1022
1514 1591 1555
1311 1464 4015
2237 4667 3433
3514 4483 3769
1913 4436 2955
869 3124 32
3245 3651 2403
4470 4624 3497
3581 4777 1333
913 2396 884
2171 4882 491
831 4140 73
1103 1640 1185
3708 3873 4621
4507 4758 2846
2117 3820 2690
3325 4550 1512
2668 3118 1955
131 4152 2827
3685 4087 4999
2691 4307 4524
4783 4850 1944
2300 3203 1234
4450 4839 4597
124 2863 3950
97 4597 3893
2898 4035 2214
2122 2993 557
2376 3328 1970
3931 4296 819
2815 3797 2520
2605 4329 1943
3552 3876 2785
558 3244 3042
794 4803 4036
3566 4687 658
3882 4149 4417
2 2968 1418
433 2433 4125
289 4583 3927
3362 3503 862
4589 4746 2052
4867 4981 2878
1986 3796 336
4815 4892 4834
1264 3253 3233
1133 4433 2752
1947 2205 1299
4646 4930 2570
3409 4450 1451
2688 4523 4712
3762 3773 1862
3341 4134 672
4097 4866 1349
4023 4131 4006
4391 4668 2311
2763 4202 934
698 1587 2787
1405 3465 1487
2734 4373 2092
2187 2854 1722
355 4298 3471
3264 3401 687
4037 4809 4539
294 3517 4882
1109 1869 4626
4212 4439 797
678 2530 2731
1257 3318 1007
1029 1909 2545
959 3674 2156
4136 4166 3217
2359 3755 685
2232 2820 3096
4864 4993 2640
1802 3665 2734
3531 3772 18
1569 4896 1139
496 741 4029
1783 2754 4629
2794 4822 1879
2904 4734 2028
1877 4527 3064
184 1489 3466
351 3022 4415
2368 3870 470
4797 4821 3860
3309 4840 2779
1509 1572 3962
2180 2543 1635
2076 4785 3762
2340 4619 3154
2283 4142 4847
670 3019 3918
4423 4800 1678
2402 3700 4987
3442 3717 4825
1904 3868 887
2484 2789 910
2379 4138 3510
2355 4755 439
4794 4813 2399
2063 4716 625
2617 4484 110
3433 4968 3093
91 1844 214
333 4536 3088
3949 4953 3665
2391 2413 1001
3890 4847 1374
3933 4314 1987
3954 4597 1169
4356 4469 4865
1440 1938 2259
2249 2735 4129
4490 4688 2916
4931 4999 1158
4803 4895 3467
931 3764 2866
1609 2149 3255
4527 4810 298
619 3402 4959
678 1827 2869
974 4995 3382
2768 2816 1472
1998 4213 3016
2394 2459 381
2690 4170 4485
40 602 328
508 2762 3119
4044 4844 424
2332 4661 2586
322 4640 4828
3262 4891 3265
4171 4893 2507
599 2363 3861
4258 4376 3107
3681 3826 1935
1718 1750 1227
4668 4720 4737
3980 4062 2609
3087 4915 147
2946 4124 2474
3711 4373 2548
4363 4441 1846
4925 4936 4086
4380 4717 1217
3704 4915 50
4419 4556 1386
2522 2562 4791
2519 3055 3190
4443 4464 4680
2066 3430 883
4363 4740 1517
4783 4889 1811
2104 4071 1416
3640 3922 4083
3944 4029 3490
2395 4201 3065
4226 4883 2109
3279 4426 721
688 4676 3100
4221 4963 4715
1978 3763 2973
2604 4261 1237
1243 2100 2910
503 2445 2922
1146 3924 2905
2701 4018 2306
889 4376 2539
4455 4973 4356
935 2174 2929
294 1320 2891
3889 4300 3004
5000 5000 3609
1945 3275 4303
1054 2653 2100
575 4048 1602
1301 4970 106
3316 4427 2766
4475 4675 4712
2837 3089 374
959 2740 4782
2736 3326 2196
2175 3632 1904
3460 4344 472
4274 4552 1418
2482 4682 2803
515 2785 3694
382 4827 1424
3307 4576 3633
725 3644 153
119 4414 1952
1328 2109 3663
1690 2698 1313
3909 4097 2282
3881 3929 4380
1904 2471 1716
4889 4999 541
3330 4046 954
3380 3537 1218
3499 3799 3749
3952 4410 2387
256 4481 3195
1449 4573 1199
1804 2938 4203
4068 4102 387
2164 4731 2970
1351 3249 698
616 4567 2659
232 2330 1064
2113 4312 701
2700 4017 4775
99 3931 3142
3393 4768 1632
1374 4662 2556
1299 4174 78
1320 3985 4541
2446 3729 1876
2635 4332 4965
3614 4053 957
4912 4952 3996
711 3339 3926
1301 1782 3987
3688 4839 2492
2358 2473 736
1477 3916 877
2292 2463 4905
1252 4439 4660
2075 2738 4284
3538 4360 2685
3756 4280 629
4888 4925 2168
105 3447 4828
115 3541 4982
3807 4340 4497
861 3666 1543
2500 4748 3083
308 1602 3156
908 1433 3986
3572 4870 4576
1837 2667 4631
1993 2128 2739
1366 4779 4685
57 1565 360
4853 4923 742
4177 4203 1752
1463 3712 3622
2272 4713 222
228 3936 4864
2483 4198 2463
4960 4999 228
4181 4724 484
4221 4348 4806
4872 4891 4760
2006 4186 2620
3400 4633 4155
634 3645 4518
4181 4803 676
4584 4677 397
4897 4925 3506
4509 4770 3026
2129 4344 3913
2169 2201 2289
4659 4910 1555
1709 2898 1699
3356 4971 3103
968 2188 2428
4420 4997 889
3395 4772 43
4055 4774 972
3292 4050 3245
385 3021 2022
2933 3073 4979
206 1027 1579
814 2410 1955
1267 2158 4605
4777 4918 1624
2356 3761 1819
3981 4772 4799
593 4148 236
2643 3052 3073
3912 4476 3604
154 551 3483
814 1160 3097
1796 4393 2015
3926 4665 3581
727 3575 4400
444 1237 536
4186 4627 4544
4606 4883 1309
3438 3844 1034
3612 4274 3517
2691 4228 3488
1023 1373 3033
3829 3842 291
2424 2534 1660
3276 4732 672
4820 4934 1631
3502 4056 4814
2524 3674 2629
4712 4727 4134
4049 4430 3300
4704 4835 2091
4342 4517 3637
2202 4860 2456
1023 1956 1606
859 2054 965
163 810 2174
3927 4179 1717
3883 3956 3743
4110 4551 3206
2301 4955 3165
795 1379 2166
2070 2607 4291
3804 4902 2476
1127 2173 1372
3105 3991 2227
3427 4568 2139
2603 4970 3003
195 4772 2005
2985 3075 1859
2483 3632 4839
2736 3828 3785
4591 4986 3709
3242 4337 15
3177 4543 2167
4634 4972 3610
2857 3494 3158
3255 4331 462
334 4253 1683
2444 4066 3123
1481 3518 1042
756 2596 3191
2611 4482 4253
689 785 961
1022 1610 484
4230 4274 1893
3431 3731 3248
3421 4669 2603
4025 4211 2669
2417 3324 1726
2892 4497 2195
2911 4194 1323
891 1709 3987
3090 4233 4646
1674 4478 1221
1319 2249 3098
913 2191 1528
344 757 2042
2755 4855 2881
2102 4757 278
453 4265 2489
4508 4628 4331
2971 4588 4764
4856 4954 1306
1520 2544 1395
4062 4893 2917
2688 3011 451
1625 4499 1895
2703 3190 1322
2468 3800 4048
3932 4678 4240
918 1950 2122
2743 4936 894
4153 4681 219
3490 3750 1893
4402 4617 2289
239 3938 1179
3270 3421 1445
4786 4879 866
2632 3788 2319
306 4030 2538
3855 4038 2012
723 3715 491
1786 3379 3159
2758 3144 2930
495 4020 3016
2214 4847 3600
2401 3598 4409
1558 4865 2370
2170 3494 3999
1361 1978 4825
4951 4990 243
4331 4369 3228
2498 3374 619
3834 4716 3317
1489 2385 1169
4009 4696 259
723 2945 2609
365 2402 1440
953 2041 4456
300 1030 3141
1596 2072 867
269 1683 1781
658 4929 1420
423 4913 2392
344 2922 3537
4678 4725 1721
3074 3592 4713
808 3670 178
4454 4948 3686
3254 4636 2805
3790 4793 1316
1006 2859 2837
4988 4999 725
2641 3720 3787
3326 4130 4796
3631 4590 698
778 3949 4129
2309 3542 242
2584 4053 2604
4169 4888 19
4595 4850 3617
658 4035 4201
795 3287 3199
2360 4257 3764
566 1156 2170
1229 2980 1821
2359 3302 75
4005 4573 4378
453 2674 1400
4112 4616 4727
3235 3913 1905
2982 4483 4529
1088 3521 1526
159 1313 1925
167 3095 4911
2655 2921 136
3718 4168 2143
2935 4328 755
1222 2527 525
3980 4851 3457
2864 3776 1466
29 2051 4178
1737 4291 4126
1851 2697 667
2860 3960 1827
3253 3652 763
576 3101 406
511 1157 4177
3504 4912 2024
1761 2776 3842
3391 4934 169
2226 3567 1218
4580 4599 4636
2576 3489 279
2812 4783 1146
3707 3884 2772
3867 3949 3612
551 1488 400
834 4376 1364
1718 2102 871
627 1162 341
3377 4660 3260
1036 3415 1587
3235 4316 2663
3743 4217 726
3445 4454 2577
471 3817 1697
4401 4839 251
469 816 2020
1076 3104 4428
2718 4785 2602
4219 4912 1938
3706 3747 2643
1719 1842 4384
1708 3996 2388
1928 3846 1559
4556 4749 1919
4676 4835 2767
1884 4160 739
4975 4994 293
4009 4186 1450
237 915 379
2479 3936 2556
4330 4702 580
201 1693 853
1800 3847 2209
4608 4650 2050
492 1503 2536
2506 4152 3384
1046 4168 2848
1582 2655 1173
3610 4221 3608
177 2529 4102
4624 4866 2178
3374 4502 618
1773 2554 4853
2697 4892 1750
2032 4596 1467
3072 3793 4270
885 4582 3267
4573 4979 4233
401 2808 183
4043 4791 2394
175 2955 3567
615 2904 1890
4436 4439 3483
979 4342 2335
3946 4895 1981
3892 4472 4234
2589 4519 4061
1122 3727 628
2415 4641 2530
1083 1558 2165
2729 4077 3378
1879 4445 3802
1729 4803 4764
1932 4774 1579
2432 4678 3324
3354 4439 1303
358 1167 3528
3794 4775 3380
1915 3756 2720
3175 4459 4091
2349 3934 1003
1638 2289 1352
2363 3241 4911
2705 3713 1661
1764 4432 1188
324 4422 4752
709 1754 2995
4391 4682 458
3624 4037 608
2399 4993 3191
2425 4480 1646
4211 4792 2629
2959 3948 2040
35 2638 3326
4865 4891 1668
2182 2835 2882
3224 3907 2500
1017 1335 1440
1077 4715 884
751 1409 4700
218 4424 3618
1085 3604 751
3457 4781 2324
973 4227 4841
4568 4997 850
1315 2542 3764
412 1838 650
4730 4820 3133
1802 2314 3622
1070 4106 2755
1183 3469 1379
163 1429 3894
4736 4934 2797
1458 4791 806
1021 1049 4728
1774 4645 3865
2644 3582 271
3031 4356 2816
4336 4746 482
4928 4974 2665
3870 4359 3864
1506 2358 4805
1068 2793 2337
916 1603 1862
38 1638 2355
2284 2420 3825
113 918 810
3484 3504 1733
3209 3321 2772
1466 4012 1540
2199 2434 2
2268 4719 2029
2512 2956 4899
4096 4552 2718
1337 3756 2027
1657 3993 1866
3463 4258 676
4334 4518 4367
2987 4975 564
1514 3709 3865
3424 4539 1889
4531 4800 3257
4309 4660 1726
2686 3287 156
3913 4794 722
1252 1835 2190
2267 3728 968
1917 4137 119
4100 4186 770
122 4246 2265
4123 4875 783
870 2732 1915
4253 4263 4103
899 1921 4777
998 3484 3003
3148 4783 4913
4253 4665 2457
3073 3619 4482
1376 4405 4418
1785 4745 533
3014 4379 3410
2288 3060 4840
3854 4069 1528
4559 4742 3390
3276 3984 3092
114 196 2605
4000 4714 1714
2522 3178 2038
4012 4669 4579
4719 4738 3809
2712 3357 87
2106 3478 4678
3343 3716 3304
3477 4756 4978
2374 4003 3851
2099 2173 4724
757 1368 3364
1096 2582 1876
3373 3620 518
2988 3898 2418
3072 4952 3088
3302 3714 914
1824 3802 4275
1984 2036 1681
3340 3690 1179
601 1410 3604
3093 4458 4339
2351 3681 3426
1774 2372 512
2414 2572 2298
2090 4600 215
2581 4249 1658
1368 2041 1183
4543 4948 64
1601 1918 4243
925 3096 3571
3802 4113 4063
3497 4205 853
3035 3706 3127
1758 3004 3550
4423 4711 886
4305 4519 4585
2765 2952 2456
80 3232 943
319 408 4003
3896 4743 1994
1064 1240 1353
2605 2860 4634
4445 4638 861
4103 4902 879
3324 4073 1662
3881 4927 1162
4492 4574 15
2221 2820 1014
106 2841 1470
3254 3362 4643
2532 4584 539
551 1911 940
3415 4356 2133
4277 4658 2579
1624 4465 3330
3253 4146 3820
4720 4805 3393
2442 4555 867
3659 4071 892
1492 4730 4045
451 726 4582
2652 4637 2069
476 2374 4187
849 4580 1613
4774 4869 3739
5000 5000 2658
544 2273 3520
3450 4326 4690
364 2921 3457
1303 1904 1291
259 3843 2842
887 1455 2185
195 4860 2786
141 4046 3511
3646 4313 3914
3633 4914 3935
1930 4602 230
343 1101 427
4780 4880 1752
1719 1946 4166
3780 4916 3042
3562 3661 1260
4829 4976 1399
3880 4314 205
49 1132 2204
2549 3470 809
3810 4681 1496
2025 2508 623
3256 4867 2256
1051 4858 1383
266 1024 4219
1697 4998 952
167 898 4909
1114 1574 2837
8 337 4420
1465 2505 2006
4630 4981 192
805 2324 3748
1220 3753 4367
3657 4986 3993
694 2573 21
3975 4193 4281
1512 2707 1660
1299 2164 203
3633 4977 3351
4546 4968 1534
2826 4653 1420
1281 2904 3744
1932 3983 95
3620 4041 3999
1777 2721 2740
4316 4755 3663
2134 3084 2334
2662 4377 3421
197 2639 2692
4602 4986 2355
2525 3403 3612
1369 3008 661
