5000 5000
3228 4328 2547
4168 4330 2989
4619 4837 4633
3799 4983 4230
4544 4750 1385
4376 4514 2822
1794 3628 3988
4244 4799 3505
1640 3836 1009
4616 4692 1712
2126 3627 3843
4347 4914 385
1749 2934 1453
2358 2480 1030
4691 4752 4100
949 1776 2268
172 1133 1751
4612 4854 1551
799 3818 4176
3013 3460 178
1103 1765 4193
3886 4286 1144
3695 3971 2845
3037 3512 4461
2579 4159 1578
1953 4516 2616
4572 4765 2878
162 732 1493
4078 4835 3123
390 3445 1933
2738 3120 200
2009 4597 3621
1904 4462 131
3872 4731 1022
1409 3460 1537
902 1334 2845
393 4191 2741
4113 4526 2600
3905 4465 2262
4079 4090 2076
2815 3180 624
1138 3767 1918
4740 4821 942
4834 4894 4099
1226 4755 3932
1318 1528 62
1858 4118 4741
538 2419 186
848 1549 3962
2023 4507 393
1623 3381 910
4662 4825 3169
4509 4861 2963
1696 3495 4046
1207 4423 474
4881 4978 4096
1900 2627 1161
3650 4322 3681
4761 4837 4001
4067 4955 3636
463 4901 153
4774 4967 3151
1657 1956 2548
1348 1772 4036
4990 4991 2464
2010 4989 1712
3529 3778 2735
899 1703 4432
561 2390 3838
3136 3704 4087
3789 4910 2482
3761 4252 756
2727 4419 2885
2392 4507 2628
645 2921 1436
2561 4256 4521
4947 4997 2957
1608 3501 4491
4123 4549 1732
2981 4776 242
1527 2518 3393
714 4310 2649
3722 4485 468
96 701 536
1164 2746 3217
1683 4118 4728
3958 4944 3305
1684 4815 1671
4679 4767 751
4209 4992 4313
4752 4921 2370
585 3043 4156
4691 4996 1166
2263 4365 4701
3712 4198 932
2092 4687 3593
2247 3245 937
1243 2411 2606
682 3145 19
2788 3200 1914
4576 4829 1991
499 2310 4498
3930 4117 2409
1484 4375 867
2667 2975 2735
388 3764 992
4674 4995 4672
3284 3302 3332
2046 3424 4101
1393 4740 3056
1096 4812 3923
1429 4927 1366
466 1017 2672
4805 4815 2239
838 4409 4363
237 2834 2182
4193 4957 3753
2361 2418 2213
3441 3917 2582
1767 4832 2760
4515 4604 2407
1546 2789 4548
4247 4305 3110
2737 2873 1578
3801 4339 1978
702 1486 4925
1679 1914 3770
1699 1973 3184
4685 4961 1978
3207 3592 2821
53 3334 3002
3893 4716 3022
1515 2696 4553
1048 4728 2475
1302 2387 446
1790 1991 3334
4758 4924 1613
3517 3876 2227
1243 3925 3781
1714 2449 1669
927 1937 2086
689 4605 3948
57 2905 2669
1971 4422 3438
3280 4519 1632
4884 4959 3018
4517 4799 4237
4357 4908 1737
806 3235 4015
3876 3896 4619
909 1037 3719
187 3120 3433
1008 3833 474
653 4334 2248
827 2260 3943
335 782 4909
2256 2547 53
4990 4994 1230
3565 3929 68
712 4514 4939
3503 4095 3005
2300 2305 1879
4460 4927 3494
1414 2544 2109
209 4626 3191
329 1978 1722
4847 4848 1091
240 919 4967
3198 4037 2105
2552 2903 116
2108 3278 4776
4905 4944 4830
1208 4892 2228
4118 4631 1544
3906 4218 4968
1723 4272 1632
1111 2459 1763
3959 4256 607
4651 4909 1203
565 4061 1937
4839 4952 3897
4444 4959 1011
3020 3119 3531
156 4308 3525
2501 3951 11
25 1359 3815
3836 4625 3331
2256 3881 2946
3273 4199 3133
2633 3349 4605
3358 3840 4362
1479 2325 4465
3293 3445 327
4919 4990 841
398 4862 1977
3488 4170 2165
1824 2297 1265
259 4731 4820
3725 4800 4008
4611 4688 4559
3973 4163 3161
2734 4273 1992
2365 3081 3463
3824 4573 2476
2038 2938 1317
1592 4015 2234
170 1577 1247
2548 3606 2249
2355 2844 393
4145 4844 4160
864 3345 4099
2885 4197 3938
2777 3285 2794
773 950 2817
1555 2983 848
4217 4732 2706
1980 4222 974
3622 4403 2306
3488 4286 2132
2054 3064 1684
4652 4689 560
4152 4935 1491
2751 3881 3080
4599 4644 2362
4825 4835 1406
2846 4447 1273
769 3292 1307
4573 4683 2251
657 1110 1321
3527 4216 3995
4157 4773 2043
1486 1772 2579
4676 4720 2143
546 1010 3342
4719 4833 4454
1263 3315 3895
669 4802 1061
4975 4979 713
1633 3347 2523
2031 3807 5
132 3031 3298
4333 4404 3686
699 1059 1712
1178 4707 470
1656 3550 416
3149 3558 4949
4322 4467 3529
4611 4612 4679
1851 4940 332
934 1907 3005
4016 4785 1693
4578 4873 2207
184 2083 4506
2994 3108 2196
2103 4662 2488
3631 3884 374
4460 4869 1284
4815 4962 1845
4221 4964 1590
626 2648 1092
2170 2331 475
512 560 307
1704 3570 3496
3659 4778 2204
1973 3085 3458
4189 4423 4111
1867 4463 4214
2365 3168 4920
4673 4713 2713
448 3718 603
1784 3971 646
2461 2890 4970
3322 4060 3426
1333 3472 3842
3206 4666 3039
1142 2268 695
2197 2411 1331
4942 4948 593
3180 4812 1618
153 1155 4920
3662 4312 294
1365 3141 4485
1979 3992 3924
4727 4819 4629
757 3566 1110
3843 4459 966
4540 4913 1040
7 127 1413
2476 4145 3902
2463 4261 3786
2041 2954 3617
4657 4999 3057
3145 4375 547
2619 4857 4399
3912 4341 195
4690 4799 4560
2720 2751 2193
1201 4730 4868
1154 2200 751
2095 3631 1992
2148 2520 641
2557 3975 2503
118 3421 579
3363 4519 4101
686 4090 3532
157 654 3173
752 1290 877
651 2134 2344
4306 4878 3437
1599 3819 1362
2226 3744 3419
3449 4048 4528
3788 4634 4407
3907 4219 4073
1203 2860 3937
2299 3547 642
2764 3724 4411
973 4649 907
1745 3760 246
1868 4752 1594
4453 4456 1317
730 1837 809
3714 4382 1248
3823 4228 139
4453 4523 153
3417 4765 3417
3078 3928 3002
57 3996 918
2279 3939 1451
1557 2611 1254
3577 4625 4666
3810 3878 499
3144 3885 3436
39 4392 3659
3598 4749 966
7 4840 1597
4354 4651 3620
565 4187 2329
676 2372 792
3913 4834 545
3826 4758 255
4614 4935 3600
4248 4897 1282
4644 4938 2311
1710 4647 3117
4114 4693 4199
1912 2566 3743
303 1026 3184
846 1651 508
3092 4983 2397
3744 4332 2020
2311 3416 4086
3891 4528 4477
495 1722 2764
4934 4966 579
428 4719 3182
3984 4006 4617
4585 4808 1295
3983 4135 3424
4340 4915 3271
2899 4491 1321
4631 4924 4243
3179 3208 4321
1176 2577 3226
2665 4876 67
931 4873 417
492 814 1851
4733 4771 4335
3891 4433 595
4903 4968 2860
2712 2951 660
1402 1631 4091
2485 4442 399
3189 4234 3846
3386 4308 2760
3578 4376 2416
1936 3878 314
3615 4615 1804
2562 4731 747
3011 3721 2188
1349 2033 4520
4542 4562 834
3955 4565 1226
167 2919 4473
2570 4989 2690
151 1264 4209
3087 4757 796
291 466 2488
2204 2655 1801
4060 4311 136
4185 4378 94
1730 3615 1143
4152 4557 1845
4494 4803 2395
1817 3125 1897
4302 4609 950
2488 4713 3610
507 2159 3467
2103 3439 2237
1721 3770 3276
565 3886 1687
4653 4866 4274
1927 3107 3513
2079 3969 2854
4635 4931 3994
3007 4325 2343
3483 3723 4870
58 2112 1328
1649 3005 190
699 2078 611
2110 3421 3083
2299 2387 1074
3763 4165 2209
2314 2660 1603
2618 4351 835
3924 4936 2924
2234 3787 1330
1126 1982 1520
4256 4630 348
503 2622 3642
1577 4488 774
2095 3984 2851
1807 2760 658
708 2978 4380
1025 3285 3368
4628 4680 4847
4282 4931 895
794 2747 4196
4622 4966 4655
1986 2472 2639
819 1484 269
2576 3334 2561
3073 4690 1572
2708 2754 2279
1839 4490 1447
880 4122 2104
654 1978 2442
2103 4926 3238
2908 3707 2237
3271 4327 2123
2051 2395 2331
3274 3730 3086
2595 4692 3880
4742 4944 4169
1462 3468 3248
480 2500 4650
2460 4473 4617
2462 4124 4320
1235 3423 490
4357 4740 3271
2557 3215 4512
1430 1561 2966
4680 4903 1972
2414 4111 1843
4656 4658 2131
3176 4448 3892
1769 2966 371
4605 4856 404
2039 2652 1147
1909 3242 4248
2628 4176 1093
1544 3222 4353
3839 4682 542
2689 3759 2973
504 870 2514
1812 1817 4825
579 1991 977
4612 4804 38
4393 4525 126
115 2642 1089
1319 3770 1753
1912 4140 4987
4692 4718 3283
3784 4720 4651
4939 4961 2131
2631 3142 1669
670 880 4263
2271 4922 1855
604 4578 754
1172 2847 2689
4722 4937 3607
2919 4903 1913
704 3601 2464
3483 4446 1877
1288 2091 1914
3224 3420 2518
1542 4657 2556
3916 3973 1583
672 1891 2278
3796 4887 4065
2986 3647 2548
4901 4909 2147
74 3917 44
4152 4477 2884
251 1311 4564
3665 4762 2454
3088 3145 1193
3295 4185 4813
334 3196 1290
171 396 4100
287 2236 3196
3487 4144 4293
242 4435 3581
1590 3949 759
2531 3991 3134
3227 4034 1480
1350 1958 241
1266 4806 2777
4406 4891 3265
4441 4608 2229
4160 4908 2977
1610 3246 506
1596 2317 1350
2033 2952 4672
4851 4918 4851
1720 3453 664
2142 3877 1747
1373 4306 1026
2469 3033 4935
648 1579 4436
2585 3608 2021
4933 4992 4885
4843 4912 3011
2988 3809 3236
2821 4349 3292
3783 4844 3372
1786 4251 1469
4347 4761 281
1101 4997 2662
2754 3291 637
3702 3743 2350
2409 4080 1584
4149 4916 4825
1953 2986 1080
692 2374 1373
3481 4949 1826
1879 2312 1722
2424 3424 4293
56 2059 353
4725 4919 2930
4031 4813 1396
4562 4971 4273
4482 4842 2615
1973 4471 3263
1054 1106 3517
3112 3615 1623
4419 4934 3884
1234 4758 2213
3645 4003 3892
1157 1462 3693
4589 4931 4005
4157 4236 4142
4271 4889 4865
1804 4938 4613
3401 4028 318
510 3918 778
471 4875 952
3223 4530 14
4565 4733 852
2204 4311 2024
1992 3651 3594
898 2296 1713
306 4290 2176
4065 4592 1770
1859 2085 1672
1538 2196 518
285 3061 316
2381 4975 2
635 1878 704
2571 4141 267
705 2252 2836
4293 4942 2401
2238 3802 4420
2419 4344 2628
102 2829 2770
4851 4881 4717
2603 2991 2874
3189 4040 440
1344 4527 3262
1397 4959 2016
3701 4768 3005
1510 2942 808
2888 4556 3316
2688 3198 2140
339 765 1678
191 1813 1793
3530 4471 1627
385 4566 3719
4480 4829 1469
4456 4964 2744
3288 4327 2287
769 3778 3687
1639 2029 4436
4693 4935 770
3853 4462 4713
3012 4995 351
4152 4908 384
726 2373 1814
3266 3534 103
3836 4963 1193
815 4586 4411
3105 3808 3136
3904 3905 2905
266 2179 3805
464 1272 2848
97 1508 1542
1846 2375 1492
4342 4808 2552
2845 2864 3512
1955 2871 4795
2228 2553 3855
4366 4682 286
4908 4974 3879
836 2618 2967
947 2087 1792
134 698 2620
602 3606 86
3907 4953 1545
1218 2793 3916
2776 3751 813
705 4531 3190
3496 3929 4515
3282 3685 2617
1455 2661 1058
422 4403 158
219 4965 3269
125 746 3499
2244 3658 1072
2970 3514 2994
3967 4497 1015
1105 1310 937
2191 4182 700
743 3260 4180
2676 3386 4531
2573 4812 1249
965 3044 716
4537 4750 1304
4664 4860 3937
4818 4959 3792
1508 3254 1627
4645 4667 1903
93 696 1202
275 1318 3475
1990 4671 2452
3572 4209 1963
75 3014 2472
2603 3113 2071
2976 3418 4061
290 1121 1234
3163 3996 4670
1600 3509 4322
1189 4317 4859
447 1407 4631
4363 4878 2955
1598 2324 1342
3064 4043 4459
3288 4406 1181
694 1006 2830
3287 4390 694
2882 4281 2783
1237 2160 3202
4091 4734 2872
1554 2602 1334
1370 3096 365
223 4750 1494
1257 3893 82
1532 2450 3374
3649 4405 1849
1889 2421 1353
3070 4639 2727
4632 4925 2458
4893 4959 2778
4966 4996 49
3809 4059 693
2380 3998 4197
1743 2696 2264
1618 2330 1684
100 2482 3106
3602 4826 1018
4391 4734 2938
2613 4326 2462
3464 4969 4858
1842 3918 1109
4619 4769 2242
4105 4928 1550
2706 4877 476
773 3134 3972
506 1063 3694
4282 4862 4402
316 438 4196
315 2231 4485
4992 4992 1502
3082 4069 4484
1765 1924 1817
593 3485 1171
4726 4948 4490
3385 4762 4402
1077 3210 3211
3691 3983 4409
4176 4405 4644
528 2548 3236
1704 2745 4280
359 3934 283
4133 4756 971
4171 4840 2524
2927 3289 1929
4302 4602 982
4301 4697 3626
2973 3814 987
299 2965 2552
890 4551 4569
320 3144 894
4180 4321 1535
1848 4444 2331
1917 2804 214
3975 4863 4311
3804 3871 1209
806 3596 1923
2648 4254 1012
2376 4357 3280
3806 4337 933
784 1240 18
2439 4165 295
3407 4182 2344
589 2708 148
3614 4294 2374
969 3736 4835
2018 2436 4950
1946 2277 546
4069 4357 4220
4783 4917 2744
4939 4991 4404
4277 4621 4168
2077 3266 2244
2445 3316 4701
2613 3556 40
4862 4951 363
2318 4802 318
2468 2560 336
954 4736 2318
2751 4798 803
2637 3911 415
2933 4190 1956
96 1886 3815
1151 4682 3460
3140 3742 4168
4670 4962 3709
3099 4508 3633
2 1572 1202
4773 4890 860
1383 3351 2042
70 2644 1357
3675 3800 3290
4041 4963 3364
3745 4934 655
1786 1806 1598
1587 2240 3222
800 2700 147
524 4945 2641
3312 4233 3410
4131 4694 3228
2342 4368 2957
2483 4459 3074
4612 4859 220
2296 2532 3750
3876 4617 2935
1451 3922 1221
1566 3046 2312
4023 4309 1676
3996 4336 1392
3812 4152 1879
4790 4906 3915
4071 4076 939
3588 4857 1320
4503 4514 3393
4151 4514 1713
1677 2950 3036
795 3417 2038
944 1176 1566
4501 4909 3651
271 3721 2655
2791 3228 3432
2188 2816 3817
4770 4812 4765
3753 4652 3431
2739 3529 3057
3146 3851 3130
2811 4774 2383
1235 3839 2904
1784 1812 4182
2550 3981 2188
3737 4890 4889
72 4514 2869
2361 2470 4424
2234 4873 1098
4120 4820 4431
2578 4307 393
4622 4893 3396
4486 4816 351
4404 4719 4344
4722 4986 1244
946 1306 1639
134 2443 3949
3939 4713 1841
374 3034 469
2926 3004 2408
264 3499 3061
424 4183 3338
3635 4465 3887
1542 3541 1850
964 4737 3441
715 3238 3100
1284 2743 909
2752 2806 682
647 4098 349
1093 4109 1178
2845 3364 3204
918 2296 4808
2345 4609 605
4228 4391 1095
4568 4636 1854
728 4222 231
4744 4997 1107
1884 3228 1330
648 3195 4253
4997 5000 2210
2492 4463 3476
406 892 3304
715 1116 1822
1897 2507 4628
3564 4874 2697
2476 4661 1897
4772 4799 3803
2690 3387 95
4988 4995 2568
1657 2648 1281
1311 2402 424
3401 4063 904
2132 3434 3939
2380 4097 2623
2127 4532 35
571 2281 4699
2675 4329 506
1965 2377 1206
2648 4275 2732
887 997 400
937 1316 597
4258 4895 4231
4033 4931 2409
246 4395 303
1927 3419 2778
4151 4790 375
3880 4125 3912
3008 4847 1020
262 1617 2446
3625 4558 4594
2094 3898 556
3142 4856 3987
4334 4435 3872
1213 1221 984
1437 4334 1258
3606 3792 4481
2251 3296 4022
330 3656 3084
765 4256 2476
1101 4948 4684
3705 4332 1680
276 4095 4018
1931 4975 2413
4015 4402 4107
3139 3258 501
4873 4934 4987
1998 2158 4388
3832 4747 992
4028 4514 1716
2850 3840 1694
3164 4357 3452
2641 2896 308
2805 3905 4583
712 2009 2516
1511 3502 3339
1379 3729 1753
2733 3652 2663
1741 1844 30
3989 4298 3230
2966 3767 279
1166 2147 2956
1868 4625 4701
1357 2376 4785
3118 3315 3422
3638 4089 4160
881 4112 1059
3381 3426 4474
4294 4828 1238
376 4590 3373
1446 1867 2861
2963 3092 955
4308 4557 4893
3776 4138 2397
1994 3256 593
4210 4226 3358
41 800 2394
2697 3764 1236
1276 4326 4870
1527 3792 4542
21 56 4128
3955 4065 1723
431 4748 1725
1911 2219 2783
4298 4958 2033
866 4215 1908
2019 4076 390
2458 4728 2819
1204 1279 2129
718 1389 498
2889 4587 3493
4059 4438 334
715 1631 1217
3435 3518 4079
3310 4370 3795
3063 3241 2282
1034 3381 4576
1144 2632 2034
3245 4007 1940
2933 4364 3420
1900 4033 219
1702 2028 43
1693 1693 2052
4723 4942 3072
4517 4971 484
2952 3136 3526
259 2603 3449
1312 4606 1414
4166 4390 2943
2490 2717 3107
1291 1954 1220
664 2173 2260
2110 3894 1995
4196 4696 1379
4208 4463 1795
1915 2850 347
1853 3054 3536
619 4403 527
2110 3295 3291
2250 2589 109
4464 4531 168
4308 4416 2888
2777 4535 3130
1390 1987 4635
2952 3639 4715
4650 4878 4651
2367 2588 3575
1105 3646 1833
2806 4375 3328
257 2996 38
3773 4243 4570
4696 4991 2461
2622 3413 26
4569 4586 4864
3544 3841 4720
2495 4960 2723
3294 4990 3019
923 1627 4510
2459 3882 1749
2085 3719 3472
4523 4860 2566
4142 4586 1326
3908 4016 4193
2898 3446 275
4441 4869 2560
477 1348 3881
1709 3411 607
4466 4809 3184
4171 4778 4927
3714 4795 858
2548 3025 2561
2374 3967 1269
2207 2947 265
3297 3974 1725
4357 4788 3954
3943 4781 14
456 4686 4474
2019 2221 928
4776 4995 2495
696 3792 2850
1579 2753 4998
2464 2470 9
1864 3781 1793
3380 4656 3669
1262 3662 749
388 3644 399
3816 4235 3767
4614 4998 4141
4221 4521 2793
1300 1329 4515
826 1910 3881
978 1522 3481
4754 4991 120
841 3524 1736
2308 4880 3630
1294 2767 1777
4318 4708 1999
1327 4686 2034
1628 2076 1341
3213 4853 4277
563 4000 4045
1585 4199 4092
3364 4247 1096
1484 2005 2323
1227 2749 1905
4595 4872 3833
1581 1676 2477
4853 4988 546
4033 4944 3802
2113 4612 3615
3410 3500 244
3805 4253 1746
172 594 2001
3721 4256 1581
3084 3899 4599
3372 4031 1674
2223 4332 3228
1161 3139 2302
1717 3647 3576
1201 3024 4621
304 2389 307
275 2531 3255
3719 4858 2986
1473 3776 4921
1422 4785 797
36 1829 3442
4241 4861 1600
130 3390 1416
4886 4908 4508
3183 3583 4631
3042 4750 3714
676 3857 724
1207 4225 3453
560 2426 1795
3483 4574 4460
431 3890 1249
4486 4812 1764
1495 4337 940
227 437 2501
4876 4885 3367
4435 4563 3320
79 2787 2274
2370 4700 2486
3645 4102 875
1076 4290 4212
2852 4255 3294
82 3192 4496
1536 2360 3058
2298 3683 2718
4725 4890 2819
2565 4762 470
375 4221 3480
265 894 2771
3939 4897 2187
4214 4678 1185
4740 4833 3027
3876 4857 4658
2494 4473 74
804 2043 3423
4116 4446 3317
2912 4144 3729
420 2780 2154
4757 4893 3576
755 2489 3302
1323 3234 3239
3734 4513 1020
631 4321 4285
1810 4167 882
3041 4831 1665
4227 4985 3515
1951 4464 1661
2984 4626 885
3093 3127 152
3946 4204 983
1115 3705 3804
679 1084 2413
1549 3427 2903
4863 4988 1362
1017 2809 2852
4908 4939 3228
4906 4971 3233
4386 4553 3115
969 4872 898
4171 4832 1465
1953 3060 4085
2798 4104 821
664 2201 441
617 4858 4283
4349 4401 2700
4417 4987 4336
1340 1828 4307
4936 4941 2633
1181 2017 1239
2958 4236 4981
2017 2896 137
3429 4281 2520
4064 4248 4907
3958 4614 1070
1934 2047 3081
55 420 1286
1289 3608 1581
2911 4403 4639
3557 4013 1689
4649 4695 3951
3354 3809 2978
3182 3893 2842
4601 4817 999
420 1110 1196
1628 1691 3921
2819 4195 4940
929 4117 3291
4008 4977 4146
4169 4568 3554
3779 4321 2266
4407 4806 3367
608 3610 2852
2531 2722 736
3368 4365 1757
1291 2478 4593
2878 3906 4407
723 1141 3918
613 4480 3279
3337 4731 1253
4626 4879 3594
3555 3711 1177
3348 4288 3943
3726 4813 3803
3426 4361 1759
2483 4034 272
598 3483 3753
2485 3291 829
3032 3916 20
3158 4406 2714
3420 3600 823
151 2709 1465
1975 2770 2717
1648 4090 1144
3599 3642 75
4121 4374 2695
1979 2313 345
2831 4892 1131
139 3343 4262
1890 3518 3763
4231 4783 834
839 3500 2773
4660 4820 2484
1078 1448 2542
2201 3787 4613
696 921 489
3025 4395 327
1234 2959 4948
4811 4931 3790
1819 2667 686
4933 4997 3901
4140 4881 2708
2745 3240 3230
3426 4634 1333
1438 3526 4400
1837 3239 1689
4955 4965 3868
4440 4489 1139
120 3227 2464
4911 4995 4799
3298 3993 4501
2593 4449 2338
977 1874 4611
4821 4955 4133
2361 3007 1055
3656 3790 3101
331 1872 3020
1753 3398 1231
694 4946 1591
4146 4157 3578
1243 2245 52
3827 4322 402
4863 4875 1466
4780 4987 2228
1721 2175 4073
869 3332 2189
3770 4679 4975
3326 4508 4832
3108 3888 4598
4102 4682 178
2808 3222 4264
2794 4168 4688
1581 3679 4592
507 3536 4027
621 2033 1847
296 2386 2029
3921 4309 3334
3412 3893 3865
1752 3803 3315
362 3807 1651
1726 2533 143
2410 3588 202
4821 4880 1831
3861 4243 7
4446 4914 2438
3485 4230 295
4422 4815 128
1741 2479 1216
176 1539 2814
931 3200 3915
4425 4429 1635
3029 4193 3364
2971 4386 4367
1454 4247 351
1583 3951 1499
1850 2038 4419
2435 3603 447
3675 4815 207
2288 2966 2309
4105 4947 1725
420 1070 2572
2218 4665 4222
1280 2378 3619
3246 4730 4897
1738 3208 1484
762 4117 57
2555 4102 3873
2279 3766 3920
4916 4944 839
4071 4730 4479
1027 1994 4097
4137 4705 3448
4270 4286 4684
1599 3647 3077
4280 4777 1561
1494 3808 3888
2322 2373 2166
4837 4947 4003
2493 4488 4086
1780 1967 2134
3896 4663 4921
1347 4755 3872
1144 4244 4542
4593 4859 4274
1199 3579 1875
4478 4976 2182
1092 4376 2153
698 2602 231
1009 2913 647
4104 4500 410
1718 4663 653
2026 3044 255
2771 4553 4263
2221 2621 4205
3669 4020 2946
1483 3072 2111
1292 4700 892
4868 4926 3181
1769 1827 4870
2441 4417 2059
2729 3198 1253
1885 4385 1816
516 2196 374
1213 2418 4389
4839 4925 4320
3854 4321 4277
5 4125 1714
1812 3200 4921
1051 2460 3895
3493 4938 4716
3359 3504 1412
4908 4983 2832
1557 4010 2946
4260 4639 2508
2392 4285 2608
4422 4553 2098
3549 3634 3751
406 3617 3978
147 4325 3109
1773 3847 332
1322 4470 745
3181 3784 1570
621 1900 3969
387 4328 3167
3859 4560 873
1663 3027 37
2266 3010 3504
993 1446 292
2116 4261 1642
4592 4993 4091
3290 3943 300
249 1911 4783
738 2498 3158
2819 4527 1304
767 3502 653
2910 4553 1758
1636 4026 3096
567 2319 4541
2697 4644 3184
70 2455 3197
2205 3641 4661
3317 4140 3611
4418 4770 2263
1431 3054 1072
3438 4167 4362
2039 3943 1115
193 4713 2969
2668 3186 2453
4301 4303 2161
2230 2349 359
29 1184 2863
4379 4963 3679
4391 4440 2980
4904 4919 4644
2858 3962 4723
4354 4623 3223
2822 3059 1915
1700 4811 2443
4023 4520 3259
3496 3774 4879
3131 4625 4116
942 3664 4971
2922 3265 1260
1672 2964 618
2940 3557 1617
586 4806 3164
4641 4882 1136
2665 3757 4624
1121 3672 1989
3169 3760 1539
4630 4705 1369
2136 3801 3214
2278 3179 2315
4340 4479 3870
3550 4898 1548
2481 3190 3318
3471 4515 1919
1633 2601 1547
142 1026 4859
746 3502 3662
277 3080 4621
823 4366 2007
1387 2234 758
2905 2975 3121
855 1290 1469
1596 2878 1977
4705 4781 1559
2059 2829 2608
3914 4920 3396
2722 2732 2529
235 4678 2709
2252 2359 4857
1768 2558 954
2855 4007 1186
4857 4949 4089
50 1876 797
4086 4884 3497
2210 3227 1742
2194 3743 4537
4859 4868 206
2747 3592 2141
4316 4853 3586
851 874 1274
3558 3609 2921
2667 4117 4869
1877 4244 3273
1632 4623 1928
651 3362 149
2884 3134 1940
62 2110 4637
4613 4761 2031
3454 3592 4226
3667 4426 2052
3810 3856 2748
2680 3946 2834
3887 4582 3868
3745 4178 3814
1188 4833 4962
2252 4327 2627
2271 3596 2411
4007 4328 2047
1580 2508 4248
3445 3775 1438
2004 3367 4332
1600 2708 2697
1068 4685 2231
4996 4996 3183
710 4116 3679
4535 4794 898
2648 4977 283
502 2353 3916
489 4403 3334
662 4093 1207
3833 4179 927
1151 1380 2620
2265 3006 4805
1857 2779 4249
2214 3804 1194
2120 3870 4758
1098 3299 4908
2329 4387 1046
1448 2097 945
2476 3882 680
540 4222 3944
1420 2974 1034
3617 4344 1078
1702 3126 1786
1384 3885 2906
10 2391 2759
1240 2878 1225
476 2417 4695
2371 4359 1157
789 2435 2513
2650 3357 2038
929 1435 1562
3260 4741 4435
562 1744 656
2762 3988 2080
796 1257 4575
3278 4341 2217
2857 3558 4654
255 786 883
4388 4810 2215
2295 2621 3480
3258 4593 3250
1887 3893 105
3661 4387 914
2439 3171 3702
3062 3863 4144
1237 3554 4261
3500 4160 3703
3963 4875 2191
1204 2546 4754
1864 2367 4838
3143 3453 3993
4426 4922 2054
1797 3690 4702
4510 4844 4726
133 4370 3233
1610 2689 4711
3755 4997 2497
2055 4413 1264
734 4875 2558
4450 4839 4957
3144 4677 88
3592 4828 1150
2420 3228 913
2511 3690 335
4024 4918 4245
624 4546 263
3955 4011 4987
4567 4898 1203
979 2242 167
3683 4205 4673
848 2879 3314
4322 4434 1886
1440 4644 3451
4780 4924 4183
1945 4663 3346
4014 4086 1676
4220 4504 2519
4310 4482 4309
201 3184 696
3863 4274 575
3912 4661 3728
2698 4365 2524
4495 4969 1534
1883 2072 4277
111 2019 3191
3939 4749 741
4893 4893 825
4333 4456 1408
1179 4145 2154
1844 4251 4356
1190 3034 3102
4042 4656 2593
1460 2308 4567
1850 2315 871
3723 4692 1564
1278 4503 969
3530 3708 439
1933 4379 1380
4029 4868 599
4745 4825 3149
2901 3262 3266
3031 3880 885
828 3868 762
1024 4524 1247
4758 4840 2875
2312 3113 4171
112 660 841
1184 4763 4832
2179 3868 1879
876 2391 1512
2535 4600 856
4208 4270 3697
2447 4126 4449
3733 4011 849
979 1327 1039
3729 4807 1897
2342 2746 3358
3484 4909 433
4490 4938 4725
2698 2735 4494
3079 4259 4942
3138 3179 1543
1360 3609 1102
633 1841 1201
4584 4808 4475
92 113 4306
2852 3298 157
4860 4912 3825
1729 3154 2169
2914 3167 2922
3637 4812 4090
4571 4765 3258
2401 3648 4639
1152 1388 4290
3682 4641 127
219 2190 1363
83 3358 1690
1708 2447 3573
3984 4801 404
2728 3101 4801
2625 2949 1380
30 4466 2453
766 2076 3690
473 4937 132
538 3671 2103
3934 4168 1554
1161 1508 2460
4514 4907 1044
612 2607 2252
1579 2659 780
1270 4710 1727
135 3008 3157
2532 3393 1126
2700 4067 1267
384 1916 1384
207 2501 3843
4827 4829 318
4599 4694 1151
4995 4997 289
881 1702 3057
439 2334 137
4569 4974 3554
2834 3630 3711
4518 4920 2125
167 2439 603
3889 4462 2450
2975 3617 3523
2306 4584 2577
2540 3635 4429
4630 4732 3764
3541 4401 144
28 1754 1655
3821 4599 3572
3056 3443 116
4207 4415 3675
1985 3619 4534
3607 3607 409
4931 4978 106
2408 3912 3800
4791 4893 3914
579 2065 1278
3395 3961 2582
1680 3977 2922
4217 4416 1165
3146 3980 3126
272 4512 1810
312 3657 3884
1225 3098 1024
4791 4980 2637
2469 4216 2218
3930 4931 2732
4019 4635 2345
2419 3827 1068
814 4446 719
2431 3788 4587
2574 3963 4336
728 3821 369
1541 2444 2455
4325 4398 3299
2451 2535 4085
2069 4288 3214
151 1491 95
1285 3915 3190
4737 4856 4505
2789 4696 1717
1267 4233 2075
1078 2431 91
907 1829 3387
1201 2709 4323
2581 3997 4851
124 4901 491
1418 4046 380
2475 4640 4448
4611 4928 3154
3048 4269 1631
4579 4758 3825
876 2021 566
2815 3865 2313
2442 4903 4659
3041 4345 44
3316 3514 3244
3013 3327 1650
1893 2585 3451
8 1604 3812
4441 4992 4765
2940 3418 1771
2220 2887 115
490 1558 4274
2422 2848 2419
2844 3644 558
2943 4836 1873
1163 1360 3323
3373 3410 4596
3924 3949 998
1093 1517 3580
2905 2966 502
3814 4764 2118
3877 4530 4368
2321 4639 3974
2723 2812 259
556 4557 4440
2613 3984 2520
2594 2643 3715
1797 4627 1641
385 2402 2667
426 915 594
4308 4848 57
2987 3346 3109
2531 4731 3669
2628 3145 384
3608 3731 3045
3386 4160 2694
2292 3529 3979
738 4120 454
3307 3380 2917
4689 4993 228
1108 1829 1412
3014 3678 1229
245 917 1624
4831 4883 4135
243 4091 3644
1905 4240 4298
3919 4404 702
1217 4200 2375
2884 4967 3728
4668 4861 3258
357 1165 3558
2940 3626 4846
4608 4796 2607
295 3828 3687
1479 2404 4224
3939 4874 2496
4808 4933 4057
2410 4712 1257
4138 4574 4572
210 1186 1850
437 935 1392
4960 4996 1067
3237 4679 3208
3006 3272 1445
1024 4602 4770
2253 2529 3623
1126 3839 936
2839 3291 2415
4961 4991 913
4704 4955 4599
486 1640 4241
4403 4868 1507
3874 4344 1513
698 3736 3303
3733 4257 3175
387 1489 72
4314 4977 3796
4295 4357 2654
1899 2707 2463
470 4192 655
2317 4285 283
1157 4374 2377
1704 2761 2363
4672 4948 4548
5000 5000 2299
1821 3551 2952
646 4840 4121
3856 4426 1468
2625 2885 140
241 1076 966
1714 2117 412
609 2831 4261
2721 4277 1945
3038 3127 2065
670 4405 3861
1546 3945 2882
1415 2612 4173
4600 4725 3854
585 2868 240
2310 4217 715
3102 4383 3977
1144 3040 1927
128 1547 1311
4368 4787 2477
1014 4481 4898
334 4785 2481
2849 3448 1944
1523 2074 4370
328 3062 4786
2373 3204 1416
4972 4982 2288
1233 2313 3610
1237 3474 308
2202 4247 1162
1043 1346 3632
4360 4900 983
4576 4604 1720
3431 4121 2919
1328 2385 4453
2156 3866 1637
1795 3443 4086
1004 4470 4385
670 2397 487
1413 4983 3562
1622 1998 2524
394 3312 878
4367 4611 1438
3810 4708 4589
441 1840 1192
121 2592 3864
1748 4555 2806
2432 4602 336
1182 1202 403
298 783 1695
2082 2757 64
1255 3156 411
1921 4241 4899
1132 2940 1380
1049 2924 4559
2624 3390 200
1726 3363 1044
4367 4582 501
2211 3870 1391
3458 3559 258
2152 3544 197
278 1035 2803
2013 2844 495
4696 4991 863
736 1141 904
4153 4852 2153
2911 4849 2955
3609 3901 2207
987 4086 2442
1868 2262 1540
2811 3523 1731
4860 4933 657
973 4678 2514
3918 4727 933
2935 4922 1696
793 2790 3899
256 4397 2664
1608 4679 357
816 4387 1599
3145 3510 1258
997 4691 3856
1744 2177 1788
2993 3987 4384
876 1763 4418
793 4058 3022
1415 3181 3983
1660 4610 2001
3092 3203 1243
1639 2223 4956
1558 1738 1278
1311 2057 2213
3148 4666 3814
2743 4290 1372
4850 4859 4843
1639 4164 2630
3409 4965 4743
1902 4171 333
1519 4734 1766
751 4474 198
4178 4236 3345
4787 4846 542
1801 3496 3260
4663 4799 1545
4861 4973 4666
1605 3057 3620
116 4486 4613
1527 4462 2699
1726 4234 376
4885 4998 2614
3320 4060 756
3805 3997 3480
1630 3201 4596
1096 4440 1666
3827 4942 996
673 2077 3428
3344 4688 2539
535 4013 4443
40 3472 973
3034 4841 3205
1607 2138 1748
738 3267 2434
2418 3524 2976
2020 3151 4140
2566 3810 3296
3818 4099 79
25 2568 2899
4164 4312 986
2571 3665 877
374 4202 1039
2300 2849 547
1084 1757 975
2625 3681 373
2876 3752 1429
4534 4736 2096
915 921 3698
1662 4762 4790
1041 4444 2735
3469 4897 3317
1801 2047 3371
4170 4703 2327
3693 4720 2209
996 4329 1713
2440 3246 15
2375 4188 4611
1963 4841 593
1644 4880 3438
434 2780 654
3599 4230 2381
1204 1879 2277
576 4927 1562
96 2113 935
4712 4962 2803
4875 4993 1016
4945 4960 4791
3693 3931 540
4171 4758 2354
4917 4985 3641
2526 2815 2325
2266 4678 672
1899 3921 77
4134 4960 2070
3936 4778 3922
1242 2076 2413
544 765 3613
4456 4664 2415
2661 3091 4191
2191 2217 2629
4092 4365 724
2930 4368 523
332 2320 3240
2933 4868 428
1567 2638 1614
2567 3497 910
3409 4506 870
985 2693 2306
1417 1472 4187
4881 4945 3927
3465 4552 1077
2932 3307 1364
4549 4793 395
3115 3813 855
1771 4994 419
4877 4957 1687
2066 2132 1984
3018 4390 4826
3275 3381 82
695 1360 4654
363 2419 4103
69 1062 1647
4580 4731 550
2925 3707 4757
1525 1916 2630
4743 4894 3304
2912 3576 1277
3831 4057 178
4053 4939 2068
1219 4546 545
295 4269 2756
4891 4922 1671
3534 4252 1157
419 1839 3499
2355 4478 2259
3773 4387 381
941 986 1374
2848 3075 1950
4154 4697 436
967 3652 13
1733 2776 403
2694 4817 394
1774 4741 3226
4585 4631 750
1065 1679 228
2793 2899 3376
3499 4339 737
479 1234 4759
4981 4987 1949
4933 4988 725
915 1727 297
619 2932 4348
3615 4932 461
2104 3164 2420
348 3676 423
726 2734 4143
1579 2220 3939
4010 4037 4359
3001 4570 1258
3882 3981 493
988 1185 2771
159 1174 3616
329 4757 470
1740 4139 393
3534 4633 2427
2378 3631 1220
2949 3846 632
4133 4630 4576
3586 4017 3399
1381 3150 67
4025 4355 2448
3238 4811 1396
3408 4249 2159
2757 4951 2300
2766 3378 1782
4615 4624 2588
3044 4619 4166
3736 4093 3874
4795 4947 4723
1763 4882 1520
2458 2861 2954
2739 2925 1234
2109 3452 1544
824 2549 2698
1531 2841 85
4374 4724 4905
4428 4810 3928
4405 4643 2012
1406 1876 1885
2760 3102 4499
3330 3645 3169
2324 3528 4519
724 2128 1627
546 1944 1187
2890 4925 1283
4759 4810 1905
803 1739 762
419 769 4733
3778 3880 2689
4828 4890 4762
2881 4611 1044
1201 4839 4845
2766 4727 1053
2818 4368 4818
3805 4496 4630
2469 3168 3122
1463 4734 309
2227 4426 197
2164 2997 308
2266 3337 4216
473 556 4419
2632 4897 968
2547 2693 355
4500 4965 4238
2473 4086 4648
1153 3554 3306
924 2382 1252
460 3572 2701
620 2157 3907
4989 4993 2300
1236 3206 4185
4922 4945 4153
3838 4616 998
3398 3916 4629
4788 4865 3829
767 4106 892
625 2982 2595
3833 4786 3458
1066 2402 694
1344 1921 4912
4852 4913 1566
305 3329 277
3180 3318 2909
3881 4130 686
4921 4955 2029
4685 4980 2780
1146 4804 4781
2877 4730 181
4145 4698 2681
4198 4275 2493
2926 4269 3299
3341 3936 3685
4168 4691 2512
1159 1574 86
1141 2601 3461
2551 2812 1903
3270 4448 2059
4965 4985 2207
2628 3080 4593
3010 3779 3635
4209 4669 235
318 4898 4320
3508 4506 4367
2106 3388 2222
4983 4993 2739
4236 4380 3510
2922 3470 4250
4219 4437 3922
311 4320 354
3696 4596 1096
2252 3816 166
2950 3493 4141
991 1563 4892
6 1819 4032
4905 4954 3815
4248 4801 3981
1392 1682 4027
2943 4207 2548
2752 3455 1494
3584 3741 2575
3416 4790 4539
2181 2880 4788
3198 3607 2018
4909 4925 2553
4531 4755 3514
348 965 165
990 3414 4413
4093 4462 2310
2086 3184 1127
1498 3055 4295
1909 2122 1272
381 2525 603
4708 4911 1301
494 956 2190
2347 4662 735
1272 1958 1333
3219 4868 2316
3792 4794 2267
116 432 2548
4728 4737 1961
4955 4962 2686
151 3143 3465
4297 4567 1139
981 1842 2985
537 4355 4882
4950 4998 2388
2914 4866 808
3264 4555 3425
1440 3658 1236
314 3471 3724
529 4322 4313
719 3334 3062
150 1935 3216
3745 4783 4441
4714 4885 333
4278 4854 2026
4649 4802 270
128 4563 1891
2501 3693 3525
4751 4775 2160
3136 4049 2277
3074 4227 4663
2181 3721 4875
465 3829 2360
3322 3709 2045
4778 4865 4580
3350 3667 348
4894 4929 2036
3513 3822 4979
2133 4433 4545
4837 4892 4760
4740 4998 491
2125 4708 651
2333 4896 115
4328 4930 2914
4012 4529 2763
39 1705 2109
1986 4299 463
2176 3359 4507
3777 4981 3776
3358 3986 2746
1080 3341 1209
3756 4374 674
263 1900 1825
2581 3800 1279
1240 4692 2569
4469 4691 4675
106 1892 265
3319 3487 2844
2845 4580 3018
2299 4179 1482
2436 4096 2469
3162 3885 3995
1823 3871 2987
2196 2316 3210
3981 4506 4220
2165 3405 56
4603 4897 2312
2594 4178 1923
3150 3735 441
387 4882 2404
4817 4838 3019
3783 4503 4427
299 2502 1839
3284 4301 2532
22 4032 1332
1561 2569 4341
1346 1485 4619
3380 4885 4373
3914 4502 4668
246 4164 2615
1419 2457 3198
4109 4232 1867
397 4440 4399
2346 4798 2525
2755 3222 838
2091 4556 2987
4733 4911 574
655 3469 1655
1399 2143 2956
2630 3213 95
2775 4102 3721
2213 4009 1041
3861 4454 1045
821 2860 87
220 4686 2083
1304 4881 1550
98 4743 3277
4629 4863 4467
4031 4633 171
1585 3273 2891
1945 3115 1802
4203 4459 4785
3395 3945 615
601 3969 2799
4353 4581 4938
3087 4677 2580
299 3720 2698
983 1892 3918
2219 4172 2700
1176 4034 4314
1543 3278 3845
703 4795 65
4233 4335 2626
4160 4971 1706
2841 3962 2016
2177 3247 588
2127 3933 1638
977 4758 3818
1529 2867 3702
3685 3872 147
3503 3859 1011
3838 4251 3605
2359 3923 3170
1852 3740 1076
1690 4239 1760
2520 3741 3135
4791 4837 2131
8 2148 1354
3723 4194 1455
865 2421 1122
773 3999 4373
3047 4226 1276
1350 3723 88
2771 4904 283
681 2722 1204
2981 4831 1554
3449 4793 1757
1483 1841 4152
30 3244 3817
1138 1950 4437
3349 4047 284
3879 4253 3415
3344 3751 598
108 2490 2030
2904 4195 3323
441 2542 3222
1872 2057 4368
3481 4644 1609
3362 3799 1088
875 2994 1821
129 4670 3617
2733 4064 1720
4 4261 1179
3733 3970 4080
3844 4813 3985
3222 3951 2865
835 4228 718
2240 4189 360
789 2052 4645
2003 4234 702
487 4273 4868
2021 3718 1339
3101 4892 2820
4306 4719 1787
3566 4051 566
2659 3883 3826
1463 2866 4299
1104 2059 278
2767 4394 4066
2547 3323 1959
3180 4594 3199
3295 4927 515
416 3346 157
943 3579 7
999 3837 4204
1858 3428 269
3859 4998 3588
1114 2799 3410
1139 2878 1250
2974 3870 233
3567 5000 4937
4700 4724 3588
3355 3377 2236
4162 4675 3632
2844 4966 4788
3804 4283 2518
133 1868 1755
2031 3755 3203
3859 3947 1025
4280 4995 3054
1608 3217 2463
155 1681 416
4430 4479 2209
2667 4615 2118
3643 4749 795
4191 4772 1994
4150 4733 63
2360 4730 4771
1994 4507 3431
1887 3841 2952
4299 4426 4600
119 1835 1044
3568 4674 3059
3450 3887 775
4237 4454 1483
1270 2202 1800
3440 4398 3433
629 4160 4781
733 2690 1925
3986 4423 680
2172 4444 3947
3133 3337 4335
3319 4016 1213
2199 3459 2874
3304 3719 2844
3099 3396 1073
1204 1427 2587
3467 3977 1532
4763 4919 274
1676 2415 4727
625 669 4833
1383 2463 4013
3498 4471 1347
1590 2034 971
2856 3008 2069
498 4594 4902
3508 3959 2115
883 4662 3778
416 2053 3588
672 1091 2019
2024 4781 2338
629 1314 3477
3938 4802 3205
3733 4605 858
4574 4970 1173
758 4106 2435
3830 4308 1326
2120 2363 4918
1001 4550 2911
561 3966 3915
63 1562 250
2028 2306 2303
1918 4698 2377
1158 2524 2594
3610 4057 3632
2201 3480 2852
2498 3374 3638
1619 3161 1639
3574 4933 2921
1197 2563 3185
4581 4697 3337
2922 4408 893
1195 4500 2154
4837 4837 3046
565 2742 2679
2340 3185 4275
2398 3903 269
2809 4766 667
171 4906 4704
843 2142 1314
1914 2031 4914
3775 4047 3079
1869 2540 1221
4921 4938 3036
3213 4199 1364
2661 3697 3458
4300 4441 4189
501 3924 1064
1061 1163 3698
1689 4102 4139
4963 4983 1310
4296 4946 1848
4058 4636 2833
3065 3566 4428
1146 4777 3930
2471 3051 495
2619 3163 4358
3093 3706 3180
104 3215 3913
1644 4281 2773
1682 4435 1832
4990 4993 3425
4140 4406 4614
4266 4738 3701
3179 3235 3105
1552 4884 681
2890 3677 1692
2157 3256 3485
3427 4999 33
2093 3001 2089
1890 4709 3269
59 2441 1404
987 4085 1996
2603 4736 3103
3581 4049 2203
4847 4964 4437
2714 3500 433
278 1686 752
2312 4647 1040
1709 4833 2485
3761 4171 4626
2841 4080 4115
3657 3841 4394
2544 4666 1922
1818 3129 4436
1832 3664 4335
1882 4652 3272
2387 3951 1376
624 1051 1053
1167 4697 2773
4997 5000 2864
4423 4606 4237
141 1893 337
3083 3325 3164
4208 4421 830
1270 3212 2635
3631 3796 1347
597 3085 1892
3554 3829 342
166 2960 3320
3136 3889 2784
4849 4892 4759
2776 4905 3653
1596 4910 2979
852 3819 4837
4641 4938 1767
4550 4821 4890
55 2157 2573
1914 4839 4238
865 2930 1161
3974 4293 2950
4673 4960 528
1345 4094 1763
199 2069 4854
186 1403 335
538 2132 35
3093 4458 4963
2371 4647 1959
4422 4978 2098
3277 3680 4497
1846 2654 4680
2757 4584 4554
2763 3735 3018
592 1464 1789
868 990 1804
2998 4438 2733
250 1922 1372
1960 2256 4559
36 3251 1867
3850 4585 4197
149 4826 2771
47 1814 4967
3960 4644 4543
2819 4186 2056
4047 4626 1519
1511 4337 3524
2400 4180 4575
240 722 2278
938 4777 2327
1560 3263 1828
1429 2709 2293
1498 2500 3895
3484 4329 4356
4858 4971 1245
3708 3826 2060
1457 3376 3009
4 1370 3546
745 3795 2789
4724 4820 2833
3278 3807 1652
881 3369 2931
2479 3398 4131
3098 4399 4467
4286 4377 2601
2149 3693 3512
2071 4023 3914
3390 4593 4333
3014 3631 4119
3159 4160 2845
366 1374 19
3441 3715 2361
4296 4342 1140
3591 4944 4992
2934 4992 1411
2918 4314 4643
3276 4581 965
4112 4201 249
2454 3184 1187
4627 4948 860
2130 3287 3221
3843 4442 4691
579 3689 4862
1728 4311 482
56 4738 3689
4185 4613 648
4845 4875 3313
3937 4795 4443
2890 3655 2953
3914 4681 3214
3093 4116 2620
2532 4282 3571
4406 4643 4876
406 635 155
2331 3126 3768
3910 4759 2912
2940 3100 3606
4798 4913 3778
2698 4060 3298
4959 4962 3281
3507 4977 1161
4878 4903 3121
4646 4747 2424
4515 4678 4751
2914 4692 1698
4620 4663 2147
2034 2060 526
410 3994 3082
4385 4930 1738
4119 4528 4079
1026 3208 3719
291 3354 2614
1275 1933 1791
3035 3603 2582
257 4188 1102
87 3450 1377
4531 4894 4349
3633 3751 4070
651 3510 4733
3061 3681 1651
3083 3442 1597
3426 3721 232
1283 2841 398
468 1723 1338
1856 2136 1888
4246 4952 2364
1497 4611 2438
903 4764 2642
619 3965 3312
2205 4297 4008
2857 3666 4313
340 3477 4321
2535 4919 4889
669 3898 184
4926 4937 1764
2455 2822 1430
1382 4960 3160
622 2893 4406
4486 4938 4236
4314 4387 1141
745 4395 3956
1303 2873 3727
3134 3267 4857
967 3636 1244
4151 4447 4405
179 4342 180
2102 2989 560
4507 4660 1800
244 4104 54
3175 4333 4439
2596 3266 546
1218 3559 3241
3619 4003 760
199 4567 3029
2266 4115 4234
947 2700 1255
4318 4917 512
490 1098 1192
4707 4845 3838
4398 4597 601
731 3852 4582
539 2971 4653
822 4436 4129
1391 4894 1370
3143 3597 3464
3996 4144 1429
3088 4263 2888
3732 4620 2389
2056 4577 1118
3543 3902 4091
691 4231 1711
3039 4958 1220
4088 4814 3936
3976 4112 3921
954 1937 711
2021 3578 629
4737 4839 4323
1596 2287 658
165 3724 635
4608 4725 2865
3464 4303 151
3995 4128 107
3895 4937 3048
1300 4593 1254
4 1063 4017
392 3504 256
2574 2577 2299
105 4667 668
3748 4628 647
3791 4407 1028
1381 1466 2796
4603 4938 3239
1910 3412 4167
429 3636 3297
979 4138 4508
4468 4898 4
541 692 1605
4105 4943 1621
1797 4082 1635
708 3930 2753
1984 3497 29
2200 2383 4372
1067 3617 2422
95 2817 3160
4759 4865 498
4650 4655 1884
143 3008 4737
677 4016 1072
4920 4964 1834
2188 3537 295
4548 4727 3539
4343 4894 2809
3554 3753 3366
1185 4671 2039
2188 4723 4681
1645 3575 294
2197 2852 897
59 2962 301
537 644 1825
2200 2340 1183
412 3755 3642
2453 2708 1293
194 3600 4447
2868 4110 2865
2979 3007 2290
4670 4788 4446
2559 4588 4405
3359 4729 4058
2155 3188 977
3893 4600 2934
3539 4566 1806
2008 2781 217
116 1117 969
2719 4277 3883
4958 4984 115
2102 3069 3134
3993 4021 1859
419 2558 2151
1978 3782 536
4962 5000 3192
2174 4073 3528
4193 4840 3015
3208 3450 4940
954 3704 814
3771 4291 3653
3443 4358 431
196 1757 85
4920 4980 3554
982 1762 2129
1488 1522 4728
1559 2194 458
4053 4442 4718
2806 3468 1207
3706 4240 829
2185 4505 4530
1028 4453 1340
925 1203 45
1379 3486 2426
4229 4482 3378
1511 3653 2516
1841 2828 2826
3735 4097 2824
1235 1607 2983
1583 1722 655
687 3509 4299
1491 4767 3804
1288 1750 3772
1019 2147 2530
1692 4438 1015
4638 4877 1753
2815 4430 3324
543 1376 1611
1222 4590 2518
178 3597 3104
1151 1827 4969
4523 4894 990
1983 2412 1226
849 4458 3858
1985 2940 2000
4537 4882 1183
4001 4842 4560
4401 4731 200
4852 4856 2176
414 561 3264
2888 4814 306
236 1456 4424
4537 4797 2627
1955 4620 134
1109 4817 3265
4104 4148 2422
43 2685 297
2048 4889 4826
1854 2511 3463
787 3199 446
2130 3115 2770
470 1489 3916
3754 4277 746
177 587 3233
3047 3382 1623
3411 4091 1076
3396 4298 1472
360 766 917
4205 4542 4155
3141 3543 1372
994 3282 2889
733 1928 4146
3478 4007 1510
3959 4526 1843
1639 2717 1611
1647 2194 3866
3042 3553 1690
1192 3456 2148
4165 4756 3251
4471 4500 1669
4932 4991 3452
3288 4696 4192
4567 4805 1968
4635 4941 3136
1721 4457 4746
206 2836 526
4648 4795 4931
4984 4986 1532
1538 2329 2419
1970 4034 1201
3112 3567 3878
2796 4072 4606
4606 4918 344
1029 2335 1193
1294 4693 7
2297 2831 3395
2957 3316 2875
4379 4829 700
1327 4186 400
1591 2033 2943
3208 3790 201
1609 1915 1931
2014 4116 2087
4157 4585 1553
3112 3164 1483
2956 4772 303
3315 3445 3840
2390 2450 2833
2346 2647 4749
698 4444 1996
4427 4864 3585
2027 2067 2308
2485 4912 2872
2199 3731 1280
33 3807 4595
3974 4442 4939
1415 4511 2095
1368 1718 1976
210 1268 2683
4731 4805 2542
590 1984 2281
3294 3956 1541
4663 4791 2725
2341 2969 94
733 2273 4247
2138 3583 4082
2637 2769 271
3961 4068 1496
4526 4649 706
2021 3825 684
1562 4628 171
4023 4895 3513
3123 4915 917
3702 4563 666
1148 1733 3265
3642 4858 2989
167 4571 2305
2322 3782 851
3688 3714 3200
926 1937 1782
3436 4440 2120
2930 4152 1759
2806 4213 3875
4808 4944 4174
267 427 2657
3479 4370 3462
3654 4895 203
1517 4718 4750
2432 4202 1334
1897 3337 4490
3108 3599 2682
1505 3208 1706
3587 4086 2228
2142 2606 391
839 3469 4456
3310 3464 27
2367 2518 4562
445 4507 4665
3970 4608 1606
4974 4974 2237
555 2074 1425
4937 4941 3244
4381 4770 309
1601 2895 3520
1059 2049 1654
1902 3095 3847
2642 3085 3129
782 4626 2614
615 4775 4425
1212 1449 4420
1059 4073 233
863 3679 4231
4337 4657 3182
1287 4554 958
3981 4833 4790
4853 4921 2567
2440 2710 263
2748 4230 3027
4489 4859 1107
3480 4150 2279
4143 4151 4285
4870 4894 700
924 3473 1850
155 2872 890
1315 1919 2290
4170 4836 3820
1906 2708 2145
2856 3128 1778
2635 3692 2085
1847 2521 4844
686 3530 2914
2179 3034 2326
4847 4861 1764
1674 2237 4360
3064 4190 1370
2478 4429 1959
4874 4961 1909
587 2888 4507
2128 4678 4637
1285 2966 2592
1954 3206 255
4166 4780 4768
4343 4961 233
1381 1747 2232
4633 4852 2193
4954 4973 1956
993 2999 1339
757 2533 1215
1032 3603 1931
3776 3846 1616
1348 2186 4255
4324 4660 300
4943 4968 3748
4341 4680 3986
1564 4961 1727
34 1264 20
2886 4585 4005
3696 3867 1081
4248 4687 1953
3004 4458 4961
3372 3943 1877
1350 4168 841
545 1675 891
1669 2800 2586
818 3565 2938
3711 4460 2200
3260 4164 4960
2659 3288 4596
2731 2792 3741
4433 4613 1489
2164 2416 1580
1451 2599 408
1473 1891 4411
3296 3747 4591
2870 4165 4644
4222 4896 1434
104 4350 314
4312 4727 611
1020 1315 4069
4639 4703 52
557 4317 1205
2262 4182 3049
3036 4521 1224
4074 4164 357
3309 4181 3808
3974 4880 4641
4997 4997 1638
2764 4409 4494
2863 4540 2484
2351 4934 2733
3858 4906 680
1878 3345 4256
599 4503 880
3891 4183 1378
3271 3921 2603
4399 4629 3403
2798 2832 2766
16 2575 4033
1877 2450 3473
1875 4520 4587
4826 4881 10
1533 1766 3634
1092 4794 1347
120 2809 2728
1967 2694 4493
1262 1926 242
923 2970 1146
2070 3453 3044
1473 1509 4486
1893 4601 4073
1676 3084 4603
3641 4723 3308
1583 4037 4563
1949 2905 3143
1148 2002 789
3233 3677 1357
4846 4878 3555
2842 4714 87
1563 1786 2085
2909 3239 4185
4280 4874 3463
636 4170 2095
2471 3175 3373
1283 2804 1459
3920 4666 3152
1582 2934 3757
3902 3978 1928
4768 4987 132
1343 2230 2705
1931 1967 3650
1678 1858 1699
2767 4926 4200
1049 2309 1651
955 4656 1708
4987 4997 2900
2296 3287 1518
1612 3391 1172
4781 4850 2693
4106 4930 3864
4224 4565 1136
112 4470 4772
121 2537 1566
3312 4011 444
2103 2826 2486
378 4521 113
1063 3424 33
1051 4147 2119
4920 4934 2003
3939 4793 1073
1017 4850 3494
4629 5000 3059
215 2977 4200
2382 4882 721
3697 3765 4560
2339 3447 4506
117 582 965
1785 3495 4114
1823 3956 1410
2514 4957 105
4494 4919 4807
4931 4997 1115
2659 4572 3535
2759 3162 3822
3034 3992 3587
4476 4637 3879
3078 3806 3211
85 423 2428
1338 1719 4456
4622 4971 3236
3483 4649 3932
4590 4728 2509
4749 4897 2322
2109 2839 1176
4847 4853 337
528 1252 4752
2344 3353 2729
355 1532 4760
4761 4779 4550
4206 4685 2416
374 3265 4038
2481 3540 814
4437 4495 1570
975 2783 4613
732 1756 4394
4051 4892 1416
2986 4747 2098
111 309 7
3118 4975 10
4582 4948 3254
4649 4955 3508
367 368 4523
3785 4072 4329
1834 3835 219
2709 4071 4070
1386 1427 1121
27 1616 736
3977 4384 2825
1350 3233 3542
2853 4696 56
2654 2906 1288
2852 3698 2125
2968 4688 1395
4247 4936 823
3615 4253 42
3833 4366 242
2072 2082 447
2699 4324 1223
3367 4234 2594
2923 3568 2574
2211 3793 1314
2885 4281 3172
3848 3871 4125
180 1559 374
2004 2370 3232
4774 4986 316
3586 4214 1902
2198 2300 893
1565 3356 3754
2424 4351 2275
2393 2415 3155
4886 4983 3716
4062 4948 3127
1342 4407 3754
1593 4656 4182
3856 4754 1809
22 2839 4225
737 4565 4102
3344 3986 365
1399 2281 2128
2992 3360 1297
1798 3496 3799
2001 2667 4824
4483 4598 4264
1722 4361 4821
2247 3207 210
2619 4719 2734
4040 4481 1830
3360 4533 2661
2180 2420 3779
2914 3495 3180
1571 1987 4218
1542 3951 2546
4671 4862 1353
2140 4833 871
2726 3701 3131
1846 2958 1336
3862 3973 1171
1746 2641 1582
1884 3225 4218
4086 4552 3502
1444 2107 4881
1053 4768 2926
2851 3850 4959
4967 4987 2627
2339 4734 3310
3714 4103 3926
4452 4630 3717
1717 3283 1295
3489 4413 3173
4046 4585 84
522 3677 4801
3226 4664 4886
2963 4913 4876
3390 4642 4665
2850 2893 1691
4464 4575 4694
2152 4628 102
3293 4431 1564
1668 2987 130
758 4455 3294
18 202 2553
3348 3747 3075
3856 4585 3681
3027 3367 1640
582 2462 1293
3530 3793 617
4807 4863 1076
1391 2107 3055
235 1409 3542
2010 3116 3494
2322 3435 3677
1781 2049 2308
3626 3831 2414
4219 4418 2754
3901 4496 4538
2227 2350 1219
2863 2932 1894
829 3594 2555
4390 4554 4105
4585 4857 1795
3881 4007 3419
1793 3607 1308
3221 4755 3861
112 4839 3859
240 3265 3630
2765 3093 4264
1150 2182 4102
3507 3636 594
2072 3844 551
1155 1896 3423
438 2130 823
3580 4944 3399
2218 3414 927
2651 3962 450
2234 3026 1560
998 4274 2936
2513 4537 515
3662 4519 3454
4748 4965 1758
1263 1911 1765
1504 2770 4030
3481 4760 1133
3510 4512 4815
1878 3909 3459
1295 2579 1682
2382 3022 4782
1624 3902 4469
158 2901 4870
2042 3748 1351
1337 3843 3705
4315 4920 1836
1230 1630 3003
4570 4997 3500
2311 4505 3856
311 2305 1899
1451 2005 4177
2621 2988 1438
1219 1276 921
4004 4316 4310
2914 4556 1715
1969 2953 3366
3290 4920 4878
4328 4531 3789
27 217 2627
363 4865 2066
3843 4953 1226
3259 4923 1305
1674 3387 2257
3206 4571 4063
3411 3713 3021
908 909 3922
878 3751 4508
1146 3055 2573
1366 3905 3391
4779 4939 3469
1106 4753 2732
4552 4991 1420
2316 4506 1175
4055 4104 4733
1031 3938 845
3497 3733 603
4378 4603 3477
1333 2195 1742
4564 4666 1001
662 4602 4141
1675 2377 1915
115 1090 1305
714 1966 314
1718 4789 70
4235 4696 454
4812 4884 4501
1324 4375 3988
3537 3883 2807
2392 3723 2419
1015 2278 2420
1469 2388 486
3997 4676 478
1066 2281 3145
364 2318 625
3982 4592 1246
1568 2591 2297
1017 3574 765
3654 4061 4263
3721 4180 2219
4909 4981 4333
709 3991 2927
738 1106 4348
3204 4366 1293
3376 3795 3968
4141 4986 2762
3998 4025 1297
3989 4572 3792
4303 4654 2241
118 4038 4833
3142 4593 3711
616 2774 2894
4727 4917 3257
3217 4016 2444
2684 4608 4476
769 1531 4622
1311 1474 2073
694 4972 1683
1865 3367 559
2802 3138 2644
181 1404 536
1281 4693 708
514 4241 4150
1682 3490 737
1791 4070 2796
3670 4077 3842
4992 4992 2066
4410 4433 728
4335 4934 2195
3138 4519 850
4001 4975 4321
1943 3789 402
4230 4508 1055
3583 4558 3044
2909 3726 1760
2444 2769 2827
841 1286 4698
4287 4805 3468
4758 4809 526
1849 2799 1306
4387 4551 761
4581 4595 90
3118 4830 779
4195 4989 158
4238 4905 688
4156 4476 1434
3614 4382 2061
3208 4247 2901
327 2596 4064
3975 4722 1241
4400 4869 746
669 3460 4024
2906 3701 3521
659 3222 3091
3896 4298 4576
4770 4844 37
88 551 3019
1498 2144 2384
3023 4640 2094
2567 4968 3604
964 4084 2148
2261 3940 4808
3262 3957 2554
3855 4650 3968
735 2646 3895
3972 4963 2731
3375 4678 154
2144 4171 3133
36 397 1200
2416 4121 2601
3675 4688 1099
2326 4128 3895
37 4908 2404
1485 2949 2960
3841 4342 4977
4072 4311 2938
511 3663 465
2037 4063 4490
2372 4771 2541
1582 4782 286
593 3106 393
355 637 1830
4853 4954 946
4816 4959 1994
1915 3195 4650
1123 1171 1539
2884 3517 4722
1712 2759 980
1998 2656 2725
693 4772 4453
387 1716 3583
3934 4991 553
3248 4449 2789
2806 4531 2152
1157 1513 1375
3812 4303 4411
503 3023 2371
4976 4996 3569
3897 4060 4492
3015 3755 1444
3456 4871 4664
3487 3918 2946
559 4884 253
4890 4950 1632
4377 4453 266
2688 4155 4513
4747 5000 3943
2364 4619 1344
1726 3385 1768
2734 3382 3600
3152 4849 2457
2163 3454 757
1236 3958 3577
1575 3666 1383
3678 4138 4230
228 267 594
878 1797 753
2763 3365 2492
267 1570 357
3460 4551 441
2033 2794 397
1541 4713 4354
264 479 733
1074 4666 4934
3902 4574 55
4255 4545 2079
3808 4346 1783
3405 4323 3
807 3035 4208
2417 3641 88
3795 4833 1607
2778 3211 624
2844 4154 304
491 589 1733
1875 2975 4677
305 828 3953
3685 4753 4582
3140 3199 696
3326 4748 2558
2367 3289 3952
2094 4479 2928
278 3944 99
3058 4895 3560
4163 4310 4197
4061 4465 1003
3322 4472 2276
1879 3367 2459
1420 2634 1952
2206 2808 674
3313 4046 2702
4951 4974 3464
2998 3644 1318
4085 4877 3981
562 1986 773
4317 4892 841
3498 4493 14
3932 4531 3824
2682 3511 2003
2789 4529 187
4426 4902 2366
3280 3876 1266
4819 4858 165
2245 3914 903
2934 4386 1404
4299 4959 350
484 581 2571
4004 4927 4316
4583 4896 1562
400 2006 2361
4619 4670 4159
2913 3119 1035
990 1915 3323
1204 3235 1718
475 2702 2149
2863 3025 4329
3310 4648 2031
494 1382 3789
83 1452 3313
2543 4220 4617
893 2887 2828
3559 4982 4586
4093 4594 738
70 96 3140
2711 4891 4338
2304 3599 1290
3298 4192 1875
2332 2415 703
2931 3377 3127
2283 3240 4891
951 4771 683
1552 1608 4375
40 811 1099
2383 3511 2964
1288 2129 4419
2536 4115 3518
67 3252 3987
2386 3749 1497
1909 2571 4581
4 4336 4270
627 3578 4095
2832 4183 4215
1200 3649 4367
1323 2382 3072
4662 4772 1304
1373 3104 1589
3336 4286 1829
537 2899 1661
1745 1928 480
1856 3468 1974
1296 2447 1150
881 1632 3658
4348 4806 1803
3839 4977 961
368 4583 3292
3975 4173 3801
2542 3812 4895
2281 4513 2207
941 3839 3040
4353 4868 3867
4491 4666 2502
398 3776 4228
1109 2372 2399
4910 4980 4984
2293 4823 2911
979 1686 836
3941 4553 670
358 371 139
1799 4781 4771
997 3035 2993
1319 3916 3320
148 623 2891
2944 3531 2707
3689 3875 1725
4539 4637 4935
4633 4838 1488
4399 5000 3325
3874 4221 1560
4676 4703 3577
455 1685 355
3924 4488 940
3799 4017 706
4703 4704 4287
3108 4583 879
4658 4801 1618
62 122 4740
3770 4003 4445
552 1898 3409
842 4356 4429
1379 4427 2768
2580 4464 2746
2043 3003 1503
4113 4158 1487
2063 3965 2856
3228 3397 3298
4397 4902 732
1044 4736 1959
2298 3607 1413
3903 4654 1841
2514 2704 1210
407 3751 3804
3018 3439 1250
4126 4239 2577
3825 4527 3223
1613 2430 12
2089 4399 3620
3993 4608 28
1356 3583 397
1133 3011 1428
3497 4839 2170
3704 4088 2136
4146 4947 3001
4056 4479 4107
1175 1423 781
3626 3943 2880
2570 2873 3266
580 1028 4836
2538 4815 4068
1973 4799 2627
1761 3326 3724
3511 3812 1049
4293 4563 2689
4486 4964 2974
4254 4677 2947
1840 3369 4826
4076 4321 3367
4984 4997 758
2683 3637 3501
407 3410 4731
2192 2642 4062
4877 4929 4924
1080 3423 462
3793 4415 326
3163 4455 2610
3561 4580 3833
414 3958 2792
266 4555 550
3486 3637 692
1031 2552 1379
4429 4630 1937
1018 2268 4773
4689 4901 3343
4642 4778 3941
3688 4897 217
1103 2181 379
4954 4976 4633
784 2037 4786
3690 4791 1469
2887 4890 3839
744 3600 867
4849 4986 1745
2670 4573 2783
3660 4059 4524
2829 3963 665
656 2480 3643
2813 4534 1037
4113 4126 727
925 3338 4779
3712 4679 3310
3873 4053 3974
771 2277 4991
3477 4799 658
4021 4929 2516
1636 2767 1239
4836 4903 2157
4827 4998 912
709 2535 1189
2375 3905 3820
4653 4926 2030
4158 4262 129
312 1224 32
3842 4987 4884
2105 4950 2024
984 2210 2582
344 1624 750
4397 4527 1573
774 4180 2020
1567 1573 2822
33 2947 4107
4214 4397 32
1513 3731 1507
3233 4945 2831
2507 2736 804
1684 3994 1595
4853 4873 2152
952 4305 4737
5000 5000 1925
2920 4290 855
4322 4447 3675
2190 3728 1504
3297 4154 1221
3086 4334 1951
2218 4319 1436
2940 4293 388
654 1547 3357
2860 4769 3607
2756 4242 2171
1746 1747 2943
2686 4318 2082
2631 3892 3811
4007 4588 690
3536 4442 1633
3235 3459 3888
1471 4476 894
4815 4817 4103
3650 3926 422
4012 4276 27
3437 4932 387
3834 4665 470
4106 4515 409
838 2593 954
805 1411 3938
2537 4926 337
195 3595 3744
657 3797 4937
692 4775 2589
4652 4688 3145
1857 4567 1062
122 4298 4685
1569 4991 665
2564 3961 439
2701 2740 4896
4909 4968 1822
2687 3125 1371
1391 4019 3985
1860 4899 4786
1531 3517 2351
1001 1852 229
1833 3924 83
3626 3713 562
877 2937 3134
777 1004 571
4846 4876 4182
1766 2804 697
4941 4958 2640
2629 3740 1605
2968 3396 1166
1908 2527 3969
1750 4226 1727
1270 4769 106
4543 4790 463
4549 4864 920
4415 4887 129
2079 3878 1544
2663 3378 1916
3329 4813 1317
1968 4685 2553
3630 4566 4566
3059 4202 2311
2136 4022 1020
881 3972 601
2625 4623 1620
4875 4994 3705
3835 5000 4913
1491 3937 1191
4139 4247 3233
3429 4068 3565
3519 3871 612
3113 4679 2462
1347 4008 2707
4761 4932 3123
2697 3656 1407
4457 4724 1778
2517 3971 1592
2043 3789 1589
2587 3626 3313
3517 3858 3010
1021 1301 3259
818 4188 1864
2341 3829 3251
1810 2382 1883
1831 4967 1163
2828 2833 4652
3344 3433 4275
2001 3542 4202
4122 4732 4029
4190 4725 3413
293 3625 637
1113 1824 101
4907 4989 3029
2994 4920 1805
2193 3549 3925
3702 3777 4946
105 4420 3623
2245 4185 3662
2005 2545 1357
2408 2410 592
2733 4024 3668
3690 4951 569
267 2862 3511
141 2448 844
4537 4693 2196
3072 3734 2862
4153 4978 2583
572 4180 3623
4277 4571 598
4791 4848 4356
1175 4940 3817
961 2155 3779
3079 4369 3083
4333 4909 2055
2997 4042 3538
100 3045 2440
1741 4929 17
4913 4996 4322
3892 3903 125
906 4943 4734
526 2023 2482
3110 3655 2070
3890 4182 258
426 4326 1246
4110 4622 3593
2304 2362 1805
4019 4584 2297
2713 4292 2929
1254 2861 2654
4218 4328 2360
2855 3277 3509
609 4273 2099
537 3767 778
4976 4993 653
2339 2365 2194
4817 4852 3584
291 4018 4863
2947 4900 4546
2754 4888 1386
2063 4254 4071
167 3121 1997
2335 2459 2951
4732 4949 2179
1662 2324 4048
1442 2234 4665
4891 4975 4104
4291 4668 586
2498 2606 1127
1659 1679 3076
178 998 4624
936 3715 3822
2756 3443 2403
3676 3911 894
4975 4983 3501
1290 2398 1415
1422 1509 3970
3946 4453 1909
4180 4797 3016
3897 4198 2098
1307 2560 2382
1697 4677 2458
1980 2712 2203
3834 4453 1178
1885 4559 2305
181 4894 312
730 1485 4160
1995 3950 393
2326 2971 4545
2059 4809 730
3006 4115 448
1049 4191 2167
2995 3675 499
4177 4864 2382
1156 2531 3839
4170 4334 1042
2363 4000 373
2260 3600 1448
4758 4864 2007
3051 4709 1855
2021 3928 3733
2941 3424 2457
4418 4558 1062
301 3981 576
609 1671 3081
2931 4204 879
407 3733 1955
703 4715 3761
4118 4461 803
584 3879 2124
187 590 4652
1172 2227 104
1622 2985 3357
1875 4316 4417
560 2760 1855
4513 4965 1310
2397 3113 2024
3746 4325 4176
3593 3725 2744
3542 4644 1432
4254 4726 3409
2011 3440 2844
38 2698 4372
577 3697 4039
1358 3357 2831
949 1504 3995
4054 4318 4953
1636 4512 4180
3105 4436 3334
3075 4749 1774
2392 2460 1033
3956 4605 2461
1273 3635 3242
332 939 946
1083 4681 2614
3335 3373 126
4280 4741 1516
4781 4917 1668
3513 4227 3239
1249 1954 474
647 1306 1550
2972 4376 4486
4562 4943 4948
428 1995 2588
4693 4920 1478
4121 4121 4540
4090 4618 427
4179 4499 738
2932 4398 2699
2076 3618 4051
2078 2558 1540
3806 4397 2580
911 2296 1686
1780 3114 314
2520 2959 253
1348 3731 4728
1280 4417 3683
3194 4215 2793
2537 2623 2259
243 1437 4571
564 902 4697
3195 3721 3607
15 970 60
1194 2909 1070
3919 4539 2923
708 4490 1021
3194 4691 797
4184 4356 4060
63 601 3464
2098 4672 836
1866 2197 1678
1645 1881 2030
3330 4971 703
607 4761 707
729 935 1483
1251 4899 1800
899 4582 3635
3306 4872 1904
4420 4796 4802
3057 4508 216
2976 4220 2609
2597 3996 2364
510 2948 358
1241 2107 1765
356 1535 1277
407 2301 1342
1414 1661 1013
195 890 4629
3253 4295 3456
4785 4918 1384
1781 2237 2605
943 3046 2865
516 2155 4276
798 4806 3958
4927 4973 3845
1206 3143 2979
1085 4403 4137
2973 3987 3732
2874 4558 1608
4412 4980 3755
1038 1297 2266
3963 4711 1820
2167 2433 2088
290 2330 1735
1202 1256 1745
4760 4799 1886
1184 4844 1457
3600 4439 3907
1301 3573 1869
3034 4076 2040
665 1253 2563
1084 1783 1641
2032 2080 3477
3590 4227 1876
3717 4598 2059
3884 4590 1458
124 4978 3993
2952 3638 4655
1397 2852 4216
1906 4071 3310
1415 1561 3254
4851 4874 934
203 3365 4862
1558 3364 3173
662 3962 981
2063 3407 4098
994 3202 1757
4934 4946 4940
334 3345 4175
2215 3058 18
1830 4448 3286
1673 4255 3941
3934 4205 3665
3225 4684 3661
2386 3374 4261
1265 3225 2509
95 4621 1052
4486 4563 4364
3037 3052 4593
4215 4594 1577
4553 4599 2164
2678 2768 2575
1382 2300 4408
4498 4838 4621
510 4627 4679
1872 3112 4812
327 1564 2274
3578 4733 4047
2028 3800 4315
643 2121 732
617 1951 316
2730 4845 4386
4206 4568 3228
2303 2319 3766
339 3195 898
889 4282 1335
2182 2466 2287
4927 4934 4080
4333 4504 3750
1456 4683 3249
1942 3145 2582
2638 3676 3502
2376 4609 1928
3842 4622 2649
4629 4869 4359
3988 4655 4829
4460 4910 233
4409 4552 3602
140 4552 3780
2325 4658 100
440 4395 4261
3183 4451 3013
3673 3760 424
3066 3811 2979
3898 4907 4637
1057 4133 2575
4061 4085 1588
1084 3671 4047
119 2638 4268
4408 4557 4293
2810 4896 1770
4197 4797 2357
3871 4934 3372
1766 3643 4433
2417 3039 2711
1788 2790 2384
198 1574 4080
2868 3129 1101
4272 4624 1064
2110 4114 2003
4423 4935 3353
3207 4583 4253
4593 4977 801
206 4937 2886
3685 3908 3420
3255 3733 3376
431 1351 417
4957 4975 4503
2151 4704 3326
2637 4457 4850
1897 3546 2881
2326 3200 774
2547 4419 2488
2464 4318 2073
2114 2425 2181
4769 4985 2919
1438 4466 124
4427 4478 2065
4506 4528 1592
1344 2283 1844
143 4066 170
323 3884 4423
2541 4866 4933
1014 1649 1680
3912 4803 1668
2881 4355 2878
4447 4845 1664
1054 4001 2140
3135 4769 2557
920 1873 1193
4932 4937 3670
2232 2945 3338
2840 3442 792
3593 4647 3132
1714 3050 4637
4151 4584 2368
4500 4805 3256
263 1895 1223
347 3989 3798
244 3230 3091
827 4093 2693
1304 1531 2368
1740 2871 4117
2375 4303 3679
2225 3220 1119
1038 2484 1271
2450 2845 1318
4237 4318 1916
1887 3711 4070
302 1461 4768
4112 4538 1404
605 1720 3268
3777 4745 743
4982 4999 2677
124 1664 1322
4839 4964 1915
4171 4235 4760
4714 4943 3974
4460 4932 1547
4965 4990 4904
118 4375 329
109 822 4345
95 3347 2779
4447 4790 4543
1261 3914 3456
3735 3974 3253
3927 4208 1352
3403 3907 1888
494 4236 655
818 1887 1824
4715 4785 4624
2537 2943 3802
3384 3661 552
2043 2339 2300
3451 3712 3912
514 4456 3444
3178 4457 886
4665 4842 2085
1587 3568 4005
2752 2995 1000
2344 4115 1442
4298 4681 4913
289 3640 1201
3044 4680 815
4836 4924 1438
4678 4728 3406
3322 4341 2549
2875 4802 3490
3262 4146 2564
3268 3762 3637
1034 1390 737
231 2976 1898
4702 4793 805
2541 3542 4457
4822 4936 583
3366 4285 4078
3020 4874 1805
3208 4889 3993
3638 4235 4050
2313 4549 3716
4956 4979 237
2766 3294 4983
4936 4990 4323
2008 3007 2250
764 3341 2530
2845 3803 4452
461 2673 2877
3252 4568 2025
4925 4994 2265
2428 3329 2532
4164 4791 2911
1188 2294 333
2551 3080 1292
2629 2707 3599
263 4437 1711
2560 4206 2405
4856 4956 877
4187 4970 3050
2610 2729 3210
3670 3829 2283
1425 4432 3467
2769 4627 3838
1615 4576 4697
1314 3989 250
4177 4868 755
413 1893 585
1922 3315 2345
2420 4743 4500
4114 4568 422
2 4938 4497
1785 3694 4505
1436 2280 372
2570 3649 439
567 2805 2011
4073 4139 4370
2676 2973 3057
1912 2004 3085
172 2333 648
3299 3805 3971
3272 4043 644
3807 4049 2210
3229 4184 3048
2991 3468 3935
789 2587 2206
3654 4719 718
4081 4911 426
685 2418 3890
1208 4077 4907
1940 2387 2795
208 3822 2943
2096 4517 1249
4565 4688 3289
1723 3617 993
2318 4250 3708
799 4768 4265
2612 3486 3606
3163 3401 2666
189 2794 530
304 437 2062
4334 4798 432
2932 4566 3040
3747 4059 3521
2099 3740 4663
1202 3240 1208
3298 4261 3313
2892 4023 3038
2748 3922 3589
2197 3660 2955
1009 4667 4047
4391 4736 52
1696 2863 2682
4552 4844 948
4751 4871 4270
4605 4838 4797
322 1886 544
4685 4870 4933
2375 3839 3077
4022 4640 2391
685 4173 658
3887 3990 2233
602 4725 2980
2278 3162 3784
1471 2909 4013
99 267 198
3994 4822 386
137 1561 3370
4941 4942 3939
210 3438 2161
3122 4339 3913
4912 4950 2984
2502 2860 2896
4679 4771 426
4970 4988 2784
4450 4739 2885
1994 4936 3169
4915 4926 2099
678 724 2208
1637 3879 154
3377 4465 2039
2744 4257 4274
4716 4901 4873
2275 3956 486
2821 3861 1143
1650 4557 1322
2907 3100 3001
2904 3901 4872
1432 2594 843
1103 4683 1695
871 4708 2811
715 4443 1865
3945 4095 1499
2351 2694 3207
2634 3985 4925
1890 4497 651
3472 3759 2871
3876 4374 3989
1903 2293 146
731 2989 3395
2054 4491 258
4484 4615 4644
1842 2281 4359
4271 4333 1212
1007 3500 1218
3338 3757 3021
4337 4626 4630
4406 4527 3633
1558 4480 2446
899 2477 711
3950 4421 4173
1683 4622 127
29 1597 2187
3452 4102 2054
2367 3169 2519
3332 4915 3852
350 4735 509
4320 4403 1838
945 1992 2570
2648 4949 2973
2017 4408 678
2818 3823 4577
3049 4256 2796
1711 3168 4966
3181 3409 1232
3262 3550 1465
1725 2258 4841
341 1537 4930
4061 4499 4472
3819 4173 644
4550 4837 314
3003 3380 85
2855 3774 73
3402 3588 2307
446 2325 1457
4939 4958 967
1241 4691 603
2910 3966 2339
1903 2026 870
2578 3992 234
3314 3351 565
2388 4269 358
1436 4054 4291
3841 3862 4280
4848 4945 3157
106 3105 4649
3500 3932 2934
3861 4672 4839
239 904 4861
1536 4333 1381
2400 3890 4390
2719 4473 954
3240 3784 1702
2911 3840 2255
2552 2774 3279
3428 3607 3436
1893 4751 4789
1357 1889 2491
3041 4725 1323
3357 4319 910
4472 4696 29
4304 4537 3761
275 4573 3246
3162 3860 1209
280 3359 4418
2649 3363 3772
1261 2257 621
698 834 4621
4949 4968 658
2363 3638 286
92 2299 4135
4329 4348 4068
994 4713 4496
383 3591 4394
4935 4941 4444
1831 2946 1369
907 3689 566
4358 4533 4877
4606 4756 4569
4579 4821 1361
4528 4973 4903
1262 2318 3468
3537 4369 4217
1195 3116 2607
1448 4304 2788
4658 4859 2988
4886 4924 1253
410 1641 4371
4735 4904 4016
3520 3704 4004
4181 4999 912
4359 4516 2443
3030 3938 1229
3552 4065 4836
2528 2959 2279
3524 4791 4790
3939 4242 4473
2594 3116 3871
452 1532 4201
1479 4315 1403
549 3588 4360
4903 4909 3398
3233 4075 2299
705 890 4367
691 1759 532
1708 2791 4819
3268 4761 3492
1541 4484 4586
638 3772 3306
3902 4120 3075
132 989 46
4626 4852 3736
3698 4084 1212
2474 4469 2193
4607 4765 581
1834 4236 3576
4804 4987 552
2496 3898 1489
1707 4252 3658
4278 4303 1302
4381 4410 4295
2625 4275 2159
3361 4514 4776
3884 4569 307
4122 4582 2985
3205 3253 366
930 2905 4725
1018 4247 4266
4769 4826 3195
2206 4079 1018
2820 4897 726
1373 1657 2621
4131 4132 4739
4248 4370 3160
2518 4289 3114
2736 3142 467
1550 3684 129
1554 2636 3583
894 2129 2750
1263 2030 3276
4459 4957 2816
2337 2704 960
2021 3068 4724
4367 4473 3044
364 3275 625
3783 3876 883
4540 4747 2662
519 1318 1836
1800 2043 2856
1936 2569 4726
3784 3877 2570
3239 3686 3039
4462 4866 3281
3845 4049 2881
2175 3004 543
4627 4935 15
1114 4806 4995
528 4645 2008
285 4259 1774
1141 3938 3071
4269 4990 423
3932 4600 3303
2339 2569 229
2814 4813 127
2705 3105 4270
1661 4196 1279
3212 3950 3923
2992 4243 3643
4202 4879 1763
4141 4779 2988
3011 3760 925
3149 4011 4848
1413 2571 3014
4345 4837 589
2036 2115 2417
3494 3730 4569
2990 3444 1574
2986 3238 3808
4439 4463 146
875 3980 2187
1882 2548 2053
2722 3217 4062
3211 3287 2965
4203 4497 4647
4560 4909 3299
1018 1862 1056
2573 3181 3670
4991 5000 891
1646 1883 2639
386 1374 4232
414 3682 477
2360 5000 77
3018 3158 4342
1179 1759 1730
1435 2862 369
882 3003 4553
2577 3534 3407
4534 4643 3201
3704 4740 3662
1506 3180 1104
210 4410 4789
653 2076 1615
1635 4814 1356
361 2895 874
3788 4786 4172
4841 4917 678
624 768 4003
3385 4279 404
3707 4357 4557
3298 3797 1440
4815 4848 207
3562 3647 4158
1879 2294 1757
354 2447 3249
3476 4181 319
2342 3479 149
1916 3998 1565
745 1454 1855
1215 1487 2039
1231 2328 1266
2687 3122 1218
3938 4771 1087
2722 3328 2946
1317 3433 3822
2508 2589 499
2240 3565 314
4193 4637 4605
929 1896 66
370 3493 1534
2609 3404 4718
1503 4833 987
3691 3770 134
555 2448 3658
531 2430 4991
1697 1745 24
2100 3003 2742
613 620 1566
569 3158 1806
4556 4973 1167
3697 4401 4451
4912 4913 1409
1348 4138 898
1190 2634 4342
4240 4979 3618
1118 2203 939
3270 4557 2653
3026 5000 3471
4623 4730 3525
3791 4668 4436
479 2946 4933
4348 4517 1807
2043 4852 4165
3059 4203 852
1566 4256 4301
3405 4123 3911
3216 3844 3208
2417 4017 1895
1629 2562 2884
4005 4899 1866
4933 4969 4146
4092 4283 70
2166 2816 3794
495 4334 1307
2025 4331 1276
526 4503 3615
4928 4929 4331
1167 3404 3086
4280 4906 4063
627 2428 3260
523 4440 1475
292 2115 1390
3506 3798 270
88 1804 120
901 3684 4779
4912 4950 4140
4721 4806 4651
566 4622 2346
702 2251 1561
1760 3786 3491
879 1735 303
1135 1672 4731
2394 4435 4148
2904 3881 255
3876 4054 85
2873 3440 1462
4129 4621 2475
2045 2495 485
2397 3834 1545
2495 4371 3853
1966 3501 3672
1307 4038 254
2068 3621 4813
218 4003 1702
1404 1986 3546
108 1185 4573
473 4020 274
587 3789 2556
1688 4500 1758
3959 4054 2586
626 4127 4623
2080 3567 1933
1350 2110 4820
2501 4158 363
2683 3400 2820
32 2754 2323
946 2710 4673
2586 4911 3584
510 3012 1974
554 2470 2592
424 3752 2735
2944 3086 2191
1049 3752 777
2480 3105 11
3775 4540 1361
3708 4258 1033
1991 2261 2509
2725 4917 3465
601 954 2015
933 1158 1448
3168 4639 3099
4017 4060 1801
2888 4540 2721
3625 4438 3796
495 1860 3216
3119 3830 1377
4496 4730 2875
4923 4959 186
1741 2807 337
2718 3243 555
3480 3613 242
3666 4914 3048
2757 4062 4311
838 2099 1739
1471 3025 3985
1265 3116 1081
3286 3660 87
2856 3502 2747
3790 3925 4853
20 3474 2125
338 2194 1694
4342 4393 4531
511 854 1396
3823 4258 3780
841 2754 1157
4635 4997 3298
969 2391 2197
3094 4971 1209
2469 2853 1358
2971 3629 3893
239 4054 3020
2009 4737 1091
3269 4020 4899
4565 4648 2341
764 3182 812
3049 4778 2743
422 4686 4126
2029 2117 3132
2071 2155 875
1741 2975 614
1479 4383 4170
1959 3841 2569
4970 5000 1098
2355 4219 3667
3703 4917 1778
4945 4970 2420
4773 4946 1985
2468 4674 819
2774 4375 2546
1064 3658 4116
3963 4872 1822
4051 4055 4867
4886 4954 3719
3416 4547 2420
654 920 445
3313 4840 3109
1909 2149 1130
1270 2590 1628
2337 3837 492
330 3749 1894
991 3817 4212
1300 4120 1236
4455 4661 3646
3661 4945 938
4619 4805 370
2270 2338 3551
4314 4842 3378
3718 3759 4700
3785 4099 4432
2208 3157 3276
2 3881 870
2541 4706 2307
4606 4667 4109
1460 1675 4118
1652 2517 4113
547 551 75
4162 4340 2376
4934 4969 2409
4509 4756 843
2367 3970 3733
1956 1958 4096
586 3579 2138
4748 4963 418
2934 4951 2659
1784 1854 2479
2833 4810 2807
1820 2404 4372
2242 2776 1192
4508 4696 968
2573 3260 2091
306 3277 2690
2286 3059 2737
2566 4813 2603
3114 4897 1641
4159 4735 2858
2983 3126 4805
4290 4794 3509
4104 4968 965
2775 3207 898
3047 4376 364
1261 4274 1330
3285 3405 3654
2956 3521 2295
4961 4974 3551
746 962 1596
1378 3180 3236
2747 4804 2137
827 3394 533
2738 2966 741
1965 3127 485
4051 4454 258
4363 4536 4684
1001 3704 278
3195 3898 3226
91 2976 2328
4979 4987 692
2597 3013 2094
1362 4144 3366
2580 3206 1815
3764 4868 4692
2985 3640 610
286 4393 652
4546 4685 5
3595 3836 4120
476 660 4370
3899 4971 2244
2856 3183 3388
1645 3882 4787
1892 4140 3513
4452 4466 4458
1440 3109 597
2681 4586 1451
3954 4215 2534
1176 4950 4106
4235 4402 30
1320 3001 2759
3191 3543 1153
3464 3658 3803
3752 4541 2199
1609 2144 4405
1671 1836 2965
4393 4610 4187
4149 4879 4012
3828 3866 2740
426 1581 2071
343 3589 532
3295 3314 4889
489 2059 4029
2924 4771 2595
3371 4927 3697
863 4170 596
4215 4242 105
130 1968 4703
1188 2636 4235
3341 4108 1533
2350 2955 4705
3514 4807 4861
2903 3635 3365
2341 4564 159
326 2617 4164
4875 4945 140
4865 4947 1072
2896 3692 507
4581 4904 4772
3334 4962 607
3881 4894 1856
2571 4844 3317
3131 4769 4797
1269 2266 4613
3781 4928 1053
3257 4131 799
815 1494 422
183 210 4484
1477 4421 4545
4525 4628 2359
3391 4530 1514
1657 4362 4852
1337 2473 3557
411 1891 3443
3144 3718 1843
4045 4737 4515
4736 4987 3608
2969 4306 3380
4254 4758 2818
3747 4479 1469
2834 3839 1773
3187 3562 1848
4667 4894 4002
1603 2587 3647
2788 2936 2487
4436 4662 4610
3141 4013 1128
2529 3527 2066
258 2232 671
517 3306 3794
24 3000 3104
895 2872 837
240 702 949
3749 4719 3075
4162 4827 803
4739 4833 715
796 2772 2087
583 3415 4015
1697 4690 4379
3640 4036 1141
2743 4291 795
3895 4700 1523
3621 4331 3673
4325 4886 2397
3800 4950 926
4204 4944 3994
3142 4785 2902
1136 4819 4398
2064 2701 3422
2796 3464 3139
4811 4957 2477
3001 4167 4496
4090 4296 2743
4608 4922 4167
1844 2291 3955
740 1351 2347
1698 3555 50
3228 4837 796
3219 3350 1752
1019 2588 146
4589 4921 1551
2348 3869 4805
626 2861 1555
1700 3266 4838
2432 4482 4682
1335 1922 267
3257 4365 2832
2007 2703 4557
326 333 2359
1389 3133 3239
330 1243 618
3413 3714 3463
4173 4180 3881
2816 3864 884
2225 2497 2001
2535 4991 1192
146 948 747
871 1204 4564
2503 4996 688
2025 2814 2154
3103 3771 2708
1794 2895 772
54 3857 3700
4098 4394 197
4567 4885 2818
4374 4894 349
853 2962 2268
3612 3910 4046
3687 4005 3703
4672 4883 3771
1930 1949 3143
2061 2155 1871
3474 3683 3193
17 429 1421
4925 4996 564
540 4716 1944
3424 4471 3882
4626 4790 546
3599 4819 4560
4562 4856 3456
1525 4883 3962
2194 2557 1490
553 4093 1820
2542 3871 4900
3269 4789 4817
743 2111 3100
4923 4999 3247
2868 4216 2593
1471 3567 2858
1 300 1765
3633 4448 2187
187 4354 2859
1151 2965 1641
2846 4293 4042
753 4655 708
3369 4873 894
2808 4960 1875
2468 3762 3728
3531 4796 1175
3658 4136 2817
4929 4932 4878
2631 2981 3739
2522 3258 2046
1041 3140 1048
3517 4667 2018
4850 4918 1541
1243 2524 4331
4517 4808 3647
4270 4606 3964
192 339 2576
155 1026 3541
4936 4973 3229
2682 4888 2222
101 3227 2633
3244 4257 3942
1449 4277 3420
2728 3530 1484
3866 4596 2025
4003 4776 473
3076 3770 888
4662 4755 1852
4852 4978 3350
311 2957 4234
1363 3109 3211
3215 3908 379
4958 4997 3023
404 803 2054
2505 4368 3014
4288 4780 612
1714 4973 4811
2145 3835 3210
2324 4206 3348
343 3463 1411
1802 4980 1622
4376 4860 877
1669 2846 4423
367 3383 4165
3385 3784 4163
4314 4950 4572
1046 1996 4045
2513 4121 4480
4520 4798 3589
967 1114 3764
656 2915 242
4003 4442 4286
4136 4331 1594
490 1178 4137
1598 3549 2852
2868 3844 897
4483 4677 1900
1746 3629 2734
1703 2573 4669
1715 2274 2287
2700 4571 3003
39 2147 3779
871 4381 1765
1497 4669 3645
2934 4725 4651
1067 1492 1776
520 1889 3949
1283 3840 3468
426 4642 2794
2221 4307 1589
3931 4709 1391
2382 2719 1187
3593 4067 1237
177 3427 575
4985 4992 3660
2684 3623 4040
236 2242 2053
1382 4927 3129
1123 3864 3454
2141 3801 3205
1195 4172 4412
3518 4117 546
1584 4066 4355
1843 2498 4171
2453 3875 4232
4713 4887 3800
503 3865 1594
957 2035 4791
4164 4372 4993
3822 4773 4576
3524 4988 515
4465 4539 713
4878 4950 1501
1733 3824 49
1442 3977 714
766 4744 1245
2987 3749 360
3127 4551 2017
4888 4896 4964
685 2534 2546
4487 4945 3298
432 4839 2623
1966 3887 171
2941 3720 3957
1194 3156 1177
783 2431 94
2415 2847 252
3224 3549 212
4158 4920 3682
1548 3474 3798
2844 4160 702
4281 4557 2919
3640 4847 3081
4448 4552 1427
4288 4403 4084
3128 4784 2633
1161 4321 1503
1829 3105 992
541 1515 4218
1352 3663 2177
2444 3114 2833
2397 4138 2284
4440 4934 974
979 3504 4795
513 969 4935
4383 4831 2190
3426 3585 3277
1068 1172 4935
3089 3674 783
4822 4990 4801
313 3693 4463
3601 4469 1920
3758 4153 2942
3160 3563 1843
2315 2495 3172
862 1762 4728
3283 4333 3245
604 3876 4170
3211 3317 4672
584 867 4475
2749 3119 477
4233 4617 1602
2351 3825 2729
4632 4869 4761
2363 4433 3461
4073 4078 2435
1401 1806 780
936 3482 2250
2711 3275 1700
661 2050 3255
4053 4790 4064
4649 4850 2914
3241 3283 262
2743 4963 1973
1269 1592 658
3554 4635 3154
2772 4737 4979
1883 3057 916
630 4555 4949
2221 2352 4595
4372 4481 3857
3315 3678 3657
954 3338 3776
4904 4981 1294
4849 4863 1611
3164 4678 3008
3006 4850 4535
466 2358 3708
4987 4994 361
4598 4894 3619
4485 4594 1504
4043 4674 1896
2163 4210 3857
1049 4820 368
4257 4455 4850
4962 4967 781
1252 4759 3370
4100 4939 2621
2662 3038 2154
3390 4877 1745
1543 1836 3263
3574 3964 4533
3465 4002 1583
641 1208 889
1390 3907 2052
2527 3078 2823
626 2613 3876
4416 4659 3990
3021 3275 4868
1786 2104 4349
1523 4386 1890
3971 4095 1334
309 4725 4201
4109 4914 4809
4225 4285 2046
783 3862 3394
1954 2085 3169
3546 4870 1756
2220 3354 848
4250 4628 4631
1663 4480 3517
1135 3186 3740
4093 4653 2110
3718 4628 1017
3085 4753 4323
2424 4492 4221
2118 3871 2031
1692 2851 3089
3344 4093 4209
4005 4128 4368
4703 4928 4636
2724 4960 136
3288 4133 4203
3781 4122 3013
1120 3725 1036
3359 3776 2465
2057 4429 1333
787 3063 3154
1860 4713 4669
4405 4497 2646
4703 4834 711
855 1911 4063
3128 3146 2878
1649 4364 1178
416 1854 3639
593 3987 4965
2492 3157 1413
3721 4551 3099
1127 3480 1836
3253 4563 2166
1679 4603 3526
2216 3817 2824
1847 3027 460
4897 4972 2672
3720 4113 3681
4789 4847 1244
1794 3885 671
4961 4980 2999
3293 3939 2652
2725 3914 3190
2720 4296 2551
3321 4682 3819
1169 2497 2087
1708 3083 437
1413 3456 3940
2890 4140 2463
1157 4978 3387
3400 4359 4788
950 3338 4748
2789 3502 1707
3795 3988 3398
4265 4287 1965
187 3964 241
3875 4383 810
4201 4467 3187
869 3301 1874
2941 4858 781
1157 4367 3629
2581 2600 2119
1075 2460 1519
1927 2431 3540
1161 3091 2214
1623 4703 3682
2411 4453 4170
3468 4434 4538
3018 3745 1993
1498 3843 1312
2222 4692 4465
2636 4614 3239
4969 4977 4000
1871 2816 136
1777 2144 2987
877 1131 2631
1465 1986 2171
867 4182 1776
1962 2264 1913
4314 4577 4931
3255 3467 42
3919 4966 4568
2885 3078 1163
2009 2749 1778
3754 4453 3712
4472 4752 3253
297 3082 4340
243 2983 847
4895 4989 1378
1417 3916 2028
4477 4977 3329
402 4553 1089
3926 4806 3346
1092 3390 3851
2463 4347 1579
3501 4788 1228
4986 4994 151
912 4698 4488
2941 3533 1872
2967 3303 4796
4996 4999 106
1321 4888 4308
4354 4609 2011
3794 4791 3272
2656 3806 1044
3683 4892 3460
2054 2226 3703
2008 2857 3977
625 4771 2106
1763 3669 2648
54 1810 870
2504 4349 195
2783 4980 4417
4868 5000 2504
4872 4925 314
1907 4095 1169
995 3867 3551
2207 4764 401
3420 4174 1218
996 3037 907
620 3097 541
2396 3610 1206
1924 3356 2420
947 2989 4234
4421 4632 4807
2411 2962 9
4276 4734 199
80 312 4692
3385 4643 2717
1273 3652 2196
2594 2930 2426
2695 2778 2707
980 4011 2245
3947 4598 4310
80 1049 795
4248 4942 1307
4711 4818 1330
4244 4708 47
2075 4350 4437
1454 2008 636
3421 4285 4706
3267 3969 4062
3943 4291 4141
3844 4415 204
240 4947 1106
1519 3982 1318
3200 3757 1945
4949 4980 3095
1715 3190 1632
3473 3476 4260
4715 4880 1533
459 1493 3491
4393 4467 1028
3996 4248 35
1834 4796 3924
481 702 4572
2996 4159 461
4467 4468 3709
706 2490 538
115 4328 2164
4031 4478 4240
3524 4204 4930
4328 4401 3388
957 3409 703
2869 3986 4271
3402 3549 633
