5000 5000
2093 3148 3940
3142 3706 1021
614 3976 2246
4193 4584 881
2058 2903 1799
103 2241 3814
3609 4791 920
1578 2976 3739
2075 4004 2511
4733 4978 3608
4949 4953 1482
4129 4543 4349
2974 4983 506
2513 4764 4317
4784 4933 1272
1115 4384 1133
493 3768 4855
1787 4344 3922
478 1241 4316
3765 4980 524
747 4204 1938
2568 3592 488
4143 4732 2710
1348 4730 2225
2466 3950 4690
1861 3556 3706
2301 2898 2773
2273 3641 628
840 2875 2689
1805 2138 1913
3408 4028 2238
2478 3306 3085
1043 3598 4300
4289 4438 144
3203 3441 54
3642 3913 1781
1141 4642 4997
1656 2912 4104
625 1319 1932
4699 4771 1347
4171 4590 2466
4592 4720 4778
2194 3383 2550
3046 4594 1735
1536 2940 111
311 1993 3730
1512 2971 2711
261 3881 1321
947 4561 1451
1612 2385 4305
2495 3876 335
3148 3709 693
2119 4109 2273
2134 4997 4245
2254 4251 4903
2856 4880 970
3728 4820 1728
3672 4228 1141
392 4831 4742
3721 3870 3081
2040 2356 2504
3066 4125 4542
4582 4857 4985
3515 4155 1403
2416 3979 2238
1052 2647 1461
1153 4985 4733
1203 1793 2838
3618 4067 1854
4182 4820 3598
493 4361 3499
2418 2452 3714
4180 4264 4189
3039 4599 47
2735 4952 4311
1482 3757 4884
1278 3528 2074
70 2637 2294
4249 4921 2304
4042 4477 2031
4246 4874 1411
2734 3549 3477
2482 4131 542
2772 4670 864
3159 3310 2272
1814 2952 3098
3130 4178 4465
4980 4999 3891
478 4194 2416
4616 4756 3851
2718 3751 2522
1935 4543 581
542 1456 2582
1372 2576 1243
1682 4343 1345
4723 4728 3131
4066 4354 3933
4739 4885 802
2220 4670 3421
279 897 3685
4632 4644 2270
129 2014 2648
3774 4558 1609
1889 2252 2147
464 3820 2841
1283 4437 370
4445 4970 1968
2628 2871 4427
907 4632 2365
252 3888 1072
4248 4285 4528
534 657 4066
4972 4989 1188
4522 4975 339
3093 4408 4737
4294 4646 4224
3130 3761 536
1144 2326 1234
599 940 3356
1440 4048 1536
2766 3558 4947
2458 4328 1793
1210 3382 1143
2813 4080 16
1804 4662 1822
4828 4856 2573
3495 3700 2690
1142 4988 1456
623 1730 3506
400 3755 544
533 2242 10
1393 3116 3938
4568 4618 3653
4601 4760 132
127 3871 1243
4119 4606 1251
4480 4857 4596
3184 3872 4814
3127 4776 2735
1517 1968 3223
4579 4843 3966
771 2152 1764
4371 4652 3658
4432 4544 224
1304 4484 3143
3387 4207 4038
4253 4652 1568
4648 4725 2817
667 1258 2244
749 4271 232
1217 4563 2243
1964 4502 3461
2041 3066 1933
402 4181 4767
2886 3338 4654
2091 3143 700
2928 4535 1886
1463 2157 1331
2188 4191 11
4481 4773 4065
1978 4396 1252
187 3046 4977
2190 3207 471
4142 4617 306
3259 3594 25
805 3706 3534
1311 2206 4032
460 626 249
1581 3205 1622
771 3325 3523
2275 3021 3833
1000 3401 1910
674 1848 3400
4578 4976 1513
1272 3895 1993
3753 4655 2308
3336 4606 674
814 4043 3763
3166 3284 95
1089 4934 489
1191 3210 70
3053 4411 503
2473 3371 915
3230 3314 2033
2097 2826 2547
2549 4054 1825
4720 4920 695
1284 1582 4115
3796 3983 3050
2174 2897 3030
2834 3829 3778
2285 2289 954
4678 4736 169
776 1309 2847
2948 4098 1236
3475 3950 3047
2711 2960 874
4895 4984 2170
301 4596 4483
900 3672 3584
2438 3655 369
581 2544 1026
3424 4762 3339
2781 3874 4240
4194 4626 1219
4003 4276 1551
1419 4352 1325
2443 2744 2411
996 4503 454
4078 4091 2654
230 708 3310
1972 1987 804
2847 4189 4462
4564 4593 230
3698 4442 4843
1852 3160 385
519 3096 4669
2339 4665 3028
2173 2669 2347
1608 3402 1934
4615 4912 309
211 1637 4409
4260 4429 48
201 281 4830
3717 4932 2296
3577 4724 1539
3182 4981 3074
1614 3291 1874
4091 4388 2710
1710 4699 2463
513 1119 4393
2853 4778 3999
3897 4239 3475
2046 4624 579
4692 4894 3877
1212 1518 4307
4735 4955 1534
4059 4077 3939
2582 2866 348
2065 3724 1956
1431 4136 4629
1708 3613 1552
3218 4892 778
3565 4496 1168
992 1932 4008
3043 4075 3518
1142 2733 4320
3743 4752 1928
2424 4982 3465
68 2268 3531
90 376 3550
2165 3770 1280
1160 2522 1197
2501 3970 3343
4400 4750 3157
2465 3822 4944
3776 3908 1937
3488 4791 2406
678 3699 1570
4388 4711 1839
1198 1851 4787
1397 3496 4129
3704 3705 3536
972 1568 1692
144 893 2704
2108 3757 1560
4077 4562 2515
2255 3876 3357
3263 4821 472
2481 4314 464
1765 4687 3508
1212 2579 1098
4325 4905 809
4789 4976 2800
4237 4611 3434
4619 4620 3626
782 1915 3439
1653 3864 2852
3754 4776 2625
4441 4779 1760
1611 1920 2099
3856 4713 232
248 425 205
4943 4989 4875
3549 3578 2172
4214 4852 2619
2782 2930 2604
3892 4309 1728
2942 4568 3210
290 3653 365
4075 4444 1242
4056 4591 570
994 2526 3419
2152 4536 2199
4682 4905 2258
1115 3077 1796
2653 3874 2794
2013 4167 1508
659 2294 1817
695 2751 179
3365 3961 2963
2718 2922 4238
1728 3297 4874
3327 4539 524
1567 4104 4934
4732 4782 1091
473 678 335
2133 3068 2513
3866 4309 90
513 1538 4064
2251 3181 3628
1153 1240 1848
4019 4923 3936
3680 3849 4039
3674 4640 507
797 4465 700
1556 4353 946
1411 3386 1846
2237 4449 2604
244 2028 3627
4107 4839 3885
4182 4203 2945
3499 4584 61
1928 3518 3005
3524 3842 4700
2521 4023 1011
463 2603 3693
4867 4973 1828
2150 4311 4285
264 729 4674
2925 4842 4298
2724 2848 2932
1306 3320 1846
455 1070 1579
2714 4848 504
477 927 2245
2462 3433 3950
3417 4082 698
2868 3233 4952
131 2058 4488
546 2148 1737
1867 3970 468
3540 3619 449
1139 4862 2928
1827 3398 2198
2323 4781 2253
4333 4351 403
4342 4870 4072
2116 3908 468
1212 3227 2144
4280 4905 1369
2747 3851 64
4186 4877 4273
1577 1844 1778
2388 3029 2798
4164 4509 627
4674 4817 4581
2302 4206 4648
3538 4822 4329
3767 4613 4558
4973 4976 948
3056 4503 2477
1056 4712 1932
1333 3024 4540
4818 4849 1013
1478 2671 4860
1984 2278 3051
2363 3790 1871
1204 1270 355
1714 2075 4806
404 4993 2282
4556 4710 3931
2352 4174 3559
3620 4533 3038
4891 4984 2575
942 2772 117
2657 4963 2241
709 2576 182
4988 5000 4377
1999 3594 2022
3798 4017 4399
1875 3200 556
3552 4688 2473
4389 4827 4293
2269 2595 1911
234 2401 4602
1441 3483 3409
1068 2194 1595
2611 2923 2774
172 4745 3560
4344 4547 2218
703 4193 2939
4876 4940 3650
4241 4500 4240
3901 4456 4861
3768 4803 4413
1537 3308 4269
3986 4576 4415
305 2834 4453
1420 1566 1184
1088 2737 1350
3754 4624 3396
2658 4152 919
1273 3385 1903
1034 2968 725
2265 4088 3576
229 1013 4121
3700 4356 335
2553 3797 2852
1420 4148 3145
3612 3845 4979
1403 4271 2629
2099 3231 2522
404 2486 2424
4213 4959 1416
3375 4979 1698
3805 3964 4
3971 4486 31
3615 3766 278
2017 4824 1580
3072 3454 755
4578 4646 1662
3279 4829 1038
2491 2807 3310
1596 2957 1810
3145 4652 2537
1036 1041 2279
963 3377 4494
3536 4589 947
3564 4683 2641
2431 4692 4162
976 4233 2346
557 4340 1885
921 4739 2159
1053 2097 4189
357 1153 563
35 3312 2354
837 4655 713
3036 4905 2567
1821 2191 2204
3697 4044 4848
4405 4886 2859
2667 3987 3924
4388 4794 946
2675 3898 3600
1473 3650 4841
296 2784 1076
4731 4781 333
2191 2580 2544
4789 4906 4504
421 3480 474
2259 3161 4346
4637 4639 2004
3652 4440 3743
808 2384 4289
63 1805 4019
3111 3950 2881
1439 3861 4646
3569 4238 1014
2081 2520 3952
3326 4602 4064
2402 3592 545
4593 4785 3516
1206 1222 3074
1091 1304 4990
2800 4192 302
2924 4379 72
3539 4662 4366
2922 3632 1760
1424 3817 3862
4042 4764 721
264 1372 1567
4201 4891 1125
1371 1959 3820
650 907 3367
4417 4585 3299
138 1781 4464
288 1334 1000
2034 2073 1758
1588 4932 4227
4921 4987 339
194 1596 557
544 2816 64
4150 4223 4767
507 1997 3287
1475 4246 1069
67 390 4677
465 882 857
2548 3589 760
2582 3773 1009
1697 3793 3202
317 2535 1521
4187 4902 2443
4792 4958 1463
1066 2464 3513
4349 4669 893
2175 3979 2046
117 3542 1747
2463 3516 3598
238 3534 582
1677 4939 2336
4633 4775 1895
1521 4958 954
4094 4345 1336
3318 4108 2410
3004 3272 3976
165 3645 2832
4030 4712 4036
266 4704 461
3188 4043 1696
1003 1862 2152
513 3942 3396
3444 3659 3433
1040 1645 4821
2728 3287 1191
2014 4441 1525
4233 4938 3206
3945 4025 389
4770 4832 1792
2152 4989 2855
2668 3471 25
2478 2576 1663
4687 4759 1733
1050 1326 3448
4086 4238 4119
3189 4280 4250
1486 2025 1403
2123 4549 1653
1167 1723 2507
4566 4950 3397
2053 4217 1837
3275 3435 368
4595 4984 1323
825 2627 4521
1174 2177 4978
2685 4210 2661
1283 4814 4283
1091 4929 3571
587 3743 1741
971 1198 1208
84 953 3316
3354 3541 791
3474 3999 2955
322 2065 3866
3634 4597 513
1803 3979 269
3668 3957 1184
477 492 3524
3920 4946 3914
2312 3521 2102
4016 4246 3300
4587 4720 432
4063 4525 2084
751 2220 2841
2331 3777 4926
3025 3769 1400
4949 4986 2870
260 319 2831
4003 5000 3103
2806 3374 4741
4098 4486 1573
2665 3744 2827
4467 4842 4756
2938 4684 2456
103 4698 653
444 4413 3483
10 3430 2250
218 1889 1843
3577 3712 2178
2442 3474 2043
3391 4653 2874
1253 4756 969
2914 3771 2269
3724 4590 3166
2731 2773 4898
1385 3552 3370
3522 4807 4840
4190 4561 3187
2574 3150 428
201 768 4520
1372 2783 1862
121 3169 30
4357 4889 3107
448 1547 4151
217 1119 1874
3095 4752 1855
2982 3359 377
4730 4949 3240
3323 3335 2037
1897 4233 2092
2928 4045 2775
2656 4262 3087
3371 3903 3995
3588 4726 1619
1880 3737 4500
2895 4764 3753
2961 3969 3141
681 1451 269
745 3177 3356
1552 3197 310
412 3373 4867
4529 4943 3260
4613 4792 2992
3625 4385 3073
75 3559 1180
4905 4913 1292
1915 4073 2554
1950 2133 1462
3248 3267 4110
3356 3988 2996
4145 4984 4883
1932 2896 1901
3584 4278 862
4863 4906 2425
2789 3102 2720
4106 4864 283
2542 4496 651
3883 4222 3182
4330 4785 2009
2848 4893 2900
4478 4752 311
3392 4877 4958
224 4910 640
2889 4237 1774
668 4318 4811
3537 3826 4479
3854 4236 2734
644 2544 3121
2581 3092 3362
1460 4940 1767
2259 3577 2263
2681 3234 3052
3725 3928 495
4846 4875 4005
3390 4058 3290
50 4735 1880
4779 4936 1873
4814 4880 4578
769 2569 558
649 2665 3969
3662 4224 2751
188 4658 3748
2280 3726 2693
3689 3724 3309
767 3306 2028
664 1676 4243
4008 4718 3104
3280 4617 3333
4758 4781 1911
3073 3079 4966
2265 2293 3667
4052 4211 1082
3543 4685 2636
2219 4059 1647
211 441 3892
404 2548 2052
2850 3484 2718
2985 3208 1768
2336 2450 2772
1290 4110 3404
1465 1978 456
1644 2020 1368
2007 2389 1489
1948 3036 471
3390 4245 3553
1022 1034 2320
4950 4963 2688
4666 4909 1063
246 1353 3045
4984 4987 1898
403 2674 256
3693 4753 4054
2880 3811 625
3008 3156 599
4541 4950 4166
1962 4483 289
238 1364 1908
661 3100 3568
1247 4342 3131
4439 4997 4442
181 4377 4604
1986 1998 4368
1601 2789 2408
1024 3367 2986
2091 3682 3380
2313 3475 3545
3928 4810 2939
3755 3943 4423
4767 4835 2084
176 1792 2612
1806 4702 468
531 2030 4993
4974 4990 2336
2871 3628 3685
4364 4375 3612
2320 2708 2364
2308 4307 1394
3865 4911 564
4287 4405 3275
2402 2770 3315
4528 4555 4417
1987 3801 2629
1820 4074 1104
1971 2822 2731
1410 1443 4010
4471 4614 39
2742 3729 282
2856 3504 4462
4360 4937 2549
554 3266 303
2117 4538 331
4495 4818 4838
1806 2668 592
1386 4345 791
2607 4433 2348
3184 3925 976
715 3129 891
4414 4877 4845
3802 3917 1110
1925 3698 137
357 2843 3063
1268 3755 609
3995 4558 2366
581 3162 1927
318 2049 3018
3767 4052 2200
290 4074 4282
297 2937 2066
3908 4874 2066
2973 4310 799
3294 3570 76
4086 4166 3828
1906 4655 2963
3388 3468 146
3778 4402 4251
4197 4756 4972
2181 3090 4436
2677 4570 2980
2596 3198 4211
3440 4729 4609
2225 3539 1537
4133 4313 1804
4711 4869 1883
3566 3974 126
1007 1097 3902
3209 3365 3410
2438 2727 3653
2740 4653 3896
4968 4996 4410
1925 2572 2948
3318 3695 4198
4565 4755 4762
548 2664 3628
1067 1843 4399
4332 4681 3628
1091 2992 3290
72 161 1162
3830 4748 1631
4883 4933 4041
261 1117 4732
1013 2682 2049
572 3625 4424
1915 4920 2865
4603 4603 3732
3204 3922 3707
4478 4610 1568
3315 4634 957
499 1867 4252
2837 3705 4756
3643 3675 1953
94 3365 3375
1842 4677 1748
3039 3634 496
1390 2415 1039
2278 3262 3134
4859 4907 1643
4034 4411 721
3835 3928 952
2137 4146 4235
271 3402 334
1806 4527 4016
148 1594 491
4698 4898 4971
4866 4927 4963
864 4902 2118
4903 4924 375
3508 3795 4669
647 4683 3637
3532 4534 4204
823 3105 3516
18 807 1299
3630 4237 2836
777 2296 3179
1093 4177 4561
549 4359 4396
2135 3777 3949
2820 3726 3032
2046 4756 3596
96 2660 1319
3141 4970 2572
2607 4112 3912
4167 4708 3237
2943 3378 1382
1317 1412 4224
3050 4080 4634
2390 3740 1820
3318 3558 2741
2031 2036 3614
4328 4868 4985
490 2700 4305
187 2994 1819
1452 3661 4254
2924 3441 4842
2883 3450 1044
2189 3984 656
1512 4511 4943
4460 4764 2990
4899 4939 2151
1338 1627 4245
2822 3514 2267
175 3857 4454
4619 4867 4441
5 30 3346
1461 4169 1652
2897 3087 349
2772 3994 3384
3316 3897 3556
3822 4656 2861
584 1736 3925
2190 3976 5
510 2013 2021
1924 2635 3386
1702 4853 517
3357 4543 1678
1761 3689 2410
4355 4939 617
3177 3200 4374
353 966 4411
1666 3686 3144
3267 3357 1794
4630 4917 1460
647 4297 1787
3988 4896 941
536 3437 1446
2307 3164 3934
3135 4322 2336
3966 4812 4180
3140 4961 2452
3139 3916 3344
4209 4583 4309
353 4478 1220
3884 4931 2886
2569 4772 4881
2481 4179 4409
1801 2126 3607
1957 4037 989
4470 4579 2961
3223 3814 3749
1952 3170 874
1977 2045 4942
3524 4431 1889
995 4313 310
3054 3227 2256
1332 2151 933
2643 3350 3677
1105 4623 3001
259 2984 4558
31 3943 4215
553 3730 4454
3631 4633 1147
3262 3403 1060
1991 3416 2113
4999 5000 1080
1094 2049 4535
553 3987 118
4823 4841 3562
3724 4634 1539
3406 3462 1841
2184 3416 1834
3440 4799 4185
1044 4947 300
1005 2722 2621
507 3821 2564
1916 3506 3825
1067 2798 4761
4292 4532 4646
2035 4263 3242
94 3343 4329
539 4436 3372
2265 4277 4696
57 3542 4894
967 2392 3162
2104 3036 119
2943 4932 1022
4921 4992 3358
4710 4950 1890
4018 4260 4715
3500 4117 4317
1421 2186 547
2612 4070 2462
2061 2842 267
2338 3616 497
2614 3820 1287
3399 4285 2035
4905 4994 3965
1862 3928 320
247 4049 2296
2735 4199 2511
3778 4200 880
4070 4651 322
4910 4974 2296
1374 2411 234
3007 3292 2809
2772 4445 208
2980 3492 4301
2668 3659 2897
480 2763 167
4230 4798 3466
3533 4192 990
3543 4214 2205
1767 3017 3645
368 3426 4381
216 1387 3663
4071 4533 1740
3389 4793 1581
4530 4992 2144
2404 4680 2844
649 4699 4680
2740 4758 3298
4063 4947 1607
2866 3718 746
1845 4196 224
797 2617 4341
2428 3789 2522
4314 4440 1728
2362 4521 1866
1706 4115 1771
2125 4407 1265
4650 4929 4182
1852 3748 1238
2537 4864 631
4920 4961 181
4907 4998 4009
2908 4239 3837
1292 1590 1384
1620 1745 882
4739 4893 3139
3607 4906 2019
1781 4601 4008
4772 4901 15
923 1037 2871
353 3830 2924
3396 3899 699
4140 4386 3031
1226 3927 2115
987 3644 3750
1867 4156 1171
2437 4392 4126
4176 4329 3975
1491 4319 4394
2083 4734 1109
752 3878 604
2081 4736 2096
2748 4533 687
2708 4485 2431
3632 3861 968
3724 4914 4930
1534 1950 1989
1363 4574 1987
486 2951 2773
4742 4983 3604
1973 2835 55
4493 4520 3957
3259 4530 163
185 4823 15
4833 4926 1858
4896 4971 2546
965 4909 3882
3492 4380 4984
1238 3653 3323
4332 4724 4391
2594 4148 4400
1948 4825 1837
1164 3424 3729
1179 2716 4710
2193 3042 16
4291 4838 487
2408 3328 1165
1951 2643 3937
3974 4114 1070
4675 4920 2577
2654 4921 400
3230 3345 3914
1632 2548 542
4913 4990 2500
1482 1643 1824
1010 1244 1039
1224 3941 1855
3877 4944 4395
933 3773 1462
1226 3990 3964
3591 3720 4536
1421 3336 3656
419 1396 3439
2274 4283 3390
3676 4937 2142
3370 4014 3015
1803 2495 1500
1901 4405 4431
3347 3802 4449
4331 4667 3373
3465 4909 136
2137 4038 2522
1931 3933 476
4864 4921 2539
16 3485 4446
199 1544 806
10 313 3905
1506 3239 1825
2451 3126 346
1463 3264 1048
3546 4695 825
1670 2752 1264
2039 3423 4531
3843 4979 3824
3169 4450 3057
2481 3178 942
3843 4440 1420
4359 4436 1514
2119 3989 2528
1168 3085 2662
4998 5000 1445
4272 4673 3217
189 1264 995
258 1170 3621
2729 2942 1023
4147 4378 4796
3245 4222 3198
793 3444 203
3154 4757 956
1164 4642 865
2213 3597 1686
3579 3776 1834
3692 4508 1858
3384 4145 699
1711 4497 2649
4226 4736 445
2111 2498 84
1844 3823 1306
1696 4564 4667
1045 4390 128
4226 4309 1234
3971 4903 4514
632 3953 55
621 3266 4099
291 2354 882
686 2144 2269
2857 2935 3153
2547 3330 2005
334 4340 1184
215 4740 4321
2484 4272 4714
3440 3658 605
252 2023 4298
2361 3253 2353
3980 4135 2689
3937 4016 4945
1719 2188 1527
3360 4429 3505
752 4509 2772
4485 4598 3054
4974 4994 3737
178 2443 4095
154 1239 2128
1374 4797 1868
35 2744 4967
3094 4896 2554
2154 3199 1
2367 2521 1528
1195 4870 462
2328 4772 4299
4572 4643 448
1940 2241 770
3874 4300 4053
1028 3096 4628
4550 4838 1651
1564 3180 4945
1115 2451 2600
443 3840 4198
4893 4926 2994
1508 1630 2375
2169 2784 1725
3385 4741 3324
294 4426 238
2835 3512 3871
4975 4978 4516
4616 4721 2411
1433 4782 2887
4137 4347 2449
219 1698 3246
4480 4611 1755
4761 4875 4460
2497 4889 2097
773 1595 1053
713 1337 3282
2517 2770 1417
3082 3269 1696
1214 1503 2145
1004 3462 1457
4676 4759 2496
27 4214 3967
549 4559 3542
947 1978 1986
2064 4540 1794
1267 1770 4317
379 4560 982
2792 3243 280
1747 4093 4214
1287 3035 2549
879 1627 4760
781 1658 666
449 1995 4815
273 2568 981
2485 3126 1407
3829 4910 2707
4187 4983 4314
4738 4847 1007
129 3727 1571
542 4935 4734
3729 4811 1819
3018 4266 4514
4291 4704 2936
3449 4463 1963
1617 2889 1717
2127 2755 2750
3469 3591 1296
4561 4944 1936
952 2596 752
2231 4957 3209
3878 4358 1738
2079 4179 2342
4652 4695 3137
4848 4893 397
550 1196 1093
1064 1934 1204
3860 4921 1965
4674 4895 1205
712 1611 566
203 4200 2613
2658 3419 1694
2291 2863 2133
448 4216 3429
3454 3750 1150
827 1920 1656
1786 2883 537
4578 4801 4901
3695 3916 1006
1132 4682 4805
1748 2434 4531
4646 4718 1201
4360 4710 938
2927 3151 94
3839 4541 1446
3421 3755 2113
3829 4709 4757
935 3778 732
150 3766 2950
2982 4980 2101
735 1776 2339
722 2150 2818
2218 4762 2990
3051 4687 4229
580 1728 770
928 2785 2256
523 564 3699
628 3035 913
15 3499 2551
395 4598 4234
23 4223 2876
4009 4896 3081
3167 3991 2318
2320 2936 3303
2008 2684 1360
264 1119 539
3865 4024 1234
540 593 3713
1311 2956 273
4005 4435 872
769 1643 1820
3808 4014 4170
4636 4673 2480
270 345 4680
2091 4384 2665
4642 4872 1134
3928 4611 839
2314 4628 2358
1813 4237 4536
3726 4867 4170
3629 4294 4389
2266 3525 1545
3464 4031 2142
1688 2783 493
3476 4111 4631
3923 4304 1258
4061 4543 4059
4160 4221 4991
2939 3000 1168
3936 4423 2536
2490 4335 1991
2802 4229 451
1890 4635 4446
4724 4996 2208
3004 3815 3878
2012 2748 3744
4682 4875 3228
3620 4582 856
2 2800 9
4421 4913 618
879 1978 221
1113 4997 2652
3462 4493 3715
192 3092 4637
4197 4870 1882
3801 4765 1735
4055 4475 2553
3620 4735 1899
4047 4411 224
1259 4817 4359
4771 4996 3305
656 1004 1931
2800 4294 3951
4730 4970 979
1818 4008 2786
718 3318 3703
2720 4776 3192
4428 4677 3372
1695 2749 1802
3605 4524 1534
2653 4931 2842
2442 4623 253
3196 3477 3817
4929 4938 1741
2766 3520 1950
4958 4963 599
1450 3307 488
2371 3517 3133
3733 3917 1248
2414 4186 4166
265 3125 3097
285 797 4992
329 3792 149
4028 4707 2472
197 879 2144
2585 3468 2702
1546 1639 1672
545 2672 2214
318 2333 2523
2117 3873 4428
3156 4104 3150
4737 4813 4541
2588 4682 324
484 3798 465
3600 4379 1576
1170 1588 1848
3557 4698 1172
2276 2510 3456
1528 2663 447
4561 4903 1122
256 3225 4916
2155 4543 3551
3187 4031 4656
4794 4818 1712
4438 4643 4675
2378 3530 2937
4515 4572 2128
2755 2826 3056
987 4538 1944
244 2129 2016
2909 4935 3788
3176 3803 3661
2177 2529 110
3047 4759 1363
841 3825 2255
557 1210 3522
4386 4534 2474
742 824 3706
2599 4265 562
4022 4304 4042
648 652 1548
2223 4855 4370
4270 4538 4223
4274 4837 106
4586 4725 2333
2900 3546 248
2267 3919 3768
4321 4576 1386
4566 4614 330
3780 4936 1000
876 3559 3480
361 656 4795
2132 3954 3901
1272 1814 3567
1231 4412 604
4517 4948 2900
191 2790 3755
4994 4997 4787
2742 4422 240
4123 4715 633
3656 4352 3198
3362 3717 2796
1622 4730 1810
3152 3856 1119
4295 4846 1043
1051 2214 3670
3111 3477 336
267 3572 989
1576 4077 1874
3971 4219 676
1326 3743 187
3103 3879 3856
1510 4615 874
1509 4004 2219
565 4025 2911
1054 4901 1067
3070 4948 3943
269 3879 2238
2109 2435 3880
2819 4094 1149
2788 4608 3684
3186 3475 814
787 2363 4114
3881 4066 1788
2935 3274 2809
2948 3665 2894
389 3216 4210
1474 4896 1382
2463 3523 1631
1015 4877 4551
2040 3149 1159
725 4509 3658
3665 4732 4477
908 4822 2164
1993 4976 3395
484 642 4644
1711 4983 1729
2085 4482 1485
1805 3696 265
4902 4974 733
863 3533 273
2448 3993 304
1484 2055 3229
4817 4941 1939
4017 4111 469
4617 4989 3755
1166 1721 3057
2643 4212 1592
2713 4345 412
4402 4472 3507
1586 4247 2759
4453 4883 3882
869 3842 4565
737 2919 254
4461 4743 1769
3105 3566 1921
533 1477 3538
1943 1975 4471
258 2704 1813
728 4784 2930
3701 3848 635
598 1758 405
2128 4049 287
1014 4367 3040
4677 4964 44
496 598 1369
1785 2092 83
4609 4704 2767
3667 3757 1059
4243 4772 3581
1884 3264 1201
4621 4728 4884
4373 4549 4512
258 4557 4850
2388 4510 3667
648 711 4415
1351 4349 1047
3545 3913 2673
2421 4764 478
4109 4180 3564
2203 3605 4712
4942 4969 4376
1309 4193 2578
947 2713 3876
4518 4698 4540
310 755 1473
3281 4116 2077
3397 3955 939
1096 2804 4917
2917 3146 4546
634 802 2283
1259 2585 1475
510 1480 4207
896 2088 776
2370 3140 1214
1364 3074 1926
18 2408 3069
4262 4967 1549
3879 4583 994
68 1382 1191
799 2127 4286
237 869 3753
3218 3654 3067
584 4566 66
1325 4167 4207
2363 4682 1329
3772 4485 4085
2561 4551 692
4669 4677 4059
2460 3960 2236
2137 3101 3141
4565 4926 3775
4442 4969 3759
3666 4823 1481
1803 2654 4251
2538 4605 1560
535 4932 4881
4079 4761 4746
335 3954 3953
4305 4684 4822
2699 3501 1676
509 4519 3925
4542 4600 4793
4782 4784 4130
4500 4741 2314
1133 1391 4822
1841 4245 2208
1669 2040 1425
4429 4449 3076
1468 1561 104
4464 4880 3161
4752 4785 1809
3654 3847 1147
685 1864 913
1313 4541 660
4227 4938 225
825 4826 3107
1392 4094 1787
2213 2600 379
4323 4657 3826
548 3762 2418
1845 2737 1752
4224 4386 3170
4734 4899 1096
1025 2059 1861
1320 4879 3814
1809 2734 4345
1306 3250 3241
1550 1813 4967
4184 4494 406
3238 4736 4211
2765 3874 1373
1540 3954 3577
1787 4406 2953
4793 5000 925
3134 3771 4608
1461 4560 1832
521 1168 4932
4600 4743 4070
4490 4942 2565
4102 4229 4041
1103 3984 469
1287 4581 4580
357 1855 2960
1817 2253 4428
4966 4986 833
3240 4754 3072
4500 4635 2402
4245 4910 4759
4053 4564 4296
778 2748 1275
2524 2636 3544
3847 4033 1807
3495 4269 898
4319 4679 313
4401 4544 3250
3592 4349 1491
504 4087 2749
1557 2940 2214
4795 4818 4717
295 3566 2048
2395 2989 3860
4440 4473 263
1706 2906 2012
3215 3414 2401
666 810 4150
3415 4229 2618
4931 4971 405
3379 4695 2691
3254 3595 1989
2162 3057 946
3134 4017 2242
2341 2987 4457
761 3581 3426
2339 2981 4235
422 1066 2355
820 983 72
173 753 1100
1249 2864 33
2377 3741 636
3736 4185 139
4592 4996 1928
4288 4671 464
241 587 348
305 1818 1359
1528 2524 4525
3319 4514 4554
2019 4296 3113
734 2549 585
1965 3681 1131
4763 4917 403
2326 3135 3920
764 2489 2885
2883 4689 1910
1698 4619 2503
2921 3668 2984
3857 4915 939
1726 1816 4165
2837 2978 1293
2643 3577 3947
1290 1341 2007
3224 4141 3478
905 2860 2118
3357 4439 1899
2019 4304 3201
3797 4198 441
730 1413 1436
1427 1950 4701
4568 4965 6
3099 4688 1282
4222 4736 3363
4879 4926 895
1766 3712 995
3026 3531 4211
878 3888 757
1848 2724 4855
2915 3537 916
1042 3065 3150
1783 4163 1008
4241 4280 1605
3642 4523 4668
1822 4437 2944
4999 5000 3539
2294 3141 2619
3760 4876 1405
1568 1996 322
2096 4976 3991
4063 4941 2867
3405 3754 625
4346 4414 3283
4519 4633 1183
2424 4426 4424
1767 3184 1020
2975 4090 1182
3918 4279 3919
2735 3064 3628
2744 4982 4260
4820 4836 631
1054 1691 4294
2297 2920 2519
1306 1620 3373
1735 2192 3178
1509 2125 4183
1977 3996 1372
2161 4496 193
2422 3907 381
3302 4099 2742
4239 4774 4458
282 2245 1570
4793 4896 918
4666 4780 4789
4171 4635 488
4301 4744 2780
188 4197 3382
73 2714 3398
3386 4355 2627
213 1484 4412
4151 4194 1703
4394 4591 2915
4195 4693 948
4247 4344 3244
4975 4975 1210
1654 2882 2798
1096 2682 3977
431 4708 2460
2250 4629 634
4602 4876 483
1233 4059 3480
2692 3168 1849
4957 4995 134
2409 3898 1579
4011 4894 968
1842 3416 417
4828 4924 4732
189 507 1661
485 676 2121
3793 4757 4319
3636 3782 220
1143 1443 2291
4782 4944 1003
4240 4310 3303
1220 4766 1303
2011 3975 1226
3295 4298 1473
1666 2751 407
1544 4279 4576
2401 3703 2270
3745 4312 818
3097 4575 3132
4642 4720 1731
2210 4945 438
2222 2601 3883
4573 4799 2359
2192 4953 1610
622 1043 376
147 3903 1359
3831 4960 4607
1594 1817 4200
2566 4923 2311
1732 4231 1334
3142 3440 4825
3031 3280 2553
3112 4161 444
193 1749 973
361 838 392
2943 4152 2114
2995 4260 3928
4561 4725 1794
1700 3462 4101
3212 3404 4054
1994 4355 549
2927 3378 1963
1111 4952 4828
2045 3369 1
1172 4294 2333
3437 4340 4425
4785 4821 3263
4949 4999 202
1168 3555 505
3847 4964 3446
2510 4525 3721
3357 4778 4728
1225 2172 4750
206 2670 4275
4320 4685 2960
4573 4646 2534
2964 2994 129
2712 4464 878
1754 3672 1467
3330 3393 974
499 639 2752
1474 3991 4345
658 943 2453
4423 4940 1165
1105 4714 4026
837 4602 3225
863 3255 2253
2503 4000 3918
4763 4865 2956
3900 4539 129
1466 3808 4086
1207 1787 4133
2325 4175 3794
4808 4934 3757
2878 4655 1996
2936 3859 2507
4481 4907 2743
4822 4994 1933
1662 2824 4242
957 4866 2452
3763 3917 1152
3498 4160 2485
2995 3084 129
3857 4348 2355
1399 4341 1716
1984 2069 369
1313 2483 4788
4264 4978 535
2371 2976 4569
1930 3092 3068
3310 4815 2647
4825 4945 3675
1787 3077 4503
1165 4770 335
936 4384 4832
4915 4965 3121
2809 4630 1227
2958 4385 3086
1128 4484 3708
1796 4504 857
3865 4913 3944
2030 2705 2538
3508 3643 4671
4917 4967 3141
1533 4930 1999
2972 4752 360
4486 4982 395
2893 4759 2241
3333 3905 1582
3073 4969 4803
4102 4348 4052
1010 3816 3123
2815 4862 278
2900 3984 4502
1985 3752 4129
3508 4752 4717
4453 4684 2199
3703 4730 1813
37 3031 666
3103 4455 2971
395 3081 2224
840 2135 3732
1336 1688 878
4276 4527 204
1655 1826 1216
4476 4690 3926
3714 3928 2476
3751 3861 1306
2663 3578 3210
4074 4458 4420
4797 4925 889
761 4456 1441
4895 4982 2715
4610 4844 52
4378 4868 2551
654 2463 3288
2076 4259 3963
2588 4400 2792
2749 3199 3692
961 4009 2816
1156 4264 2855
583 1571 3898
3425 3698 4030
1188 1192 2946
2140 3577 4576
3444 4906 115
2085 4986 3882
2589 3753 1543
3719 4220 714
3240 4999 1591
3233 3603 4772
2229 4270 50
1284 1898 1707
4343 4622 4018
2529 3165 3822
1092 3665 1950
2050 3451 1626
1069 2660 4325
1512 2700 4733
477 2967 2321
3478 4508 1690
1782 3469 300
380 3070 3316
1331 4297 4715
1862 2536 3578
3675 4944 3922
680 3593 4754
3878 4292 558
79 4200 4287
1749 3830 2617
2772 4677 316
2200 4796 233
4036 4836 1877
4385 4766 3
813 4026 1361
4394 4414 2545
154 1302 157
1412 2402 54
4083 4430 942
337 4306 3999
2327 4760 1835
3346 4240 3382
558 3546 127
318 2151 2309
1740 3225 1109
1531 3857 456
1861 4585 944
4417 4849 2823
325 4861 4093
2104 3316 3347
1245 3542 499
3153 3853 3231
2501 3277 4387
1349 4615 2350
3584 4215 1537
2415 4501 508
1317 4322 4222
1459 2512 962
1687 1780 4801
3591 4954 2545
4959 4987 3919
4650 4691 2935
4192 4626 2843
4571 4745 1763
4011 4423 3536
2364 4084 1292
2346 4644 3017
4454 4555 3962
1180 4108 4412
2326 4433 4522
1568 2455 93
2330 2375 3310
4284 4902 2068
1673 1797 2595
175 2318 1559
2897 3002 4877
2081 2850 3735
1732 3765 3168
2568 3251 2559
714 2762 552
1318 4445 465
2903 3814 2449
347 511 801
3937 4560 2978
42 3158 4269
753 2231 871
4959 4962 4286
1417 1502 4898
4704 4763 4001
4167 4381 3511
643 2567 1673
1354 4879 787
4843 4912 468
593 3515 2106
3960 4799 1841
1487 3146 4562
2198 4124 3751
3862 4154 1232
3590 4150 4574
2967 4165 801
240 3223 1067
3880 4616 3575
93 1313 353
3496 3892 1683
207 2072 3450
1225 3927 2291
3312 3746 2182
2408 4613 211
3059 4563 1663
3661 4672 66
861 4495 1049
4460 4608 117
971 4230 409
2179 2527 474
2235 4805 1401
1179 3401 1637
4548 4793 163
4975 4986 261
4534 4931 1907
2083 2313 845
3645 4680 2342
2449 4416 3271
1794 2305 206
2594 4762 4465
557 4680 72
3597 3706 1823
4763 4838 679
1321 1745 4375
643 849 4816
586 2446 146
4066 4938 1476
2413 4377 756
2670 4410 3469
4195 4906 2598
454 4113 3743
172 1013 1046
1977 2509 4410
4723 4996 983
985 1812 876
4551 4597 48
2539 3782 2938
4741 4985 898
3402 4888 2493
1223 3461 1167
4351 4723 4444
4981 4990 964
4811 4882 1750
4533 4831 3275
2263 3604 3451
149 4438 3049
3889 4193 426
841 1214 2436
590 2083 96
2051 4283 1755
1538 4338 3303
81 267 1115
4574 4656 1203
2608 3692 42
586 3856 4456
2924 4585 96
3593 4957 4824
3757 4401 4132
4963 4985 4116
519 1756 3209
4040 4858 292
659 772 3706
4509 4607 4105
3014 4301 2170
3405 4804 1549
1065 1432 1961
4649 4946 4839
3170 3695 2045
4673 4683 219
3954 4548 1008
459 4362 2205
2080 4132 386
965 3824 205
1758 3139 1169
849 1044 2507
2601 3604 115
3212 4447 2981
825 2969 4990
3411 4523 1404
2603 4459 3217
890 4295 816
3198 3494 841
4469 4893 674
2017 2748 1312
2058 2767 6
1246 2475 3554
2417 4101 2294
529 3374 1416
4374 4791 2552
1245 3334 417
3814 3854 11
1061 4383 1116
3396 4227 3097
2875 3973 228
3829 4682 2826
2029 4709 3668
2975 4933 2902
3828 4891 1155
2198 2871 2090
426 1747 4789
4541 4701 1455
2511 3302 2043
543 910 3674
4729 4843 991
4657 4974 1229
1413 4756 949
1562 2964 3046
219 4284 2172
3984 4780 266
3043 4439 3301
287 896 394
3861 4092 1707
3407 4536 3037
2557 4567 4733
4334 4917 1755
3599 4289 4051
2653 3614 2451
1933 3287 2511
1412 2910 291
4224 4325 5000
2017 2164 546
893 1038 3420
1433 2252 1991
914 4331 403
4201 4684 4105
663 3062 3691
2245 4804 546
447 3608 2158
683 4137 1033
2541 4075 1984
4467 4902 3281
4071 4188 4294
4959 4969 3763
2094 3857 3974
295 3740 3950
2383 4144 1160
2099 4689 2369
3067 4826 2735
1625 4974 1487
2987 3635 2342
4440 4506 2084
2646 3933 4559
1670 1912 3163
3935 4218 479
1186 3808 4572
991 3579 1346
987 2178 4497
768 2733 2590
343 4309 127
4334 4613 678
1890 4365 2784
2404 3333 1325
3801 3995 4925
4786 4919 111
303 475 1187
4783 4818 296
650 1473 1489
2935 4078 3266
4014 4539 4314
1358 1397 3212
2250 4734 4127
4951 4996 1724
2634 2961 1976
2392 2810 607
3196 3955 1610
1121 1825 1731
3052 3793 4305
2713 2765 1581
2018 3113 4372
75 4107 705
4146 4267 325
3923 4887 430
1383 3998 1465
4287 4786 345
4461 4957 1208
3214 4154 4838
1680 3930 2206
4445 4887 3440
381 2369 407
2470 4782 3700
1502 4087 272
2340 3244 2492
2991 4517 1950
3194 4944 1400
2102 3056 2591
4584 4801 855
556 1100 2896
1312 3299 4306
813 4641 2694
813 4998 1568
1210 1915 4662
4725 4856 1756
2636 3152 4932
1948 4054 3558
3673 4112 2465
3580 4161 1004
3849 4621 3981
970 3825 1688
84 3624 4476
1710 3931 3965
2854 3250 3809
1189 3781 3416
180 906 2375
3886 4999 3361
1080 3621 2761
3191 3344 1917
54 2957 3224
2350 4463 2319
2017 3253 2895
4988 4998 2415
3391 4228 111
1451 2211 10
716 4949 2173
3551 3785 3403
1903 3632 3444
1573 2602 690
2082 3726 4322
4139 4385 1084
2140 2380 461
1301 3292 1758
3191 4281 2618
3169 3530 269
111 2197 4696
1171 2032 2725
2754 4216 2386
4505 4895 1170
588 2477 1941
1439 2439 3046
4770 4865 158
2582 3420 2903
1296 3035 2361
4708 4734 4824
4053 4602 3797
3516 4419 1297
1928 4720 4686
805 3539 1696
246 492 994
4723 4839 936
4191 4614 4554
2214 3489 4100
1136 3119 4332
4178 4345 995
4931 4981 3043
1383 4167 4268
4720 4967 2836
1083 3750 3626
186 655 3358
2902 4989 655
2775 3102 2002
2678 4771 773
1355 3737 3348
4926 4960 80
2758 3041 153
2412 4176 4998
2240 4654 813
2426 3156 4397
4064 4367 790
4733 4804 615
2344 3425 4349
1367 2877 4701
1807 4874 3118
1076 1957 4947
3750 4145 4656
4968 4971 2864
672 1636 2045
1860 3807 2592
4272 4407 1992
3551 4674 1354
3930 4571 2666
3921 4971 2908
2542 4962 3670
1495 4115 2259
3868 4965 2434
1740 4700 680
2885 3886 911
4731 4830 1907
3167 4636 2181
4131 4365 3884
3589 3591 1479
4855 4904 4743
1598 2788 2423
4261 4812 4984
677 3305 836
3008 4412 3960
779 4895 857
1783 3157 4237
3617 4637 4605
690 1065 3705
4488 4783 2450
4963 4999 899
3974 4537 4441
1885 4029 3227
1674 2078 1002
3233 3531 1605
2017 3457 3822
1342 2518 4582
1099 2125 1069
2745 2909 436
236 2322 3037
4865 4876 4850
1792 1904 3823
2918 4439 4401
2415 3503 2694
3028 3875 588
4639 4987 1113
4756 4789 2042
4239 4475 627
2980 4211 1094
3151 3486 4227
2666 3292 688
4857 4976 3855
2447 3946 4976
1959 4925 801
3632 4344 1582
3642 4943 4499
1318 2371 1535
3298 3798 280
1052 4377 1734
1420 1745 3387
2625 4560 2478
3464 3974 780
4299 4896 2789
880 1767 3557
3604 4847 2512
4290 4599 2014
4868 4959 871
2755 3101 58
3326 4749 1205
3053 4548 1005
4445 4969 1162
1825 2371 3307
4691 4936 1985
1962 4149 535
1448 3229 4678
455 4470 1835
4777 4967 3345
452 2363 970
4450 4878 3879
2054 4284 956
2489 3532 2941
788 925 3455
1645 2422 1579
1840 2811 1108
1092 4443 867
1626 4722 1465
2468 3096 2773
4436 4683 4171
2620 3666 4336
1880 2395 2435
3403 3819 3158
1204 1419 4463
4732 4778 3840
1704 4637 998
4995 4995 3306
1668 3461 353
4857 4892 1221
323 605 1507
2555 3418 4933
19 4265 4596
1535 3057 4051
1724 1745 4963
4473 4959 1574
1412 2471 541
1058 3671 4920
3931 4327 1860
3839 4512 764
652 2236 4671
2524 3106 1345
3470 4617 4085
2123 4926 2409
2043 3891 1273
4068 4651 986
1438 2351 2244
98 4920 2710
2837 3564 3815
4529 4758 2550
1197 4473 1363
2898 4786 1203
2520 2743 4906
2805 3795 3570
2410 4251 4639
2555 3956 2329
2782 3955 2
4575 4685 484
2897 3908 3420
1222 1794 142
4506 4730 4812
80 1584 905
3726 4740 136
4289 4660 3383
1609 2251 275
2426 4958 3733
4821 4887 3221
414 807 1579
2826 3994 756
1048 2451 4810
4365 4597 2055
544 3401 3426
3752 4515 2368
4700 4960 4195
1123 2926 4246
1568 2892 2274
4992 5000 3160
1711 3949 148
2999 3631 4337
1251 4631 1966
3116 4072 2912
1895 2645 4206
4244 4873 3723
471 4541 2496
4126 4464 819
2869 3310 405
4436 4754 313
533 1192 968
4030 4067 4143
1857 4289 4324
2250 2863 3263
2028 2262 1080
968 3892 580
2429 4636 3947
3672 3837 3134
3980 4564 4502
1061 3237 3068
753 1437 1888
1040 1783 2178
1054 2908 4765
1947 4778 3083
4217 4899 1574
672 3701 168
3555 4853 4905
4187 4964 1804
4054 4998 3150
191 636 1584
4291 4423 1831
4908 4996 4799
3763 4887 3361
1898 2022 3862
1822 4981 4175
3547 3661 294
1210 1513 341
2489 4842 2347
350 2493 1915
4570 4572 4788
3347 3967 1536
824 3135 3268
4773 4961 2891
4819 4937 1013
1648 2051 3025
4902 4975 3759
2525 4325 2167
3341 3795 4438
3207 3977 52
151 1385 2134
722 4393 3322
854 1502 3416
2971 4284 813
3220 4078 3348
1382 3629 4888
3172 4313 1659
3972 4532 774
3540 3816 1438
801 4266 1041
3162 3371 2783
621 4045 3067
1913 2668 1843
3049 3675 3152
4917 4958 4760
3379 4717 4718
2956 4465 983
1118 1943 3838
1398 4424 3111
77 1435 1606
929 4292 3174
1511 3779 2864
1260 4703 1123
1289 2266 4625
3918 4008 4513
3403 4982 3308
1462 2798 4580
2343 2404 235
4413 4474 43
2774 4190 1926
4857 4996 4418
3279 4345 2406
4646 4675 4328
579 2305 3816
2426 3180 2916
77 821 3501
2312 2373 1044
3140 4872 1289
3223 3709 3001
3514 3646 2488
4426 4988 1105
4327 4953 2523
3131 4990 4250
528 1580 1837
3146 4982 674
4656 4974 1183
4748 4835 4553
3759 4872 3302
165 2843 2941
2666 4882 4407
2393 4051 679
2661 3041 3346
797 2886 3126
1132 1829 905
3928 4867 1076
337 3156 4626
3546 4839 1634
2802 3083 2642
1152 2483 3815
2561 4840 1483
1766 2350 236
4477 4638 1113
3330 3693 2928
1015 1914 1304
2015 2103 152
3986 4320 1872
2297 3998 3282
1739 4438 2133
1881 3931 4516
1551 2764 2565
4531 4619 4551
2965 4823 4227
2846 3368 2682
254 1999 1830
3967 4438 2421
337 1687 4021
495 993 1988
487 1213 2491
3003 3466 1816
897 3667 3513
323 1980 1914
3269 3353 305
34 1869 4493
4592 4705 1333
1105 2251 4536
2030 3164 3152
1624 2833 3955
253 849 1893
300 1776 4317
3257 4817 1246
4151 4765 4720
4506 4671 4357
4305 4789 2503
3733 4808 2148
4952 4966 3092
2102 2255 4004
2347 2808 2700
4734 4790 4618
1489 2684 3327
4245 4493 476
3176 3387 513
3531 3593 4561
233 4595 2342
4122 4147 699
3357 4795 4388
3538 4352 831
4622 4782 2248
1464 3085 1464
2968 4018 831
263 415 4329
4711 4915 1001
1844 3211 972
2679 4386 3944
277 1195 1343
1315 2813 513
2326 4331 812
146 3158 1620
1175 1870 1887
385 2510 4245
1313 3771 4841
2331 4488 1468
251 1527 705
4074 4116 431
2118 3177 485
1680 3203 3681
649 2310 3331
3219 3361 4429
1271 1922 841
2651 2769 4868
1146 4889 4703
3014 3926 896
2715 2799 969
4788 4860 1919
4032 4928 2313
3275 4344 3
960 4514 2908
3693 4289 2617
2740 4679 2730
246 2158 3290
4260 4375 4194
4352 4761 3767
578 3501 2753
2198 4859 4314
4217 4792 55
1748 2401 3882
744 1949 225
4009 4826 4807
2219 2570 704
262 4584 3251
973 3378 463
4037 4420 1225
848 2526 4123
1484 3710 4295
2554 4333 3019
1068 3725 2960
3824 4045 3170
4055 4338 1536
1820 3447 2661
1245 2373 759
2962 3601 3040
3614 4254 1108
1043 1322 818
2473 4155 2018
4659 4761 1804
716 875 1746
1497 2262 1579
2995 4780 454
3995 4254 2883
3738 4041 1052
4875 4962 2194
835 1328 3192
9 3971 592
4085 4176 1316
1921 2945 2002
717 2190 4173
1213 4952 503
1184 3552 429
595 2377 4826
969 2040 3454
1457 3790 4216
1690 2124 422
2369 2979 811
2442 2981 1771
703 2596 1538
1258 3080 4350
2274 3328 3636
4008 4405 2538
896 1868 2119
4967 4975 4235
3205 4104 2247
3227 3585 3711
391 4019 1128
3272 4758 2985
534 3605 3801
2280 2360 1915
3868 4359 2398
1989 2242 889
2433 3734 1608
1578 3373 3983
1864 3814 4840
4983 5000 458
1297 3357 1914
3510 4155 1441
3975 4164 930
2639 3157 4170
2229 4835 2989
2383 3118 4068
4128 4369 3674
3264 4785 420
4579 4743 1833
1515 3219 1418
1765 3908 3869
1906 2150 2040
4079 4308 3212
2965 2993 3217
3732 4879 4280
3599 3671 3838
3538 4521 62
4507 4716 137
799 2569 3355
304 2829 1168
4645 4785 2307
1694 4823 1173
2937 3435 4702
2302 4260 4943
820 4318 4719
3173 3656 4821
261 3667 4055
602 4868 3778
1184 2967 2129
1622 2457 3065
1318 4474 3224
1032 2925 2903
3082 4094 1043
1753 4850 4581
2469 3877 324
4972 4975 1105
4949 4987 1142
2041 3854 802
3611 4583 3426
586 1134 1750
1258 4489 4546
147 670 3472
3878 4680 1599
3783 3841 1732
1034 4855 741
4238 4762 759
3585 4320 1251
4969 4998 929
4383 4850 4600
4603 4898 3704
3273 4453 1503
2062 3848 2060
589 837 4367
4052 4108 766
2287 2936 4900
932 4260 1937
4465 4651 3225
4785 4950 2071
2258 3264 2941
119 3432 4351
645 1345 1869
437 837 535
3284 3795 499
4133 4858 2153
15 4668 1739
4681 4735 3283
3389 4334 1037
4460 4466 1327
1230 4772 3551
1883 3232 2715
2419 4254 4234
1008 1336 4476
1213 2540 2318
3039 4910 243
1514 3905 373
4995 4997 1976
2289 4805 4748
155 1876 2389
1837 3410 3581
3562 3695 3135
463 1693 1339
1350 2376 1904
4240 4419 853
497 3984 4331
2181 3773 901
3717 4977 4872
4061 4262 1263
4368 4645 1944
605 3525 2722
3273 4772 4689
1479 2097 1007
1931 4712 2633
3413 3919 4900
3311 3460 2077
938 1308 1797
4880 4972 4929
1175 2075 1845
3833 4248 665
2726 3055 78
4706 4922 4146
3786 4362 938
621 4297 4640
941 1533 3491
2592 3001 4648
1541 3550 1246
3515 4830 4032
4784 4846 1382
4832 5000 3519
4832 5000 2271
215 4694 1255
1419 2495 2333
1768 4738 2348
3974 4742 4779
50 3832 4889
4043 4421 142
149 3612 2781
825 1468 3488
2694 3839 3467
3897 4389 2887
2919 3001 2739
3583 3583 1222
1870 3678 4067
3509 4805 2338
1767 4417 1894
4102 4966 4261
4370 4538 4113
1218 4307 3709
1489 2312 46
1244 4760 2038
1534 3616 2801
2695 3553 2177
851 2587 3285
4448 4850 4890
1597 1908 3241
1980 4977 4488
3808 4187 1891
3309 4640 588
472 618 4928
3532 3670 1647
4284 4354 1990
3924 4498 4829
3175 3660 289
3796 4761 2470
2943 4143 2506
2189 2860 511
1448 4548 2785
1028 2983 820
884 1416 3900
4308 4675 4711
1536 2331 3870
4111 4483 1109
1206 3181 4953
1169 2824 1233
1479 2235 3556
1535 3326 4413
2860 4329 3237
2405 3678 52
2108 2909 373
190 3033 2134
2848 4338 4586
2850 4582 707
3683 3816 2789
2525 4472 4066
2278 3576 250
1210 1735 2478
1939 2063 978
3094 4676 1506
1152 3365 3605
496 2092 2422
2584 4730 706
916 4267 901
2692 4411 366
3970 4930 1316
262 4632 2130
2323 4336 1665
1601 2934 2143
3479 4242 3494
1279 4489 1022
4937 4981 218
2807 4347 2810
3347 4047 3243
4783 4999 4507
2279 3678 2598
11 1853 3321
4069 4435 2404
4556 4947 3879
1439 4243 2470
1283 2944 653
1630 2771 1206
4669 4713 2749
4348 4651 4747
2701 4466 418
335 4994 4769
3881 4661 3740
3520 4238 775
751 4687 1631
1405 1727 1508
1913 4499 3356
2395 2853 864
1812 1911 3417
1204 4363 1996
1938 4530 1944
3524 3901 1583
4373 4758 2140
2747 3772 728
2474 2635 4667
2657 4301 3140
3153 3329 4939
4847 4956 2447
4179 4220 1754
435 3958 3385
289 929 2395
1269 4521 4257
4044 4658 2544
2514 2520 1355
2762 4919 1758
3520 4096 3071
2735 4559 335
346 3057 1820
2686 4432 4923
3908 4798 57
1945 3358 3859
1412 4359 3488
1425 4579 3395
3060 3750 3607
3341 4078 2171
1506 4497 4492
4523 4922 1519
1463 4957 4507
4456 4794 2459
4437 4663 495
2237 2613 296
49 3401 4912
4316 4815 790
219 2590 4406
4510 4797 2814
1328 3691 4616
2398 4503 605
2613 4640 3727
989 3367 2600
3278 4336 2303
3509 4869 4084
2812 4000 2696
3945 4071 1667
4154 4236 4821
2820 3614 1588
1070 3246 3912
1364 2603 4084
1730 2693 4373
409 1911 241
2243 2739 2659
1415 1820 3887
1729 2034 3717
4348 4424 1095
4102 4403 784
4235 4965 4557
1310 1920 4493
4373 4562 4372
4733 4897 3252
3069 4943 2820
2161 2686 1740
2065 3509 2426
1737 3155 1514
998 2539 3011
1797 4916 418
4273 4791 3216
2833 4470 3486
2490 3836 4296
134 2547 4292
1484 2212 268
3216 3918 4779
2406 2492 3886
735 1501 1711
4579 4876 4920
4292 4755 995
4001 4164 4827
1260 1650 4125
2337 4915 4131
3539 4584 3744
243 417 729
47 1036 2292
4189 4409 1404
1454 3066 4850
645 1322 4508
3385 4627 3158
4900 4970 717
1621 3343 1630
3287 4261 3499
3496 3734 515
3033 4301 3340
2835 2941 1756
344 3926 516
349 1506 2926
3499 3547 4061
3929 4716 1181
4237 4591 1692
1949 4368 2913
803 1868 132
3523 4466 1719
377 1751 425
463 1900 2036
4765 4928 4482
2257 3391 2548
4659 4848 1666
4728 4782 3515
482 3083 2762
193 4471 2441
4421 4800 976
3409 4932 154
4461 4823 4027
466 3716 1467
346 4035 1726
1437 3177 4249
4805 4811 2662
632 3091 2095
228 2056 1619
4469 4535 4919
3560 3696 154
3072 4217 4368
4549 4734 3316
2447 2602 1073
3112 4763 3986
4158 4588 2141
1471 1913 427
1864 4520 3597
3427 4880 1390
260 758 2726
1687 3774 4728
591 624 3860
4834 4952 3745
2088 4861 3239
3158 3945 3411
840 2955 3262
3773 4149 4378
1084 2785 434
2244 2854 3161
2674 2803 2685
836 2273 4006
4039 4500 1459
1672 2453 4930
4726 4968 966
4987 4994 3224
948 4819 323
4825 4940 4887
866 1756 2941
1557 2472 4905
4570 4588 1629
1772 1972 4907
622 2134 2505
3682 4127 1686
2591 3946 1576
4308 4837 4213
379 811 13
4271 4967 425
3121 4537 813
4755 4768 685
4716 4850 127
2094 4973 4627
3594 4353 1378
291 3514 2073
851 1011 3524
1924 2452 3406
3384 4589 101
2457 3725 2055
4064 4307 937
1307 2091 1522
1748 2300 2482
2010 3440 3191
72 2045 4727
2531 3136 3479
3515 4906 1879
4975 4975 1979
1239 4188 474
3336 3837 842
112 3809 694
1657 4597 2139
549 1267 49
2773 3167 3901
2325 3257 2303
1321 2282 4734
3680 3877 1766
2095 4193 1418
2149 3822 523
627 2370 1431
1812 4420 4055
3292 4667 1733
3447 4197 4165
1566 1925 564
2677 3826 938
1871 2263 3078
722 4468 372
4306 4925 465
2078 4158 2772
2043 3557 1940
608 748 2603
667 3969 3075
3370 3677 3012
3773 4390 144
2272 3428 972
2277 4046 4397
1013 1026 2298
2754 2912 3252
4458 4848 4144
4197 4779 2647
2756 4390 4610
3048 3614 4633
4187 4280 450
83 2753 1144
4027 4210 446
1047 3596 1608
4757 4978 541
3066 4887 3156
2513 4542 4194
1989 3272 2255
3349 3481 2261
4278 4406 3525
3974 4999 3083
4161 4853 4885
1601 3848 4355
3171 4000 4980
894 1776 807
21 4089 4887
2701 4522 1712
321 2966 932
1594 3495 4303
4581 4759 1484
25 2031 1714
4779 4896 4326
2182 3531 3249
20 3491 3828
4624 4673 199
4488 4659 152
2563 4518 3790
1859 2576 4437
2064 3560 4574
4051 4972 4811
2737 3452 2023
2634 4164 1641
1277 1676 2515
939 2971 4094
2370 3876 1842
4762 4827 3919
3580 4040 3568
376 2060 1344
4762 4802 4516
4761 4772 564
1575 4107 1940
2698 4765 2309
4157 4349 2674
375 1385 3629
3114 4382 3408
1060 3518 2375
347 2028 4370
639 1040 3994
2150 3156 3668
1221 4046 1820
3227 4130 2073
2070 2308 2944
643 1339 3892
3657 4076 21
2911 4225 842
1166 2493 3421
4579 4675 3702
517 1822 1375
3662 4612 896
3289 3881 492
1211 3217 3550
3674 4100 1233
1022 3757 3495
4770 4934 2922
2238 2545 4872
2972 4254 3801
2075 3411 4203
1206 4589 844
1602 2814 4658
333 1754 192
2616 3808 2889
4971 4991 3461
1220 2611 1037
3780 4500 4759
4203 4224 255
4348 4774 37
3789 4383 896
1053 3920 2532
1375 3572 2606
644 1657 1670
1825 4149 4988
3981 4965 1202
2694 3018 2986
4846 4970 3771
4433 4590 1251
3231 3274 352
3517 3783 1652
2070 2724 339
4506 4867 988
1361 3496 3675
437 3398 3087
4882 4904 1180
2709 3768 1714
4084 4388 4439
3666 4330 638
2063 2796 3917
2312 3053 1714
860 4032 1342
986 2570 2550
2158 4777 2056
4087 4323 4756
3263 4675 4276
3716 4760 1706
3755 4743 4677
4265 4753 2457
4813 4964 1381
434 1830 4540
4081 4197 2339
399 4354 288
2932 3932 4963
2851 4808 517
2106 2153 3444
4327 4999 2921
4469 4761 4780
3601 4864 1506
3556 4162 2847
4562 4872 4938
4166 4589 1709
3898 4897 3539
2286 3939 626
2617 3051 1742
2952 3249 3506
2474 2910 4409
4546 4945 2094
2553 4446 2790
1141 4339 1018
3999 4278 4891
4914 4975 3204
1315 4873 2388
3168 4229 3010
1500 1513 4615
3551 4806 1090
674 3458 3134
3963 4263 1694
3246 4896 31
2913 4740 2332
251 2481 1661
1992 2754 2815
627 4666 1792
3874 4742 3056
861 2828 1903
4992 4998 2194
1497 4643 437
3438 4482 1210
3383 4933 3763
299 315 306
1246 4412 927
1543 4253 4558
4711 4803 3602
4013 4613 685
4284 4855 2816
3946 4709 1906
1930 4213 253
118 354 1466
4316 4903 2150
380 2281 1248
3436 4725 4158
3386 4550 970
1214 1690 281
4545 4561 1328
4451 4850 3187
1545 1754 4040
696 4812 4707
1045 2341 90
1346 2996 446
4332 4578 4949
4229 4241 2535
2948 3684 1122
1961 3660 2231
2531 3869 918
2591 2679 3666
4155 4456 1684
1977 2775 1728
2913 4619 2867
2410 4233 3833
2818 4917 742
1391 3987 3801
4880 4900 2630
3367 3693 3491
675 1928 4730
461 4506 3576
1646 4319 2720
2725 3622 1154
2725 3448 1492
1295 3480 4516
329 3441 2991
3892 4176 4136
2676 3309 640
2720 3781 3121
3994 4056 2831
727 4062 2338
337 3410 4437
204 3763 4533
1434 2441 2124
2313 3886 2667
2624 2800 2866
4201 4830 1716
1869 2803 1568
2491 3913 799
2417 4203 4603
1268 4732 3659
1498 3734 1457
4274 4554 2969
1126 4543 3967
1096 1968 1083
1627 1726 986
2843 4956 3162
3689 4320 2927
1386 2163 2615
2940 3148 3657
3296 3839 168
2513 3984 2914
4636 4891 3044
2196 2562 4362
3077 4428 2893
2954 3030 3652
4190 4724 3583
4216 4930 1868
125 1971 404
1831 3337 4774
2640 4107 4800
4534 4756 1359
1369 3368 4797
2355 2852 284
4179 4336 2078
2318 3993 151
2212 3559 2403
4185 4661 4973
2145 3066 791
1614 1819 1647
4199 4560 1831
3229 4756 2802
4918 4951 4577
2855 3197 2101
3053 3719 4812
4964 4973 1752
2822 4526 2229
1608 4357 1893
924 4272 4627
967 4625 1963
4594 4627 3167
3176 3431 985
3591 4233 884
2067 3366 4154
4336 4833 4127
1846 4522 2076
292 2857 3931
2148 3338 2869
3012 3724 3277
1360 1793 3470
3114 3827 611
4878 4905 593
3009 3955 4655
3873 4596 4943
2084 3250 3900
2623 3261 2765
3566 4871 987
2313 2982 1571
4034 4662 792
2148 3299 4057
2286 4677 4085
3032 3723 3900
2358 4706 458
606 4532 4425
795 3695 4864
347 3120 641
1160 3435 4261
4054 4562 2338
2015 2631 4664
361 1841 1376
4550 4637 619
179 3208 459
3587 4438 2034
4776 4930 1489
306 686 33
3629 4847 4251
1978 4655 4423
2647 2991 1136
4850 4934 11
407 3889 1850
4874 4878 3158
2426 4651 3755
1110 1635 3800
2212 3611 2333
174 4542 1080
65 2399 4993
1929 3669 2589
4747 4849 1969
558 3217 2412
1768 4151 2598
1009 2905 1490
3786 3888 4116
4506 4930 3587
2627 2950 2631
3824 4512 4168
1184 2973 181
4134 4771 1096
2588 3840 1345
919 961 3603
1791 4976 3078
3280 3867 2503
2342 2411 2285
1719 4538 2533
281 3699 1375
69 824 2509
4410 4591 2134
1112 2904 1654
4371 4569 749
2421 4602 383
2630 3554 725
1247 1564 1491
2196 3707 528
2955 4550 4828
1329 4792 4291
2662 4480 3681
393 2998 3648
2331 3994 80
3244 4268 123
2484 2547 4500
3918 4482 1531
4356 4515 4147
3826 4966 993
4811 4830 404
4016 4921 4538
1858 2909 1796
1959 2544 58
4324 4693 2493
113 1983 4669
4811 4968 867
356 2386 2029
4088 4577 503
4271 4451 1614
2135 2823 4921
4309 4791 3175
1251 1909 3653
871 2355 1243
3614 4668 2288
1883 2643 1171
4871 4987 1514
3074 4133 2141
4446 4977 3531
399 682 2787
2247 3334 1734
3617 4863 1310
1635 2897 4730
2114 4442 273
4179 4406 649
1953 2727 172
361 2680 3088
691 2803 610
1220 1829 4948
2726 2927 4123
1328 4062 4409
1019 2392 4814
2101 3464 1187
3872 4928 4270
1031 3640 4129
3470 3845 1575
2063 4300 4006
2996 3477 4544
2171 4230 2843
566 1409 3604
4607 4818 496
2380 3723 117
170 3533 4548
3043 3469 3455
2131 2780 127
839 3040 1751
591 3715 3673
4705 4924 492
617 4849 816
2945 4124 2048
412 2104 4293
4832 4832 210
2025 4613 2289
1961 2333 379
4177 4976 1317
268 3309 2363
3178 3917 1751
3600 4928 1868
1250 2351 4767
3526 3958 1130
3404 4306 1147
16 948 2428
4874 4890 1201
4087 4512 3654
2449 4018 4274
1434 4644 4402
1108 1171 1129
821 3115 3974
2629 3336 4005
1945 2740 4016
4323 4620 2109
4331 4576 3492
2216 2364 4673
608 633 2851
4924 4971 4937
1158 3137 21
2307 3984 1079
4319 4646 4580
2270 4263 3127
1113 3766 742
3699 4185 2866
1428 2523 3205
4240 4787 2561
1525 3705 1017
2659 2724 925
1540 4166 4124
1656 2867 2190
65 1568 2492
1730 2854 3875
4821 4878 200
1669 4920 3066
1330 3552 2029
1737 1892 2434
4846 4950 1544
3825 4529 548
1583 2883 326
2654 4559 3948
1591 3612 2496
4957 4978 3473
1547 1684 2469
4985 4991 1613
4298 4865 4617
4691 4773 1352
1288 2144 1255
218 911 3716
4358 4504 1009
67 2231 3356
3060 3225 2499
4042 4957 4163
4673 4931 2125
3920 4968 1635
235 4454 1024
4047 4380 2573
4801 4939 2980
645 4538 2160
4617 4658 873
2195 3569 4168
3071 4141 2362
2983 3216 2917
3011 3780 1388
2651 4455 4478
1403 2119 2083
1082 3926 4298
1700 2117 1344
3524 3922 2300
1618 1671 2745
4466 4923 1608
712 3972 379
4131 4153 2294
1779 2976 4835
539 4919 463
2301 3506 3033
3594 4346 6
1885 3805 533
3044 4009 479
3414 3904 1700
1414 4851 4661
4707 4739 2275
2397 3197 403
350 4868 3887
1124 3081 2268
4791 4914 3249
3083 3301 2468
1246 2956 4156
4308 4821 48
4542 4939 3858
3206 3695 1276
4271 4961 976
4893 4898 2332
2841 4849 4094
2897 4343 1239
4182 4461 3855
3752 4654 543
4570 4677 1280
1747 2058 3089
4161 4673 1687
4826 4977 2713
1078 3398 4971
4477 4978 1752
1092 3737 1218
3748 4570 747
505 2485 2100
3939 4657 2189
777 3793 2057
566 4459 4704
4789 4911 1641
1614 1883 2555
2778 4805 4919
4257 4675 3674
1514 4027 768
1320 2675 499
316 4822 3689
1651 2905 1003
4184 4771 480
2785 4717 4768
1618 4452 2916
1818 3640 2332
4577 4664 4080
1480 4876 1665
4887 4887 982
1566 3913 774
2174 4662 4245
3300 4588 2352
3006 4056 2593
2583 4165 801
3583 4269 2916
3423 3553 2493
716 2621 2591
1498 4851 2684
4439 4797 601
830 1967 2723
1717 3497 2110
1753 1933 3733
4651 4670 1708
3324 4632 2419
4682 4768 410
3497 4823 2590
355 3424 86
2619 4691 4088
111 2946 2455
674 2037 1563
1469 2858 3146
1074 4122 2464
3743 3781 3914
4271 4707 4207
719 2326 2617
3811 4683 4444
4641 4812 1805
3373 3459 1883
1433 3318 4862
4085 4845 1215
4302 4673 4370
1160 1952 4658
3015 4787 2001
3909 4970 1854
3235 3418 4631
1736 4576 1896
620 3369 1576
647 1808 1033
3560 4595 3792
990 2539 2997
2143 3272 4087
2463 3937 3445
3277 4897 27
805 3709 1012
3544 4330 309
263 3640 2388
1073 3694 1035
4265 4983 4240
3180 4277 858
3198 3365 2036
1811 3780 1810
3026 4236 1531
1223 4954 1350
3447 4140 3401
1244 2247 1657
1300 1504 4385
3239 4690 4414
4071 4778 4854
3991 4372 3471
1768 4196 2441
2538 3903 1159
4588 4686 1751
1090 2950 927
1666 1681 2027
3764 3795 2349
3916 4004 3201
3241 3516 774
4165 4471 3179
4827 4931 3119
1635 2276 1759
83 544 2777
317 3919 2353
2925 3480 3420
3988 4561 2896
4058 4500 4343
1036 4532 3561
1049 1254 4316
4567 4896 4253
3618 3730 540
3801 4741 2993
3623 4785 1761
1726 3063 814
2856 3696 4691
2295 4268 2779
1815 3104 4946
4887 4948 3782
2460 2469 1790
3779 4545 1416
3616 4015 326
1270 3342 282
428 3047 4229
3895 3928 2480
986 4026 2613
4374 4861 3740
3520 4535 86
1249 2353 1119
1844 3316 1372
3222 3964 4477
1089 4301 2913
4592 4728 1506
3034 4843 2663
2300 3276 1376
762 4721 3603
1204 1778 2740
4354 4437 779
186 4359 2912
55 917 1950
2685 3387 549
2859 4716 2075
549 2586 791
2064 3866 2621
2792 4414 145
4809 4840 4853
1290 3552 169
2734 3262 1399
127 2594 1126
1422 2043 1966
4493 4863 218
4515 4751 1296
1098 4466 1287
963 1793 3368
4880 4938 1306
4465 4868 4775
1330 1874 4621
1443 3901 576
2741 4905 3062
4909 4954 2248
4290 4816 4009
2605 3655 3124
4828 4964 1340
1625 2769 501
1644 3094 389
4580 4972 610
456 4967 1102
2761 3550 1821
3052 3976 1276
2645 4320 1287
4756 4990 930
3456 3890 3792
3298 4822 1856
2685 4130 2923
2407 4247 1404
60 4727 2407
4047 4098 4076
1644 1921 2865
2659 4457 1592
1344 4868 2341
2521 4883 214
347 1571 3887
423 2389 858
3165 3261 1038
277 4279 624
1548 2568 3734
3851 4823 1349
2921 4837 521
1074 4489 4492
184 1579 4422
988 4491 4797
4553 4713 1080
4313 4666 123
2819 4173 2985
3556 3973 495
2844 3817 3095
3145 3569 3667
4634 4959 4655
2990 4112 2298
829 1170 2830
402 623 2757
3232 3498 2514
1275 4098 888
1741 4615 4137
1158 3708 3739
534 4721 2815
1841 2952 704
4184 4758 2897
2086 4631 3726
1266 1794 1709
3446 3894 2968
133 1086 158
4224 4717 3181
4510 4869 227
3339 4420 1351
1989 2450 4925
3813 3874 122
2642 3550 1531
4238 4440 2722
2189 2819 2733
520 4788 4335
3645 4435 4258
173 3935 4850
632 1628 4185
1686 4848 2772
1316 2836 1860
2413 4509 3063
1846 2948 688
995 2651 3245
1051 4803 4991
1628 4460 4139
2081 4707 4741
219 1226 4533
1751 3115 1023
3905 4111 4757
4979 4993 789
3094 3560 666
4248 4358 1721
728 1735 4061
4548 4757 157
1575 4294 3492
377 4056 957
3586 4229 3454
4256 4671 4340
187 1723 4360
3297 3975 860
2241 2559 4144
4052 4983 2414
3280 4427 1846
4290 4733 3295
844 4914 1466
806 2032 4003
3865 4961 3244
2821 3886 60
4941 4949 2227
1154 3405 4393
3576 4772 533
2981 4772 3991
4598 4898 921
651 3526 3677
4301 4688 4580
1949 3190 3671
3625 3843 891
3130 4962 3648
1974 2025 2485
3323 4884 4666
3119 3339 4708
4930 4972 2526
1872 4518 3302
1554 4748 2452
277 1811 778
2722 4050 2122
1783 2484 2812
3422 3787 4751
1969 4855 728
3495 3982 3466
159 4249 227
3782 4791 1518
1723 2725 3903
3976 4500 3201
1042 1902 194
4138 4896 4262
1187 2897 3043
1648 2482 1130
4227 4996 2072
1376 3958 4423
4111 4632 332
4272 4864 4282
1425 3628 1401
982 2670 1674
1716 4743 1773
474 3280 3312
1794 3864 1147
585 4718 4308
1701 2201 3176
3702 4861 24
647 3855 4619
248 1008 1819
4289 4951 1933
4026 4072 555
1809 2373 745
4568 4955 4169
4630 4704 4252
4822 4829 2691
1504 2275 4079
3203 3781 1264
2887 4469 3092
1544 3008 2765
190 4009 1402
2990 4804 3154
2631 4503 2157
1196 3480 4974
3959 4283 2758
1553 4131 3697
609 1086 3735
1204 2046 4475
3470 3780 90
1954 2587 2049
4680 4849 3455
4808 4981 4396
588 4382 339
3203 4676 4791
336 3449 4602
4076 4324 2059
2831 3774 246
2635 4205 4971
4733 4879 3569
1561 4715 506
716 3438 3661
3774 4803 1614
4569 4812 2363
3634 3656 555
2538 3648 3736
1480 3128 552
1576 4970 188
3749 4701 4120
1787 1835 1817
2573 2969 4135
4961 4975 4499
511 4919 4771
4519 4597 2546
1833 3817 1320
2786 4599 4403
3359 3746 786
2905 3179 2620
3781 4649 4048
3184 4772 4882
3311 4247 4160
517 2964 2902
76 4155 1359
181 4546 1675
3615 4293 787
646 3001 2985
4499 4994 304
1276 3576 4246
1297 4524 4960
3827 4028 2584
2788 4282 4714
1062 1223 2286
1726 3074 2966
4520 4678 4688
292 3540 1263
890 4867 3854
2631 4254 2265
282 2160 3848
641 2361 4406
504 1525 1086
2851 4057 1497
913 4379 1936
2993 4398 4550
3214 4161 3874
2833 3715 2187
3444 4382 344
803 4921 3722
879 931 24
1488 3314 466
2184 2824 4640
2563 3615 1815
2801 4068 3202
2221 4325 2091
4923 4966 1200
3060 4032 1678
1846 2866 4506
1701 4186 4006
343 2321 3244
4575 4609 892
3044 4660 1991
725 2140 837
565 3251 4676
1787 3225 4302
231 4745 1202
3614 3772 2175
2784 4335 1444
1889 2439 1348
4469 4727 1073
2780 2783 1024
2863 4409 2065
1249 1465 3411
2357 4641 1180
628 2671 2412
2259 2442 2692
3883 4091 3532
4449 4482 3688
667 1786 2531
4842 4947 2283
2283 3896 4272
3902 4910 1408
4573 4909 140
3698 4924 4575
3490 4679 3550
1574 3435 204
4744 4801 1301
3191 4248 1642
1732 4968 4909
4221 4328 4238
2817 4491 2916
1663 1961 789
3605 4864 3791
3864 4690 3064
1101 3345 4505
425 2174 641
4764 4906 4313
1852 4800 2704
571 3954 1854
2166 2905 4941
1413 2354 3350
670 1715 3656
613 2833 434
2142 2960 1599
772 3837 4459
10 4659 4617
53 4031 3763
2380 3822 309
2983 3492 1333
981 1257 320
3281 4190 2729
3096 3466 3276
933 1114 4398
3711 4927 1189
1273 1318 4969
4776 4974 2808
68 960 1296
2197 4875 3096
1456 3439 4413
4497 4932 3491
3446 4288 2216
4497 4951 3735
3354 4665 4890
4170 4561 3823
620 4205 1801
4065 4530 1515
571 3721 1153
3797 4257 4666
2176 2544 2536
1294 3763 654
4118 4597 1773
82 1773 885
3938 4525 4139
4905 4933 346
1490 2972 3860
1511 4753 2554
4759 4772 940
4220 4751 4674
3200 4356 1826
2046 4361 859
1762 4802 1784
4848 4980 1234
3356 4158 3469
2996 3412 508
110 4889 4948
620 4019 3229
4756 4976 3404
1004 4201 4972
1187 3639 1851
4278 4953 749
689 3078 2359
1277 3442 41
1136 4811 190
1199 3028 1458
1996 3244 3383
2746 3177 2349
4188 4374 963
1190 1791 4740
4718 4914 4225
1006 1590 1200
705 3499 4628
1640 4349 628
2203 3356 1552
1539 4887 3578
1597 4337 4254
4758 4914 3350
3745 4708 4871
1375 3338 4270
4269 4957 3062
4244 4393 4604
1094 3611 362
15 3364 894
3700 4191 2968
983 1955 3044
546 702 875
606 997 1722
4119 4271 2267
1134 4204 841
937 1374 3150
2447 3949 1728
1580 2669 2368
923 4919 3264
1035 4337 3647
1647 3931 2998
1060 4490 1215
4699 4839 1381
4129 4932 4198
852 2652 1345
4422 4422 673
4946 4963 1297
3685 4326 857
56 4379 1986
3525 4172 2537
1805 4875 4214
3262 3468 1136
4640 4878 2878
3194 4390 1175
4635 4709 3527
1707 2287 647
3945 4691 3631
28 3275 219
3997 4611 3500
4838 4992 3568
3036 4704 480
3514 4121 3189
3121 3681 2499
3774 4015 4837
4024 4789 3298
4046 4733 3135
3792 4897 2996
682 3502 2713
4518 4624 3633
1917 2604 1896
3969 4271 4265
3634 4234 4499
2212 2223 4471
3514 4379 4574
3293 4696 4760
4546 4829 2060
1498 4188 3790
2187 2434 634
4443 4783 3015
4784 4999 205
3430 3569 4458
3391 4311 4647
136 2355 3199
4547 4728 3518
4083 4939 2367
4142 4303 4062
4408 4972 3461
1963 4284 2675
4106 4299 675
1686 2684 4174
239 3551 406
1394 3657 3847
715 2311 3972
2393 4578 93
268 739 2840
3458 3527 3802
1952 2163 3059
3393 4939 3621
1599 2589 2568
2633 4159 477
946 3718 2650
1222 1331 2924
2781 4558 2463
3199 4449 2244
516 3044 4718
1898 2322 3159
508 810 754
4678 4907 2370
1658 4303 786
4951 4963 724
2331 4974 3851
1349 2368 4532
4808 4875 4144
742 1524 1326
1751 1803 1657
196 4501 1812
3102 3878 2244
4396 4474 1167
1840 2998 919
1031 4269 1538
1270 2459 4808
2424 4200 3825
80 1678 4935
1291 2182 4101
1087 2418 3905
2116 2531 4615
2413 2938 3163
1409 2557 4378
4021 4682 3844
572 4948 3866
3462 4085 1557
3056 4737 1551
3445 4952 4325
140 1152 582
2693 3855 4187
470 3555 4246
762 1180 4169
489 777 4907
784 1087 1399
2161 4363 2941
3970 4064 2052
4331 4578 1324
440 1969 4521
742 3483 2489
3103 3549 1877
4696 4838 2889
1203 3992 4093
155 1632 4116
3802 4477 3527
4891 4903 2907
4893 4913 2209
384 3172 215
2578 2646 2689
1974 4524 4622
1943 2107 3647
4893 4992 4521
4942 5000 3492
4728 4894 3564
273 1515 4201
2564 3879 4340
2939 3787 4398
1279 4001 2447
3987 4628 4
3229 3657 1389
4729 4975 1472
3572 3659 2661
2372 4680 4226
3769 4913 2697
2297 4206 818
2726 4207 475
3739 4146 2257
3406 4372 1904
3381 4251 3755
1424 4366 27
1559 4531 367
2918 4364 443
4057 4225 1629
2133 4985 4207
4023 4760 819
44 391 2474
4681 4982 4584
3168 4984 2834
236 4744 2047
4972 4986 2343
1718 1860 3826
4409 4648 1939
3435 3939 4127
4254 4991 1938
2265 3320 35
3971 4597 4599
2781 3283 3552
3562 4263 1029
2548 4634 4461
1095 4203 678
2228 4310 2467
2473 3103 3551
2357 2615 675
4914 4931 2810
3385 4071 4009
585 4350 2207
1454 4211 1299
2514 4241 3949
1677 4965 1103
1975 3821 1462
1610 4613 3318
3376 4124 4325
505 912 640
3609 3883 1084
2466 2904 47
1958 3159 987
1487 3409 4093
2300 4197 867
2294 4748 962
241 726 1011
3999 4078 83
574 3096 2884
2431 2916 3342
3762 4069 4004
2116 4385 2639
3470 4325 2249
122 520 2609
2595 4693 2634
4169 4813 650
1832 4604 3586
2650 3262 1564
4439 4859 2369
551 642 208
3315 4947 2332
850 1214 2266
2118 4893 133
4600 4789 1947
2350 4344 2531
4974 4977 701
3321 4245 2713
1601 2425 1427
4399 4945 2862
4221 4624 2485
4283 4997 1811
4311 4510 2133
4465 4704 2537
995 1542 2389
4194 4365 1726
1865 3886 3700
1968 2835 3845
2817 3134 1613
3189 4820 4243
692 4699 1995
3314 4983 3526
2683 3637 247
3186 3582 2473
1427 2429 3722
4427 4901 929
2833 4002 430
328 4272 2094
1478 2643 2911
335 1992 3304
1265 1406 1890
1766 4138 3696
2561 4236 3332
1790 2799 4017
762 3706 4044
3573 4032 4254
2889 3054 1022
1960 4449 2133
2411 2948 172
2581 4929 511
4809 4979 778
2717 2834 4431
4158 4851 4811
834 3047 4305
558 1601 3817
4635 4752 4939
4351 4444 1899
3981 4965 2887
3166 4639 1209
3220 4983 407
2721 3399 2999
3839 4920 1518
1666 4652 2449
4747 4879 4490
1263 4900 1748
1365 3339 954
4007 4313 2941
1483 2016 258
706 4675 1845
3681 4299 3377
3441 4623 4262
471 522 3147
3400 4678 2620
2654 3490 3126
2576 3398 564
3437 4410 1259
2780 4065 1915
2922 4967 3615
3883 4811 842
4457 4663 1215
2691 3569 1934
4481 4847 3034
1334 3210 1917
4146 4988 2678
3130 3182 3824
4610 4875 1948
4680 4976 2012
4963 4973 1857
639 2415 2799
1058 1815 2408
753 1779 4564
373 695 4740
4557 4844 1395
2612 4306 1391
2500 4328 4648
4019 4664 4772
3383 4102 3618
3370 3577 616
4333 4592 4621
4336 4762 1065
508 3678 974
2575 4253 2740
861 3332 1640
4867 4940 229
2724 3849 3786
3922 4344 219
2995 3323 997
1779 2927 3846
1281 1839 2082
1925 4104 313
4053 4568 576
3282 3710 3194
1704 4997 3410
1769 2682 3350
2497 2698 4886
3252 3556 4719
4270 4323 2912
216 474 4263
1876 3796 258
969 1285 4061
2070 3394 4355
1482 3728 2065
778 1856 4140
3443 4879 1633
3779 4586 6
4449 4595 2990
4887 4983 3364
2615 4552 4664
4050 4841 2546
466 3006 1719
4340 4515 2356
2086 4449 1501
2026 3406 1793
505 2715 3374
4157 4526 3709
2065 4941 1038
2042 3513 86
3608 4713 4922
1403 4438 2964
1829 2880 3835
1367 2966 4986
813 4277 4615
3324 4837 668
187 3726 4005
1315 3649 1618
3877 4827 98
3863 4824 1994
4679 4813 1657
4886 4953 102
1816 4285 2238
1679 4121 831
4879 4980 475
45 2453 1313
974 1834 3125
3340 4356 2474
4377 4857 4763
2816 3092 1453
2173 4642 770
4949 4951 1883
2239 3525 3841
302 1545 4556
2478 3881 3070
2807 3332 979
2820 4315 2947
3126 4966 1118
1882 3724 1988
1294 3841 4957
1135 3575 2873
466 3106 2808
4225 4977 1312
4694 4808 1020
4785 4864 4326
3272 3546 4003
1769 3444 1557
2454 2542 1306
2018 3079 3000
538 3106 79
1909 2958 2411
2858 4535 3732
1486 2025 1982
4591 4689 1549
1503 2790 1503
82 4436 2705
56 3661 4830
3756 4484 1420
1324 2055 2069
77 750 4664
2561 2613 2548
121 1581 494
3332 4176 1718
1001 1891 4457
4753 4822 2868
360 1760 1287
4219 4603 3912
2544 2931 1742
138 3580 1486
4921 4964 4921
3654 4156 4410
631 780 3869
1309 3445 4629
2082 3779 2755
2929 4110 2796
4995 4996 2905
3401 3553 3698
314 2703 613
4451 4895 677
147 2617 4603
1403 2632 142
4745 4831 2484
702 3400 2541
498 544 1671
2226 2946 4800
2309 4214 251
1313 4280 451
1032 4464 4959
4523 4942 95
3068 4873 1998
2639 4785 4414
1368 4781 4158
713 2846 3147
3190 4954 32
1062 2923 1119
1245 1739 2791
81 4760 1706
3646 4012 314
150 2488 296
1835 4180 4486
65 674 361
2026 4071 3612
641 1489 2852
3606 4534 4272
1551 2207 3529
2119 4918 623
3433 3617 1516
2985 3942 2191
3233 3978 667
362 1693 3418
2981 4627 1198
4469 4856 190
3299 3852 832
2009 4617 1214
3434 4254 4661
2167 3798 1662
1477 4886 1491
1776 2196 2343
3980 4892 2938
834 1286 1524
3394 4408 493
3693 4274 689
3935 4020 2776
1828 4815 4102
1356 2019 3344
3563 4855 711
4589 4703 3546
3478 3596 1557
646 1490 270
2944 4378 3747
2825 4047 3030
1832 4277 3974
3258 4472 352
3386 3490 2326
533 2661 4322
4937 4957 963
252 4218 3999
474 4059 4998
157 1784 1198
1870 3810 3948
3391 4665 1383
1037 1782 3583
848 3115 3446
4019 4533 3521
63 4833 4606
4475 4640 2113
3938 4696 2885
2560 4305 254
1293 4879 1449
2308 4577 3567
2605 4252 4984
924 1831 2460
4516 4556 3013
4376 4614 3502
4714 4925 50
4761 4859 3643
4586 4904 720
3244 3957 3141
1788 3150 2874
4789 4992 2060
2931 3573 4505
3161 3306 3767
417 1061 4565
4510 4560 60
3467 4701 1680
773 1847 832
2649 3021 2738
1488 2331 2595
3925 4183 1693
823 2235 2367
2700 3154 2985
3464 4975 2513
2363 4551 3497
4129 4559 4429
3726 4274 3287
3417 4535 1265
41 516 4800
1754 3843 2968
3492 4214 1395
2803 3631 4650
2858 4089 3405
3285 4697 4701
585 3096 445
4501 4871 628
620 1381 678
3870 4403 2766
1345 1719 1597
2950 3016 4406
2226 4829 1281
3223 4933 2831
3029 3509 923
2418 3379 2759
1436 2122 748
4459 4639 2452
2834 3167 4436
1343 3666 2260
1217 3349 1237
272 3655 1917
2614 3417 822
255 3137 3588
1982 4742 3926
3096 3477 2388
4708 4918 52
1339 1587 93
2850 4692 642
3279 4474 454
2072 4199 4789
4817 4820 385
2527 3686 4510
2603 2656 3075
4778 4838 214
3852 4954 1914
2416 4248 3668
3280 3932 2934
2296 4735 1473
4518 4877 2785
3639 4715 3438
2915 3889 1921
82 4675 2633
3723 4964 1580
4067 4550 1300
319 1584 4008
3498 4844 4644
1321 3201 451
4168 4491 1621
2058 2779 2068
495 2023 1272
2314 3447 1683
646 1933 1921
647 1649 2580
2742 4517 4398
9 4013 2874
3408 3696 3216
833 1309 1394
1801 4976 4607
4713 4820 1816
2061 4985 2898
2062 4723 3063
4994 4994 3433
3154 4565 881
531 3431 2280
1449 1672 1847
4510 4718 4971
1900 2825 504
1882 4243 798
347 682 2121
4412 4790 3754
4826 4838 2524
2280 3670 4830
1280 4545 1502
3961 4860 2078
2592 4104 517
3665 4584 2309
4499 4875 1680
1315 4837 3907
2533 3451 1292
237 4217 2320
2398 3216 1255
1363 4095 2511
4562 4798 2510
4815 4902 3611
1974 4070 80
2556 4624 3128
1445 2173 1861
4825 4967 2935
2074 2766 4394
2394 3090 50
960 4902 510
1485 2121 1733
921 3809 313
3694 4094 951
4702 4869 2724
4139 4656 3110
1209 4726 797
4970 4998 487
4740 4959 990
3926 4419 2694
3556 3632 840
2435 4771 841
714 2919 708
1840 3025 3540
1724 4369 3184
4598 4927 1455
295 1216 842
2999 3888 2706
1435 1980 3081
4952 4971 4425
4469 4594 1258
1525 3864 3791
922 3409 961
3739 4784 247
411 3206 1924
869 2134 2060
3630 4588 4801
575 4348 2059
676 1362 4764
3607 3769 3695
1403 2349 727
2072 3800 1039
4996 4998 3213
2467 3350 1689
1544 4672 1874
3174 3391 27
536 4323 2069
162 3929 2121
142 4216 2107
1187 2455 1371
2758 4770 960
4279 4690 1221
2299 2687 1255
2489 4882 4054
1170 3256 1376
2077 4343 4162
3849 4354 2003
3558 4180 1624
4466 4565 4237
1130 3233 850
1663 2530 2706
4480 4641 1157
4086 4153 606
186 3697 3531
3105 4177 2373
4443 4521 2319
2504 4245 4771
608 2306 4243
1082 4377 1139
4170 4439 2713
2884 3301 1573
275 3477 1732
2781 4331 692
2255 4521 4152
16 2192 1837
1005 2064 2016
548 4394 4471
180 1697 2178
1500 2057 291
1238 3759 4820
2885 4218 1360
1386 2865 750
361 2740 2704
3114 3752 449
1513 4233 4810
459 1033 3162
1865 3996 2001
1529 1569 321
1439 2652 1748
2475 4412 4261
4043 4451 3435
3331 4999 2930
189 4578 182
2110 3863 644
2209 2422 4452
2668 3278 2334
2257 3828 4736
1461 3200 1994
55 2325 1186
455 3583 3887
2947 4793 2753
534 2329 4817
2019 4607 2083
4454 4913 2949
1074 3472 2962
4112 4466 965
4128 4721 3046
3785 4084 77
2936 4231 3406
4791 4828 1897
183 2987 2153
3904 4877 1779
1113 1165 2521
3360 3827 88
2564 4380 1959
2776 3314 4174
4287 4830 254
888 4918 35
1293 3105 2183
3759 4330 992
315 2769 172
1315 4453 915
49 4257 4944
1002 3005 3193
4584 4662 2859
1419 3186 4023
4610 4857 470
4320 4421 3951
3746 4593 3153
2843 4534 4710
4839 4868 107
204 3973 4047
4335 4603 19
180 2288 421
3604 4770 44
3876 4524 4718
4097 4101 1880
992 3562 2349
1223 1769 1024
1563 2108 231
640 865 109
4488 4644 1096
4674 4745 3711
1541 2741 2614
3634 4759 2760
3092 3856 1911
2779 3253 4051
2137 3266 3280
100 1276 1836
33 2753 2625
2068 4745 1621
2017 2201 4868
4231 4853 1245
576 3746 151
4597 4828 3437
1987 2922 1390
2934 4184 1572
1135 2584 1620
631 2784 1720
4615 4730 3835
3280 3764 1801
3698 4778 4189
2748 4301 1525
867 2801 261
784 4269 2007
4977 4988 2248
3493 4645 945
3103 4694 537
4083 4291 1485
971 4731 4574
3366 3645 4859
240 4670 2780
402 4325 4604
1045 2713 2761
2325 3159 876
1107 4545 4881
1687 3992 504
4652 4701 2957
3877 4368 2021
4069 4430 3184
2773 4314 4613
3610 3661 3326
4485 4734 107
2133 4326 3599
627 4752 1054
3253 4031 2277
1317 3243 414
1093 2604 4201
2510 4533 3883
2946 4949 116
4297 4444 1846
4908 4943 4588
1056 4665 3387
3312 4882 365
747 1055 1080
968 1509 4369
2754 3713 4726
2806 3862 4710
965 2932 1320
4221 4514 2779
1078 3283 1536
1148 4464 1614
1965 4405 1542
1594 4265 3015
1836 2607 2118
1072 4065 601
2251 4094 1729
1371 2082 4925
640 4184 3346
2803 2859 1574
1837 2733 2421
4105 4313 1080
3163 3572 841
3098 4337 3718
2548 2774 934
3896 4317 4987
1090 3697 2437
366 4924 605
4292 4328 2700
2773 4707 114
587 3333 3531
4254 4755 1836
3820 4033 1955
2582 4239 3385
2264 2325 1165
1727 4096 3287
82 1343 1760
1766 4644 3493
4346 4714 942
790 1506 2585
3695 4235 1211
451 925 1710
2673 3452 20
4112 4662 1837
3242 3580 3521
2992 4779 756
4612 4794 879
4104 4996 2612
312 3266 874
2437 3767 105
3684 4639 846
4654 4774 547
2092 3710 733
4029 4521 4047
672 3869 2952
1743 3927 2807
3445 4650 2419
4388 4518 4863
1607 3364 3632
3732 3970 4997
4744 4807 2980
121 2718 3653
2580 4379 4493
4741 4844 1763
382 2664 262
2802 3646 4779
3236 4182 850
3320 3790 2346
2116 2419 4737
692 957 944
403 2662 4063
2786 4450 3859
4816 4845 3030
152 1809 2500
2906 3600 1660
1544 2974 2015
1412 2775 357
1627 2192 2679
4569 4634 4899
2445 4445 1516
1891 4203 4530
1181 4210 2826
880 1753 1956
2724 3442 4838
173 2544 4589
4691 4752 2896
1435 3164 1396
1845 2029 4061
3289 4521 1052
3315 4314 3173
4341 4708 2639
1889 2194 755
1744 2671 1145
755 4045 801
3885 4141 1163
1586 2061 2044
2558 3788 2746
3249 3906 788
1396 4687 4052
857 1112 2388
19 4748 3580
2283 2744 4071
3211 3431 617
347 1728 761
271 4432 4772
449 3847 1354
916 3723 964
4827 4846 3163
1767 1873 3605
441 4497 3420
2877 3135 681
2744 4105 1013
505 1107 2970
586 625 3638
1626 4503 2760
2041 3878 916
2904 3055 4933
1886 4334 1987
4043 4089 4021
1942 2118 2371
4120 4912 1600
369 548 812
3668 4056 3343
3129 4893 3937
1768 2513 3537
787 4924 206
3542 4929 4768
1000 1964 4368
1872 3601 1283
3525 4453 316
2808 4494 381
1774 3190 2905
4955 4981 2986
1660 3326 4878
1461 4691 2939
4124 4426 179
44 4099 4190
4430 4709 3651
4767 4999 3123
3047 3985 4404
1764 3036 4986
3392 4557 3388
4093 4665 3014
4112 4877 2500
3748 4510 967
2922 3233 1560
3551 3933 2281
3560 3951 4156
4547 4777 61
2783 4423 1303
2232 4536 4386
1426 2344 522
614 4917 2421
2125 3500 1956
4471 4746 3559
4926 4999 139
732 2028 4333
4873 4999 4280
642 2515 3059
3168 3754 3476
3580 3924 1118
991 3420 2072
242 2590 2143
3599 4044 3516
2460 4188 2075
4459 4955 2288
1396 2826 3129
2355 4664 1670
4811 4950 426
2069 3270 4177
3500 4967 3798
4918 4986 3136
3860 4324 212
3134 4110 396
1409 1472 2714
2326 3788 4471
794 984 2560
1095 2557 2779
9 412 4016
1919 3421 3695
1492 4937 269
4431 4891 2041
4528 4644 111
4163 4744 3554
717 3493 2207
4742 4844 1743
2968 3360 328
4979 4987 2484
1978 4983 4026
3328 3984 1324
1539 1818 4237
3787 4003 4171
3876 4482 354
4372 4731 1869
406 4882 599
3588 4219 2699
481 3684 4637
2897 3425 546
3189 3940 1961
304 3667 2143
3831 3843 4987
4837 4958 3247
3128 3705 421
4954 4959 3133
714 3195 4011
3208 4414 318
3971 4082 198
889 2138 4894
1958 2410 3688
2372 3408 3030
2962 3322 4768
4608 4743 1913
2282 4043 1785
3103 3729 1560
978 2056 2790
1332 1951 515
3559 4122 4585
172 1180 4899
870 2273 1592
7 545 4121
3665 4102 2899
4983 4992 2450
457 2612 1002
4186 4575 4744
3644 3885 2086
4482 4594 54
4805 4835 2866
4142 4209 794
845 4285 1856
99 2870 21
1403 4371 2951
2416 3691 1870
2114 3315 4362
4381 4848 3612
3478 4190 4405
864 2359 1962
1305 2928 4310
2330 3100 1122
4473 4725 4639
4776 4858 3786
4000 4086 473
1154 1190 869
2043 4594 1799
4128 4332 3741
4939 4982 3892
2474 2657 3988
3357 4649 2478
577 4710 2371
2033 2187 3241
2054 3984 851
1768 3653 1261
226 1540 2202
4294 4543 3656
2214 4170 3777
4822 4850 4030
2745 3368 3114
3999 4084 3982
611 3450 4283
919 4233 763
4923 4946 1733
923 928 2452
3937 4450 1109
351 844 103
3975 4109 2351
3602 4380 2032
2681 4471 1656
3291 4500 3151
3957 4617 2207
2413 2771 4293
2020 3116 3671
2633 3881 3930
2741 3492 3901
3366 3836 4535
787 3071 371
3134 3614 1177
3905 4858 2121
2130 4750 4673
753 1327 3924
3622 4956 2216
4280 4486 3663
1764 3076 2333
440 3467 3808
1131 1876 2746
4197 4215 1626
1334 4997 4206
1626 1751 3604
1577 4447 4602
917 4311 4388
4863 4868 2896
4927 4960 2173
2677 3276 3857
1724 3143 4114
3058 4545 667
3826 4130 565
293 1855 2546
463 476 3341
2109 2617 3618
2590 2876 2648
1751 4895 1268
188 3455 2558
3518 4185 1207
958 3328 2929
2795 3660 2906
753 2263 2259
1979 2163 3722
3795 4179 2960
994 1171 3818
208 1839 1901
2662 3041 1652
1822 3386 1658
3150 4894 2397
230 3454 4915
4984 4985 3259
1946 3654 31
3442 4090 1462
2051 3303 3643
1525 4579 360
4065 4963 1910
2082 4068 752
66 685 1776
1298 3463 1894
2800 4388 510
3645 3997 349
1650 4796 1464
696 4874 1174
287 2845 3000
4016 4931 1081
2442 4836 3122
280 851 2869
4597 4857 4380
3712 4993 4167
1734 2425 3523
538 1969 2838
287 3719 1906
2819 2959 195
4168 4683 1143
4271 4697 4326
1193 4788 726
4453 4903 2992
642 4326 1047
2524 3118 4465
3669 4822 1394
137 3184 3049
2901 3892 1473
561 2463 208
3100 4084 3125
2031 2369 2686
4902 4960 1614
1971 4482 1804
3711 4081 4085
2903 4185 1088
1080 3330 1629
2257 2833 1262
2302 3536 789
1396 4132 1253
434 3313 4541
4171 4410 4490
1428 3037 3441
418 2057 3401
15 3311 93
4048 4987 2558
2072 2592 2392
1250 1298 1935
757 883 2885
762 3987 4944
4768 4970 3517
3836 4848 2970
3120 4166 3813
1213 1781 2291
3557 3825 3508
298 1809 218
