5000 5000
2975 4195 1578
3217 4618 2831
1487 2132 563
3232 4587 1504
4742 4932 1018
4952 4986 3034
4994 4997 3948
1615 2366 1397
2514 3433 3106
362 1783 2538
1775 2152 1195
3898 4577 556
4556 4582 979
825 4950 3448
4988 4999 3348
3024 3108 300
2042 2791 1723
2044 4428 4674
186 3559 40
1687 2376 2861
3080 3807 3770
3678 4550 4271
2331 4343 3602
72 1316 3879
4595 4721 193
3558 4189 4311
175 1559 1171
4315 4609 4296
883 927 4788
1105 2327 1772
4799 4813 237
1480 2957 3924
4782 4903 4470
3741 4919 531
2500 3503 1377
1244 2456 4912
1054 4627 2622
3230 4245 2857
3660 3867 1143
4840 4927 4512
4367 4495 4878
3237 4102 3783
288 1661 2794
45 1568 1285
3329 3554 135
4114 4213 3188
4269 4821 282
2086 3847 1070
4171 4452 2696
4188 4406 2287
2342 4547 3612
4200 4655 812
3603 4180 3961
950 1813 2709
3367 4222 1730
3955 4213 1186
4320 4627 4793
1303 1688 784
2050 2446 1293
1506 2665 1859
888 4967 4753
1448 2269 1488
2212 3060 1417
2965 4111 591
302 1531 4513
661 1788 4326
4743 4905 4210
3383 4020 1994
2481 2677 1979
514 2339 141
2446 4132 347
1576 1850 2537
2904 4639 4235
1892 3767 254
4994 4999 4378
4840 4874 1669
2063 2471 1669
3326 4657 4163
2658 3094 107
1062 3276 3350
4749 4872 393
1260 3423 522
4634 4662 3189
4160 4169 1410
834 3505 4759
3506 4544 256
76 4905 266
292 4671 4995
2869 4028 1611
1881 4793 2118
1044 2315 277
2476 3468 2094
2699 4943 3769
2814 3757 4326
648 4223 3316
2792 3729 1727
1248 3895 389
2727 3203 3470
2719 4869 1819
1151 4849 624
301 1794 3524
4509 4691 1545
542 4390 73
3292 3550 4448
513 2384 3550
3986 4490 1995
4717 4975 1569
2082 2178 192
2159 2429 456
2550 3563 44
2958 3998 3373
2279 4653 3225
3077 4400 2404
4175 4516 2460
4623 4875 3302
3995 4471 1772
2557 2767 2238
1999 2423 3543
4441 4770 195
1625 2025 4737
1150 1767 1097
4456 4511 2922
2364 2473 4074
181 4695 2614
3874 4899 3325
3027 3869 4605
3115 3763 1243
3045 3906 1363
791 3803 1419
4209 4307 584
1031 1854 4266
1711 3340 2053
238 3935 504
2615 3751 2922
549 4417 2137
458 950 1792
3298 4307 2336
3800 4330 4936
1339 3332 4608
378 4188 323
3123 4570 4526
3944 4740 3099
1753 1995 4413
2123 3400 4350
2219 4479 1626
2575 4046 2536
744 2733 3068
2275 4832 3378
1102 3017 4880
4585 4856 861
3940 4938 1051
76 4538 1415
821 1674 3478
4893 4901 1076
562 3650 987
54 3334 3332
3998 4730 3624
1166 2697 2179
4266 4891 1255
1197 1849 70
2358 4778 397
2040 4917 4193
1209 4621 1637
1017 4416 3457
4774 4890 1849
425 3667 2591
945 3389 4911
384 2488 4831
1583 2663 2103
3132 3704 1833
3785 3881 3526
631 955 427
954 4568 544
2534 3929 732
1106 3649 2185
2971 4013 1328
2798 3811 1992
1887 2009 158
3932 4649 4639
3810 4720 275
2214 3215 2780
1075 4321 1988
367 2456 1860
171 347 993
2260 2453 1243
2043 4598 2971
4429 4643 536
1607 2653 2153
3066 3455 3430
1718 3070 2104
3310 4920 798
4516 4716 641
452 1176 1687
3796 4224 3964
3363 3440 663
27 692 850
2631 2731 2685
2028 2909 1415
4211 4409 2289
2986 4836 870
2618 3634 194
1611 3616 1440
3163 3521 2346
3506 4910 2965
4429 4683 1476
2466 3969 2106
3524 3582 3018
2850 3428 178
2383 2718 293
2329 4625 965
2019 3189 4145
3580 3712 714
1828 3735 31
4502 4996 886
2959 4071 4360
4174 4208 4502
4251 4382 1577
4669 4976 869
1736 2912 2990
436 3258 2876
2433 3909 4680
3268 3478 87
2917 4634 3869
4723 4734 4221
3984 4379 4116
3614 4938 2891
3416 3737 200
47 3442 84
2543 3187 199
594 2787 3768
1299 1508 2309
995 4000 201
3294 4942 1732
3005 3999 1100
907 3799 2194
3738 4308 3796
3745 4344 4300
4058 4154 4106
1689 4938 1161
4490 4997 3995
3406 4446 1469
2193 2509 1971
3374 4490 1348
4165 4208 3692
848 4742 1423
2881 3986 921
4641 4969 2945
4787 4895 3095
3791 4276 285
4989 4993 2047
820 1422 1073
1812 3176 1646
29 824 152
5 3125 3295
878 2061 4717
2061 3345 3504
4297 4785 2239
1949 4149 4674
4585 4764 1589
1701 3134 4084
1792 2491 2532
106 3323 4591
1001 2626 2120
1551 4593 4328
3700 3736 21
3304 4245 345
2222 3507 784
1718 3545 848
3554 3785 1605
1274 1625 1180
2407 4730 4003
4339 4601 3764
2680 4694 564
1914 2813 3780
49 2939 3468
4340 4772 1485
3268 4680 4514
177 1872 2899
1341 4087 4568
1590 3694 4892
895 2940 558
3198 4343 4310
731 4066 329
2158 2204 4859
3306 3560 3230
938 4683 2883
1145 4344 1968
4059 4811 1531
402 3880 2468
2510 4757 2476
936 3242 3309
416 470 2314
2020 4700 4377
4656 4949 2437
4191 4811 2553
3142 3837 439
4696 5000 1913
1532 2569 934
3090 3134 1121
2022 4440 3278
3054 4400 2415
3732 4494 1484
4335 4917 2811
4436 4941 4294
1843 4168 3893
2177 4366 650
14 1846 1200
2874 3486 2084
4283 4565 1049
3117 4882 1379
3696 3936 482
93 683 2138
1711 4416 2777
4160 4665 4091
1173 3448 2044
174 2619 1594
3684 4000 4353
2984 3468 4260
4420 4726 1045
1008 3954 2274
1655 3606 2739
1560 3782 4864
4404 4660 4537
2674 4494 1451
3483 4668 1805
4965 4987 3173
3274 3483 1608
2090 4943 1269
383 1674 3953
3552 4138 4400
753 1786 1659
3457 4287 3679
2781 4447 2058
2786 4810 612
2973 3702 3849
1108 3829 3835
2721 2918 2005
2852 3247 236
3991 4831 1526
1850 2372 3991
2152 4160 2844
3671 4465 3491
4634 4995 3534
2602 4772 4883
4097 4431 1868
4912 4995 1674
2179 3391 540
398 2134 2837
3857 4069 980
698 4789 3843
4553 4584 4434
1937 2401 4424
181 4675 1082
1493 4620 4155
3826 4386 2936
605 2160 1405
4313 4829 2633
3989 4137 3141
1025 3494 4031
266 1047 277
1635 1899 2873
4892 4981 3879
2538 4500 1874
652 4773 1259
2410 3690 3373
2572 3280 39
3428 3745 1239
173 825 4361
927 4107 4318
832 4191 339
136 4453 3638
341 2542 3926
2737 4812 2308
4792 4894 3475
3797 4495 1663
4225 4482 585
4207 4546 592
1835 4312 1569
1400 4551 4741
3769 4897 1614
4581 4716 2298
391 1049 3607
3448 3732 853
1766 2189 2951
3559 4291 4313
3186 4503 3805
4071 4582 1773
2739 4320 1925
2379 4928 2249
1664 2721 3745
333 4371 759
1659 4226 3679
1240 4369 3684
4846 4923 1572
79 441 2023
610 2891 2994
134 4046 814
4426 4670 2242
2168 4001 3812
337 3737 2102
4937 4937 243
2016 2953 1512
1179 1285 3473
298 704 3393
495 1563 3271
3357 4590 4077
3412 4216 669
3574 3612 4728
993 4215 2966
4390 4801 4357
1627 2855 3825
4810 4924 4857
2425 4009 722
773 4787 3592
4657 4847 458
2028 3171 3756
2811 3239 2779
4375 4377 2677
2995 4866 4118
2383 2879 3099
2777 3459 597
1937 2940 2470
3418 3667 4375
368 2974 722
4764 4893 4791
3386 4926 3899
269 4282 4411
4597 4779 3037
2204 3424 970
1398 4316 3042
2774 4734 4097
4371 4754 4030
2973 4059 3554
1385 1413 1876
2714 3455 3098
682 1116 3884
4302 4531 4704
2852 3919 2013
4687 4933 3357
3068 4347 4054
1922 4792 1169
2075 3357 1260
655 4052 387
4787 4916 1391
4911 4942 1286
3877 4961 1438
375 3212 3355
130 1274 4080
488 4060 2978
4586 4661 23
3524 4229 3906
1861 3294 4560
4190 4561 3973
2494 4970 2558
38 3383 3697
3412 4444 1386
1261 2117 87
3508 4750 985
927 3365 4444
2036 2801 4074
1468 4241 4155
2838 4509 4957
1657 2148 3759
2935 4664 966
4927 4961 4229
2572 2844 1595
4702 4870 2344
4381 4928 2165
3305 4236 2766
4111 4570 3555
511 2076 2852
2503 3977 3438
3036 3550 1915
3816 4270 3854
1655 2144 4172
3904 4321 3079
1197 1721 4621
2281 2816 118
4279 4365 471
473 3989 682
2914 4069 1761
2677 3658 946
2176 4429 4296
1238 3579 4806
426 4613 4700
486 3833 587
1884 2598 3114
4566 4941 3400
1511 3544 2972
563 856 3657
4893 4950 4518
2346 2372 1187
500 4830 1796
2260 3052 2086
3236 4837 1601
1656 3923 4409
4471 4868 212
4736 4916 4193
3482 4643 3242
1229 3071 2534
4871 4973 2093
2150 3749 2231
3210 3689 641
2488 2900 1662
4804 4946 3536
2762 3159 3493
303 4603 3271
836 2898 1576
4829 4829 3908
2944 3720 49
1532 4343 751
2956 4433 1587
2831 3433 1433
2709 4614 2892
1170 4292 1429
3529 4869 2647
4213 4755 4476
1024 4886 2756
2063 3792 4201
1490 1589 794
3433 4589 3438
2086 4091 2961
2245 3798 2695
4494 4789 1394
846 1426 1401
4853 4898 644
3549 4697 3940
2211 2734 1563
1017 1342 1955
895 4603 277
158 1845 2563
3705 3977 2205
266 3508 3864
3128 4849 2232
719 860 2603
1334 3808 2538
1997 2907 1292
2150 4995 1285
569 4264 1182
1077 4842 2462
347 2292 567
4635 4720 256
2922 4888 2324
3805 3941 3894
482 3495 3597
524 1126 4044
3341 3656 3650
4661 4774 6
820 3194 292
4535 4762 2382
4490 4820 4838
2944 3611 4395
940 2661 531
1571 2701 274
4816 4980 1193
1630 3008 2150
4154 4393 2412
161 4878 3553
648 817 3131
4581 4798 3984
3815 4104 3646
3971 4998 2054
1860 3299 3593
4633 4739 1985
3397 4734 2515
3711 4767 1266
2270 3535 3036
1019 3982 1713
1597 3238 1227
41 829 3319
4724 4842 132
2490 4353 1519
3055 4607 176
3677 4423 4789
3138 3209 3601
2518 3427 4686
3953 4718 3091
1320 2021 4710
390 1076 348
4337 4928 3015
185 368 3133
1514 2644 3431
3313 4874 1694
3142 4461 906
1117 4554 1641
2962 4069 894
3301 4747 1902
119 4959 1977
1799 2324 2637
571 900 2230
2386 4881 2930
884 1255 3620
4558 4591 2217
782 1053 4752
1739 4418 4285
3149 3655 2885
1885 4796 2528
792 2788 1053
4096 4967 3298
4388 4421 3488
2268 3894 4527
859 1518 2777
57 2514 859
4254 4577 3288
4351 4853 2625
1306 1670 4821
2171 4177 4897
184 2630 3571
1861 3461 4479
3348 3363 3277
2870 3770 3475
586 849 4671
649 2240 2752
4987 4999 3873
3292 4420 2000
4641 4993 4780
2756 4760 4039
15 2591 815
3660 4503 1915
503 4066 680
3815 4622 4884
4500 4515 1304
1668 2332 2536
3996 4649 2740
349 3197 2286
2815 4617 2148
1980 3794 536
2787 3193 2540
3296 3510 1728
2789 3086 2117
3598 4110 4714
3546 3767 2276
4439 4512 2734
664 4432 2724
2788 4962 3391
732 4183 888
3974 4536 806
985 3100 2272
865 938 464
1509 3377 3318
1360 2076 4819
704 1443 2596
879 4512 3723
1851 2766 4862
2259 4598 2154
4251 4297 2362
1990 3265 3792
3907 4516 1082
1057 2946 2194
997 1109 3374
436 1666 804
1087 3344 4096
4683 4900 2079
2311 3225 4524
3543 4072 87
3730 3763 4407
4950 4964 615
3460 3774 2878
567 2620 4220
1502 4661 714
2717 4226 1127
4711 4790 2566
600 1454 3681
753 2787 3611
1892 2559 2847
4333 4362 653
4991 4993 4919
4982 4986 3256
713 4976 4767
4503 4503 1501
2054 2767 4473
3760 4516 392
3180 4970 1925
2574 3232 1366
998 2801 4291
2596 3834 145
1026 2360 347
4606 4937 3418
1403 1514 3319
4447 4725 299
4510 4927 2068
4792 4848 3676
2257 2808 1183
2892 3930 3234
3684 4305 4135
3662 4038 1320
2849 4826 2887
1794 2934 2119
2911 3125 4684
2366 3698 4848
2348 4875 3407
4964 4974 139
1343 3550 2137
959 3890 3478
4877 4881 1185
612 1813 336
1773 4872 2469
2288 2533 970
2715 4998 2260
4240 4639 4606
2842 3762 1984
4762 4952 2866
3856 4616 3861
2169 2955 1602
3381 4756 4227
2704 3008 2311
2188 4301 3554
528 2205 1633
4383 4595 902
4837 4924 2246
1390 2502 2690
3336 4163 1525
4213 4940 2973
371 3529 2041
753 4175 102
2806 3853 2438
2568 3332 4853
2309 2860 4380
3144 3212 3068
2520 3782 3957
3035 4966 1632
3794 4013 2171
38 926 765
3473 3842 1983
1487 3058 4069
2131 4293 3416
4590 4939 932
2416 4070 4906
4542 4658 1959
3900 4867 180
1759 3942 4432
51 1781 2290
3920 4856 1806
2011 4159 3389
3657 4046 1579
3248 3983 3735
2279 4100 4475
4960 4987 2457
820 3487 4330
3886 4454 4084
2825 4894 4997
850 2641 1311
4198 4544 952
4707 4900 1277
1962 4735 3963
4644 4705 1196
4025 4633 3035
2725 3029 1747
1569 2182 4933
1778 2554 4621
2918 3959 4706
3153 4427 758
515 3110 4095
1983 2015 2401
2589 3087 4631
1325 3198 4934
3016 3479 959
1186 2961 457
4914 4991 3583
2580 4783 2422
1076 1676 4068
3671 3758 98
1543 4888 63
3419 3528 2089
2569 4311 4815
1134 3124 1008
3039 4732 3681
1438 2894 279
4028 4781 619
255 3551 2727
131 2090 2611
4712 4778 2120
2723 3155 1402
4936 4946 4431
4883 4910 3225
4565 4630 1883
1632 4970 4445
752 4390 4620
205 568 591
2026 2931 2468
1243 4773 2315
2128 3568 4192
3520 4260 76
1677 2739 3204
4581 4881 1563
1729 2232 1235
2748 4420 1024
4160 4578 4503
3477 3739 4683
2611 2872 2103
3683 4062 1311
667 2452 1394
4087 4518 4473
3365 4659 2717
3831 4533 1653
1116 4600 246
3231 3994 2273
2041 4886 3988
2786 4655 1376
1519 2449 4031
764 2254 610
4218 4807 4024
2048 3494 2512
4075 4174 1478
3296 4927 961
3364 3447 3701
2777 4448 4541
3443 3629 2734
3278 3538 291
3802 4819 275
1668 4305 3415
886 2677 1595
3323 3326 620
4423 4515 1056
733 1995 2056
1212 4926 3787
2828 3443 4952
3621 3806 3454
3127 4591 2841
1858 4696 3081
2689 4723 850
3264 4248 2080
2528 4179 1023
3675 4820 1348
4695 4853 4298
3199 3697 3873
2269 2905 2966
4906 4906 2999
882 4790 4122
3707 4157 1444
2942 4122 1043
4748 4801 2726
1746 4128 4259
4424 4559 3282
3201 3511 966
240 4831 1371
395 3752 2386
3718 4043 505
4990 4996 2249
3550 4599 1628
4746 4752 79
1064 4565 35
2760 3562 2055
2249 2358 2393
4177 4724 570
8 3213 2136
1762 2478 4998
1212 2030 2934
2698 3525 3832
4846 4966 2721
1326 4277 4208
1104 1767 3823
4836 4867 1657
3301 3512 3913
3465 3598 3671
2184 3967 26
2337 3649 2623
3617 4285 288
2859 3087 2855
3572 4573 3590
3866 4269 144
577 2165 1806
1246 2314 4409
1632 1899 3453
647 3624 3789
2659 4306 1609
594 661 2804
1954 2365 2236
1966 2464 3256
1324 3628 3857
1042 3375 274
3284 3336 3498
4331 4967 3592
3241 3535 1274
3950 4307 3040
4054 4263 3702
4660 4737 2349
2627 4608 941
750 4549 4537
2413 2890 1449
3517 4619 2875
4499 4958 4531
29 2742 3062
362 4395 2586
3515 4797 1998
4640 4948 3538
3307 3515 90
2116 2260 2936
2864 4522 2257
1613 2388 3353
2083 2258 831
745 4994 3719
3560 3822 4744
2716 4492 4937
4110 4297 2761
2308 3652 1153
4090 4616 1951
3830 4189 3521
2811 3823 3554
4717 4761 2169
1016 1518 3287
1616 4083 1115
1626 2372 3849
1067 1654 3621
1881 2580 1219
1062 4535 2550
4087 4310 1202
1779 4861 2471
4575 4657 3796
4107 4918 4701
781 2881 2676
253 325 3875
4876 4901 2519
1530 4356 391
2830 4884 1681
304 1625 3846
3567 4393 1761
3364 3548 2927
1783 2343 432
3065 3850 4235
1903 3971 4881
3797 4002 4351
710 3750 3031
4377 4950 4857
1689 3998 973
4139 4369 4754
2439 2739 2608
788 3484 1895
2951 3226 3314
4681 4956 2155
3712 4644 3865
823 4927 214
3935 4872 1075
1976 4204 3844
2081 3383 2908
4505 4966 1129
1112 3965 3407
535 3478 1194
3680 4586 3869
4096 4654 4090
2395 4467 420
4856 4894 1051
1000 4538 4921
460 1794 186
4495 4760 2105
3659 3752 4788
4449 4715 1724
4654 4946 511
3428 3933 1048
343 2739 718
4292 4864 3528
1586 3797 4788
3106 3162 805
4093 4282 485
3784 4655 3248
2026 2485 257
1542 2429 25
1234 4213 286
2665 3166 4652
2904 4911 3888
4137 4589 3076
3406 3803 1046
2203 4356 1439
2045 2927 2571
1819 2588 1531
862 3191 2103
131 2796 1824
2660 4814 3719
4 4512 2912
320 3935 4225
4402 4942 1152
3736 3931 1897
4615 4928 4021
957 2321 2413
88 4334 457
4664 4805 1967
3158 3697 4572
3782 3942 3038
2375 4900 655
1513 3901 3896
4753 4778 520
1150 2225 3136
1767 4725 3140
4882 4898 2051
4745 4841 3383
2920 2956 4968
4183 4828 1886
1202 1404 367
1752 3013 3890
2138 2294 3706
3110 3137 4829
197 1030 1419
156 1945 3075
2043 4902 3642
38 766 1368
3832 4043 1509
2180 4170 3961
700 772 2479
3446 3758 1681
4316 4955 2975
1619 4602 2808
1508 4480 1135
3937 4237 2177
774 2550 4374
3502 4230 3329
2096 3206 1560
2343 2833 1084
2864 3018 677
2653 2938 3883
821 3483 2787
2302 4006 4909
1373 4940 1679
3225 4111 1890
1984 4286 1088
2266 2820 2380
4823 4856 692
3501 4759 1489
1792 3328 4744
4492 4761 2220
2122 2808 4247
3777 4096 484
4254 4493 1546
1158 2490 1083
1151 1429 3662
1014 3311 1484
4713 4935 3868
1799 2906 2333
1288 3836 1805
2457 4619 4999
1856 3247 3079
4414 4827 2021
3439 3932 785
737 4894 1977
3974 4506 3921
1656 2943 489
4616 4769 4165
1872 3914 718
795 3057 4981
1488 3450 3024
3352 4654 2855
77 2754 2425
2804 4060 400
4183 4487 1528
2818 4022 2146
2316 3873 1838
3079 4331 4576
1138 3185 1269
1827 3505 2262
1288 3948 4293
3359 4541 3360
903 4934 484
2723 3274 1888
4379 4813 74
1069 1874 332
4626 4779 3063
641 3901 3203
1869 2455 944
4219 4788 2206
3308 3745 208
2453 4152 3650
1023 2817 3194
2738 3730 2195
872 4215 2973
3730 3962 2683
75 583 1432
2898 4811 1949
2773 2967 1797
1061 3879 763
3888 3909 4695
3822 4555 4561
2360 3598 3915
4292 4753 3730
3564 4416 2733
1605 4763 2665
586 2435 1696
1820 2897 2359
4646 4669 249
3435 4716 886
2565 3748 4365
383 2372 2822
1771 2956 3300
159 2629 3729
1824 2339 2483
4321 4696 323
330 2384 1066
4463 4787 3111
2846 4859 2180
4349 4530 1657
3086 4405 3163
2403 3428 4520
4154 4846 3588
4666 4962 1460
1462 3547 2481
2428 4962 4301
2813 4484 3111
3271 3374 4216
2516 3736 4170
410 2081 970
2121 2496 768
3282 4180 4334
4546 4552 3753
4635 4978 1781
3774 4790 4283
4806 4952 1904
3323 3679 413
3141 4625 748
4719 4918 4969
1166 1520 578
3084 3734 4864
3678 4520 2898
108 1031 4939
727 2852 607
3551 4683 4446
3104 4773 2199
582 1819 3150
2501 4570 3095
3588 3961 12
2805 4834 1870
273 3108 405
2297 4759 3476
3984 4779 667
4208 4435 3757
2293 3317 2240
112 535 4245
382 458 4365
4486 4504 1334
4261 4858 1641
648 2304 1813
2065 3019 3748
2329 2411 4937
1283 4904 4849
2814 4471 4928
3731 4999 3201
3559 4197 1191
1708 2660 2637
2587 3176 4803
1818 2643 251
3898 4665 3080
3705 4483 2334
2085 4376 3660
1049 2377 1798
1123 3878 733
1920 4979 4939
1099 1483 4833
626 3694 4784
657 4616 2383
3105 4859 1655
2746 4993 3145
273 1925 4805
688 2933 236
3355 3919 2403
3834 4204 725
953 2975 667
3807 4290 3345
1714 2966 84
1480 3662 211
212 3093 887
4141 4684 618
4147 4387 4812
2606 2996 2345
4738 4883 2007
4488 4692 2656
87 1218 1620
1 2547 1232
4559 4977 1667
1061 2823 4528
2512 2559 3877
1060 2690 544
4791 4905 2945
1585 4069 2252
1578 1952 458
3828 4110 2507
532 2652 2609
804 2593 159
2979 3972 4434
859 1329 4077
232 4227 4805
220 1147 779
1751 2562 1624
2716 3273 4784
3452 3771 2719
1329 4954 4841
1001 4239 260
4181 4610 3928
3590 4813 2670
2405 3518 1607
925 1050 4965
1492 2628 2475
1885 3714 3477
3624 4346 2493
3738 3896 3014
3178 4093 3093
1772 2546 3312
4409 4698 3631
2511 4848 1135
2863 3779 569
4068 4270 4027
4660 4742 278
4518 4836 2938
4840 4955 1203
1509 3737 28
4480 4934 1282
2485 4208 1295
4719 4829 1390
1430 3494 3068
4368 4388 3019
2347 4796 2551
4564 4878 4267
2257 4262 4306
3086 3213 1751
2875 3055 3327
900 3074 3227
1709 2587 2395
2299 4615 2688
2463 3209 864
3966 4969 4371
1320 2798 4581
4319 4567 2204
4860 4956 2950
391 3188 1098
1918 2606 4161
9 3889 2523
3139 4586 17
1286 1450 1616
3178 3824 3362
4656 4866 1567
1505 2860 1067
1157 4647 4240
3322 3531 601
2395 4919 4626
767 2584 4190
3232 3377 1172
833 2414 2574
4184 4447 4534
1039 2310 2719
215 3831 129
2811 2855 620
4844 4897 4766
3797 4140 2933
2212 4316 4945
4533 4751 2490
4681 4750 2389
2188 2541 661
2964 3807 3017
1506 3700 4446
312 337 3966
4302 4712 4258
3806 4794 214
2137 3884 2213
200 799 3791
3459 4818 3372
1628 3424 144
748 963 4499
2380 3068 1359
1339 2343 2086
450 4845 136
4699 4936 2461
2435 3607 1399
1975 4214 3879
659 2412 1187
1537 3539 3473
2610 2959 3053
2699 3888 739
4540 4563 3477
2681 3485 3217
3132 3743 4360
2228 2229 4648
1504 4801 4860
1233 1303 2872
1607 3276 2095
3054 4097 4202
4082 4943 1238
4699 4775 83
4943 4978 967
4466 4587 143
3223 4411 1040
416 1829 2198
92 672 2270
1585 4257 4603
237 1787 3928
4014 4763 4870
661 2686 2691
3030 4427 3940
3511 4027 2775
2212 2818 2488
1223 1502 3766
3979 4750 177
1480 4630 3082
3378 3656 2461
2975 3875 3843
4155 4536 771
1241 3646 2277
4362 4724 2945
2187 3710 1604
4 2675 2590
2528 2553 1251
3577 4749 4772
3703 3938 4285
4735 4981 1848
953 2041 3717
3827 4762 1599
3377 4437 877
1945 3372 2757
3530 4223 2268
1226 1706 812
3842 4410 741
3283 4135 3634
2575 4037 4129
4094 4800 4900
2216 2692 4947
2128 4080 695
309 3725 1101
671 4661 414
4164 4496 2316
1338 2439 1350
4702 4957 3408
1956 3000 1047
1489 4389 684
4631 4803 200
264 2711 1448
526 772 4750
1098 2435 4630
2659 3928 4014
305 413 737
427 2361 4789
2669 2897 4714
4382 4462 1959
3317 3598 3310
787 4027 1400
1510 3238 32
765 2419 1697
3218 4302 2730
3195 3272 300
2297 3134 2728
49 209 706
4369 4795 2697
2982 4403 3434
2088 3296 4787
2030 4396 4757
4785 4927 667
4232 4904 2698
616 1595 4162
1215 4767 1260
525 2891 1004
3144 4651 3731
2282 4452 3034
3031 4842 1927
4856 4913 4012
145 2811 1539
4842 4859 2831
1553 4972 3915
4414 4651 1182
4829 4981 1047
3796 3871 2612
2234 3543 3908
3286 4571 967
2597 3987 3452
3647 3740 3687
373 1850 4917
4340 4523 3000
1069 1086 1189
2048 4093 4673
1301 4261 1522
1331 3169 2154
481 3097 2960
2781 3408 4506
2242 4416 2389
1295 4112 2256
1315 3779 2918
4193 4534 2266
103 4658 4025
3433 3836 4664
3264 3284 1849
3216 4633 1470
5 4527 3613
2474 3613 1389
3647 4723 542
3455 4580 2113
2013 2693 462
970 2879 28
3579 4629 603
1703 4920 3641
2080 2344 2278
4758 4875 1849
394 3542 676
3156 3577 719
3891 4181 265
2560 4720 4287
5 2364 3191
3782 3999 3796
3934 4817 1801
3644 3789 2552
1687 4822 4068
3715 4574 4594
3398 4472 4353
1937 3341 1885
1273 3398 4238
2004 2354 2138
319 2656 4655
1663 2745 3573
3229 3413 2186
2974 3182 2842
1000 3808 2102
3845 4748 4580
2955 3042 2980
991 2224 4343
1394 2099 35
2788 4496 2552
2618 4710 261
599 4041 461
869 4311 3711
4219 4995 4319
1704 3005 615
756 2921 469
3665 3729 2159
4749 4921 2477
1698 3725 3319
3708 4591 2559
194 3566 3865
2733 4567 1000
4118 4442 517
400 468 1089
1751 3781 1968
2790 3452 2186
1963 4360 3820
3525 4021 1417
4451 4930 189
2021 3443 3976
897 3417 2199
4530 4918 3083
1281 4055 361
1502 4526 1794
3452 3563 2818
4961 4965 1459
3582 4455 3871
3467 4614 1892
3196 3560 3770
4861 4889 1388
3230 3824 4835
4292 4826 1487
3741 4635 1184
2057 4315 2639
3624 3976 34
2988 4394 2229
4247 4868 2243
2954 4754 3070
1546 3739 2444
3604 4270 973
307 3079 103
448 1416 4301
3700 4003 4711
4491 4845 1727
4666 4944 2091
4689 4974 3255
4742 4877 4107
3859 4646 447
1945 4451 348
1586 2191 4443
4671 4679 3167
4535 4950 1599
4943 4970 3462
2706 3711 318
1125 4006 4261
663 3930 3399
3346 3815 1554
3540 4365 3664
3363 4193 894
2176 4266 42
3165 4638 3663
3554 4699 2556
2349 2754 634
1093 4162 512
1081 4851 1491
160 4585 1828
3408 4092 4403
53 141 1136
3800 4856 312
152 2436 1270
189 1767 3376
1282 4766 1863
2881 4100 2126
1565 2969 2131
36 192 4545
17 4175 779
136 1880 2542
3145 3616 885
3081 3881 2237
1944 4764 1204
121 2496 4768
2534 3741 3969
4062 4608 3190
1091 4207 3710
3988 4953 3638
3293 4497 2357
880 3562 1108
1203 2386 4878
1026 4594 815
871 3078 3659
303 2579 155
1982 2998 437
2658 3586 377
4050 4232 2539
197 902 4159
2598 4234 1805
4055 4219 847
339 3609 3372
2711 4840 813
4458 4699 1867
1357 2549 4748
4093 4911 2999
421 1128 4098
3330 4997 3838
3214 3501 468
2927 4463 4607
2375 2395 2206
1784 2542 627
2916 4093 1515
4758 4885 2008
4696 4699 4988
1042 4362 499
4143 4588 1510
4608 4700 2360
3132 4368 1032
1870 4506 814
2826 2960 2283
4417 4943 581
4780 4892 4180
4648 4868 1309
519 2853 3639
3223 3745 4465
192 3404 2182
2145 4478 230
4362 4649 2549
756 1984 3942
451 4364 1807
1939 2182 4017
3188 4109 3665
2411 3449 2740
2326 4961 768
259 2274 4330
3431 4016 4809
4664 4926 2091
2701 3833 1627
1061 1499 428
3002 3743 3242
712 3922 2195
3736 4148 4202
3896 4979 4331
3378 4346 3057
3239 4525 4072
3278 3309 2572
2829 3311 3613
4204 4248 3688
3358 4735 3069
208 4270 1565
4441 4501 1243
4862 4903 3241
4383 4502 3496
4812 4990 918
2441 3655 1620
4238 4356 431
4896 4973 2347
368 2101 2954
1886 3903 479
2 1895 2467
2399 3987 1856
4810 4970 411
557 1958 749
4614 4627 1785
800 4175 2362
1151 4678 748
468 3889 63
3014 4571 1713
2251 4497 4174
2458 2964 2418
4311 4434 926
4672 4676 1559
3596 4015 514
641 1923 1736
1743 4660 874
4314 4448 4635
2681 4726 2270
834 937 1996
935 3773 2223
4341 4681 216
3716 4926 18
4298 4401 4387
1579 2770 3829
3247 4949 4205
3216 3363 3249
4301 4928 4602
2653 4091 882
4510 4686 282
3399 3812 4364
2365 2454 1663
4669 4731 3336
2249 3283 502
324 2271 2050
4132 4440 2201
4867 4997 4029
2720 3338 106
3913 4528 4120
757 1070 4885
3185 4293 3074
1403 4882 2420
4101 4718 1418
4301 4437 938
1467 4106 3119
186 1550 3662
4056 4873 3199
4911 4914 2733
1765 3804 2136
2076 3873 3451
651 4867 658
173 254 912
3006 3861 264
3953 4051 4051
4444 4776 1191
495 1313 4555
286 3855 4586
2850 3030 2033
3394 4759 1262
1146 1830 16
3558 4622 2368
3496 3928 4340
2137 3592 2771
520 4451 4664
1791 4494 394
1813 3910 624
3273 3281 2605
4133 4865 2907
3121 3621 2479
134 2058 1520
3411 3619 1679
2640 4566 1444
2917 4258 4303
336 2644 3459
32 3822 4442
2042 4588 2627
2473 3733 32
4590 4924 2553
78 686 1127
4614 4892 521
913 3261 2415
3855 4333 1039
3423 3441 4483
1570 2417 4300
1946 2052 3960
2281 4889 3891
2613 2795 686
3659 4737 2147
4853 4937 2508
1730 2304 1235
1224 2501 2387
495 2257 190
1886 4501 4069
3082 3812 3404
623 2101 2057
2511 4214 1639
2895 4615 3912
2721 3007 4622
172 4461 4934
1887 4976 2327
1242 4318 1537
4442 4650 3229
3955 4997 675
4122 4893 1875
2671 2955 2609
885 1986 4994
239 3981 1526
2524 4506 812
4256 4470 2015
334 699 2534
1164 3125 1936
1222 2844 4134
332 2784 3055
710 3615 1115
4616 4954 1006
1508 3547 1446
3009 3977 4318
1067 2598 2702
3086 4829 4636
3299 4736 187
433 1176 1638
1165 4891 572
2614 2793 3513
4027 4923 2822
3080 3142 1753
3800 4909 1387
719 3720 989
1238 4073 3961
1307 2611 1152
2551 4440 203
4646 4967 3113
4266 4639 523
2244 2790 166
4679 4882 3273
1274 2388 4597
4508 4760 3744
3367 3737 982
3159 4833 4756
972 2611 1280
2657 3346 4618
3209 4541 283
464 978 4157
3993 4904 1127
4040 4459 3119
1909 2045 1589
2826 3404 2283
1515 4658 400
1527 4685 842
2473 3448 1873
1047 4354 3946
465 725 1063
2002 3564 896
1067 1283 2580
2614 3557 2779
3044 3699 3847
2336 4201 2730
1907 3251 1213
992 2384 3903
2252 2633 1336
3815 4053 3199
692 4396 3713
692 2024 3515
579 1244 583
2948 4320 1826
3897 4578 1794
719 762 2313
4667 4783 794
1842 2025 188
4430 4797 104
1185 3667 3103
2622 4716 4010
1698 4618 610
4934 4982 3643
4725 4865 1727
2787 4718 1296
871 1535 2101
2724 4368 2804
3302 4686 1196
3897 4670 3384
4383 4952 4539
2628 3937 103
2431 4349 1247
2188 2742 2454
3557 4779 2610
3734 4889 3231
2119 2934 1064
2282 4989 137
2642 4962 2132
258 4968 3652
3121 3495 4094
2928 3451 3696
2468 2952 2461
90 4654 3159
1987 2990 4370
1858 3429 3571
3892 4599 4462
4317 4565 2341
3429 4706 4858
920 1189 568
1403 2461 645
4972 4983 2929
4523 4725 2388
3876 4275 4716
4444 4875 2109
3901 4830 1205
381 4531 4145
1368 4631 373
4444 4521 2864
814 4164 1444
679 1653 4420
4978 4981 4710
1848 3734 2392
3804 3994 2283
3112 4561 750
1835 2874 3353
2343 4779 1200
1686 4208 410
1201 3804 3236
4292 4755 4645
3472 4659 1948
2875 3088 1907
1873 1980 1267
2537 2887 3052
569 4845 1905
1464 2764 4532
426 1937 3328
2581 3926 4111
4374 4447 713
822 1611 3710
457 1093 217
4105 4886 2990
1679 4361 1916
2306 4178 542
214 3857 2531
2215 3078 1301
1642 1884 1772
3322 3376 1876
730 3299 1972
264 2872 937
931 2178 2715
3333 3668 1025
3889 4555 3333
377 1518 3317
3362 4960 4142
3396 4502 2717
2405 4428 3264
1644 4958 4697
1483 2525 66
4807 4834 821
2108 3903 390
1241 2860 811
2133 4017 1391
3219 4658 3277
260 706 2758
4410 4492 3595
579 976 1229
89 483 3930
1852 3511 3195
4272 4712 1923
2891 4154 1042
4191 4234 2000
57 3107 1876
297 3360 1093
2988 4456 1303
574 1835 1290
1587 3871 1996
3869 4969 2937
1174 2370 1248
4291 4965 4959
4974 4989 3522
318 4907 2654
2208 2631 3768
4303 4770 1070
366 2602 457
1639 2968 4724
1628 2454 2533
4799 4913 3918
980 4523 1584
4597 4961 1650
413 2507 4109
4898 4940 1070
3867 4093 1624
2562 3523 2323
586 1674 351
3082 4159 1511
15 3096 489
1413 3937 4628
2673 2981 2535
2390 3713 4923
4995 4996 1427
1053 4254 4966
1351 1923 1397
1176 2558 4526
2895 3543 3833
1011 1162 155
1582 4268 899
3744 3772 2027
2955 4548 501
3965 4608 2390
3591 4595 4070
960 2722 1404
3338 4377 4345
2756 2937 2691
1959 4664 4693
4899 5000 3479
3606 4288 2891
3289 4843 2580
2411 2800 3919
3205 4488 1521
981 2949 4777
81 2705 1068
4367 4911 626
2129 3799 3656
2930 3127 3838
1652 1795 1604
3215 3442 733
3878 4547 4968
2035 3274 4211
693 4925 2873
3817 3867 1841
2574 2696 3569
1246 3314 872
4500 4873 4564
4614 4642 3415
1794 3152 4580
4371 4702 2349
2185 4014 3831
1591 2209 143
2641 3937 678
40 2790 532
910 3151 1172
997 1567 4778
135 994 3544
78 4721 1287
4788 4883 1433
4619 4985 1461
2019 4932 2245
328 4332 1250
2717 4288 409
4719 4976 4136
3316 3957 852
1802 4126 3061
3840 4869 3027
733 4882 938
1269 1353 1979
2945 4441 4254
3976 4846 2208
4574 4946 4290
3897 4431 1529
3929 4068 1773
641 3924 3792
4647 4830 4032
1636 4975 132
2573 3152 4648
2810 3106 2365
3108 3490 1560
3958 4229 4803
2619 4176 3809
1765 3024 4085
3135 3485 1041
2232 2681 623
4268 4672 788
4520 4723 2010
1157 2916 4813
783 3338 2416
351 2134 2162
3368 4217 3242
1340 1638 2565
1460 2200 3773
3811 4184 243
1004 4638 3503
664 981 4952
4925 4937 2911
93 4943 3206
3468 4377 519
2147 2500 2831
4639 4796 586
10 999 4433
420 3150 4362
4319 4988 980
3299 3860 4371
3025 3944 1799
3227 3733 2142
3284 4321 427
1999 2516 2944
4554 4800 1821
4008 4414 2379
1921 3492 5000
352 3327 2065
2319 4812 373
868 3449 3361
2624 3223 2359
3544 4628 1702
506 972 3135
1651 3900 4256
1519 2450 717
2176 4986 4250
2053 4887 4265
2204 4849 3566
1665 2824 2978
2958 3133 1326
4034 4958 4399
871 4985 4958
945 1273 3215
87 2139 2692
354 3415 4574
2043 4366 1023
2284 4511 2225
392 4126 2258
1644 4936 1115
3039 4344 1031
2874 3438 228
286 1795 4913
33 1904 2499
2757 3287 2956
347 4914 433
3023 3664 3351
441 2438 669
1082 4843 4734
4235 4769 3969
3991 4971 597
1931 3825 1474
4076 4787 3895
1836 3859 2197
1771 2880 1511
3224 4041 4126
2979 4138 3616
4717 4870 4823
1689 4298 386
4536 4828 2154
4122 4210 1280
1090 2081 154
4591 4710 4821
2464 3220 4949
1381 1585 147
2608 4267 1394
4223 4577 4385
4000 4769 3121
2305 3933 508
3821 4674 1869
2312 3276 2726
4317 4919 3248
2802 2996 3336
1526 1984 898
2414 3501 1868
3783 4591 1904
1836 3432 2986
2748 3920 1421
2123 2522 1391
605 1109 444
4693 4843 819
1725 4088 2756
1847 2498 222
199 3311 1767
1371 4444 1815
622 2984 4430
3803 3825 3888
4087 4725 743
1355 2672 2713
50 4293 495
688 2972 2836
4906 4935 2553
3381 4648 2053
3096 4358 1349
4057 4204 1584
659 2353 2843
3747 4055 866
1648 4529 3432
4156 4810 1323
594 3126 3233
842 4019 2392
3824 4766 1151
4710 4950 3617
1398 2861 4136
3840 3850 4859
1005 1083 677
267 4901 4347
2628 4232 1457
884 3100 1125
3448 4972 3436
2468 4393 1114
1753 2680 3029
3016 3685 4010
1561 3713 2443
4377 4836 364
542 4566 4950
3698 3857 3663
2260 2274 1717
1808 2636 692
3388 4187 1405
1518 1749 3948
1405 4292 5
3274 4378 3800
3165 3684 2863
4898 4920 1988
159 3245 4021
1478 4378 447
4142 4862 4636
2180 2752 1376
2261 3674 2055
3859 4179 2019
557 796 2267
635 764 4538
4106 4699 1037
1686 4345 4015
3584 3797 2610
1066 3844 5000
4940 4972 4575
2868 3775 2615
591 3440 256
2585 4976 4292
1767 3989 4293
82 3502 2518
2118 3613 4592
2654 3053 2781
3847 4008 967
985 1079 4696
1095 4726 3796
124 3203 2044
608 3575 2096
3771 4853 563
2242 3138 2126
1379 1989 386
4397 4785 1999
3442 3551 4215
1947 2586 1120
4637 4711 2499
2588 4232 574
456 2860 487
3252 3822 3738
4653 4657 2618
2058 2129 2712
4487 4526 4963
2221 3283 106
1615 4309 2290
3492 3662 1836
1765 2644 1488
3019 3242 3490
216 4515 2293
1099 2404 4635
549 4399 862
3469 4727 3884
2349 2477 2554
3970 4536 3027
4557 4816 107
3243 3441 2437
3611 4020 1147
3229 3692 4297
2146 4146 3380
685 3782 543
3542 3835 2371
3204 3955 3450
298 2484 2030
1786 3745 751
1580 1815 1377
1479 3622 2113
967 2047 1254
3176 3190 2564
4172 4660 2462
3799 4867 2558
471 2624 1922
3050 4966 240
262 3386 2609
2950 3379 4257
4541 4548 2794
2576 3930 1815
262 4726 4800
1169 3043 2432
1127 3920 4812
3404 3623 3556
3369 3970 1722
3662 4167 1026
932 2617 3772
175 661 4645
3923 4730 2322
2889 2898 460
3444 4064 2738
2858 4965 1820
4348 4711 3885
2482 3805 4385
659 4813 1087
3669 4613 1861
1040 4681 631
2411 4809 743
4009 4115 1245
395 2401 2795
2317 2695 3589
226 3415 4535
1699 3284 4884
2827 4285 1765
1025 3401 1763
4224 4240 2293
1277 4636 1820
2091 2716 3609
4522 4983 1208
1438 4715 3861
4092 4822 721
4920 4954 4639
4275 4923 2131
2095 4611 3328
3299 4080 2791
1191 4266 705
4978 4989 1128
324 942 2912
2608 3130 1846
4354 4637 4307
1901 3731 4844
4754 4760 1192
1795 1887 3462
4114 4528 4048
676 1542 1046
4129 4222 1865
628 3860 4055
3279 4254 2020
4359 4939 3853
1952 4362 3859
102 1396 2177
2285 2825 2969
2221 4609 4670
1674 2381 23
3454 4866 607
1431 2368 3719
2964 3198 3174
4718 4946 1893
3431 3653 4849
3859 4212 4916
4108 4915 4164
1329 3902 4962
4053 4640 3628
4747 4852 395
304 1208 2853
522 1794 3971
1786 3256 2752
3541 3634 4684
1062 3623 303
4704 4946 4973
4063 4502 2514
2071 3992 1221
4525 4587 4950
3980 4641 4386
2309 3602 1583
1834 3773 4118
4902 4988 1925
3705 4036 497
1655 3417 4721
4481 4836 1005
3451 4644 60
1817 2251 1633
692 3604 61
3865 4898 3802
143 1742 521
1198 3561 3829
4366 4916 2656
2151 3146 3729
4125 4798 3981
1101 2720 3487
100 1692 1719
1397 3424 1484
4923 4967 2110
2275 4429 1311
1932 3001 1707
2876 3868 3706
2558 3059 4948
3575 3967 4316
4332 4870 2126
4202 4922 871
758 2928 4145
1224 4953 3173
367 3612 2098
4022 4079 4596
2300 2529 3265
753 2807 3240
1171 4781 2852
3993 4413 3548
3475 3536 348
1097 1606 3784
3447 4797 1359
4875 4928 2808
1133 1440 1573
3439 4868 1456
3149 3844 1520
2435 2778 2777
876 3444 447
3984 4301 3273
2433 2605 3756
3976 4229 2914
2292 2959 826
2125 2426 4821
2777 3540 2757
1654 4092 1051
542 1244 3846
737 3961 3521
1821 2038 973
350 551 4276
3059 4093 2818
130 621 1470
1194 2524 645
4409 4929 357
3429 4576 1933
3947 4083 3993
2855 3139 2365
1856 4234 1159
845 1523 3815
547 3226 1174
1902 3072 4271
4142 4289 2040
1542 2275 1646
2713 4347 205
3362 3853 3977
2930 4795 2078
487 748 1444
3416 4031 25
1698 4265 3410
4479 4778 754
4694 4902 1698
307 3310 1491
873 2491 1544
2103 3851 888
3486 4440 3687
2031 3207 4709
2964 3002 2503
245 2377 4368
953 3208 4943
1940 4804 1184
2550 3638 1145
4547 4765 1365
3045 4750 433
3384 3916 3240
3042 3733 2744
2759 2983 4351
1875 3531 2482
2610 3349 2851
3156 4797 2539
2901 4800 4190
4877 4955 2034
65 2209 1685
4713 4947 1789
2695 4937 101
2593 4935 2278
2840 3194 638
3670 3705 3422
3244 3892 4934
2970 4100 4447
4872 4986 2352
4586 4873 130
3122 3540 3850
4451 4758 2131
853 883 46
4789 4961 1249
2922 3501 204
1185 3898 3560
3324 4862 3232
1072 1751 3238
3048 4249 2129
409 3861 2450
59 4731 434
2572 2990 1907
3712 4475 335
122 264 4659
2761 4163 27
38 1738 466
3444 4178 2546
921 4714 4009
4918 4991 3345
4101 4358 3133
1016 4862 1700
4187 4340 1200
1027 3194 398
4525 4945 4809
2741 4532 636
2111 4766 1550
659 1594 3120
1061 1324 537
251 838 4270
4984 4997 3538
2332 4100 4369
1752 3641 3489
486 3096 3778
3117 4416 3866
1051 2125 1997
3677 3726 4574
2039 3911 3840
1977 2554 3200
746 1373 3325
1267 2428 2974
1395 1410 847
2254 4361 1495
348 3110 2593
3169 3827 3451
2216 2969 2033
2310 3139 2940
3156 3762 1351
3545 4829 2353
3001 3473 3284
3619 4267 3865
1918 4178 734
668 4922 4570
1119 1834 3189
303 2791 689
691 2547 4712
4269 4703 156
4899 4946 833
3789 3860 4807
2282 4774 1101
1326 1843 2278
4687 4972 3831
1192 3648 1
245 4048 559
2234 3771 1367
614 1827 1965
3641 4522 2601
7 2036 3230
678 3184 2059
793 1436 4015
1519 3956 4257
334 1229 1623
3263 4054 2679
482 4267 1540
4761 4832 4795
3783 4056 1402
264 667 4041
2873 3229 2081
1018 1658 1255
1453 4859 3109
49 4597 3284
2190 2413 913
732 4224 3607
3812 4257 4658
3576 4533 2716
3241 4649 2717
4950 4968 470
2980 3773 3866
2369 4130 4939
3714 4006 3482
4867 4988 755
3463 3543 453
928 1806 4430
94 999 3211
1548 4228 390
2305 4363 4549
642 2672 4971
3117 4570 3211
3127 4700 3391
4703 4850 3504
4509 4572 1280
4228 4447 3681
3850 4545 1446
1958 4688 1725
2697 3073 3080
635 4183 223
2971 3312 717
925 4243 2043
29 3608 2613
2961 4939 4110
506 601 2921
2476 2570 372
2393 2546 2726
491 1996 1024
1768 4435 1374
1374 1970 3625
1721 3849 4277
66 648 2790
4602 4979 669
4705 4944 1823
997 3052 1975
1018 1527 700
2145 2617 2870
1708 3758 2203
3055 4458 4402
2857 3730 4351
429 1024 3611
2849 3019 123
515 4003 4467
1443 2417 535
2390 4755 1433
1635 2127 4055
131 1216 4804
3981 4391 2363
2231 3615 1961
978 2879 4069
4723 4877 155
3411 3495 2113
4987 4987 248
1950 3515 1468
1664 2806 1966
4933 4964 4347
4465 4726 60
233 2900 362
731 3339 406
2624 4553 4944
4191 4221 1961
2796 2831 2809
1857 2718 2632
69 275 2176
1532 1539 2643
3101 4614 4220
3836 4857 398
367 1280 3753
662 938 2540
802 3772 187
4420 4604 461
2615 2716 3756
1552 1850 4229
65 1311 4468
668 2212 2544
4652 4882 742
1621 3258 2857
2439 3098 4192
1960 3677 1656
3412 4130 328
2514 4031 356
4254 4647 4508
2985 4934 4648
4354 4464 1022
2245 3692 3730
3169 3513 1763
396 1714 1469
4586 4997 4891
523 1985 391
4371 4915 4717
326 1513 3833
1369 4010 3745
97 3135 1350
2311 3336 4495
839 3963 4131
2402 4841 145
3175 3506 2297
3282 4145 1120
509 1494 2786
3939 3964 2666
1683 2525 1624
3526 4388 2968
1460 4117 2278
2072 4137 3100
3075 3250 2051
4176 4618 3227
3663 4816 4330
70 1584 4880
1190 2570 45
2634 4894 4406
933 950 2691
4026 4626 4535
3631 4768 2021
2791 3652 1240
4713 4752 1480
2615 4186 2999
2101 4413 31
1123 1184 1728
83 1944 600
3860 4546 2411
3758 4966 627
2523 4403 673
275 558 665
1239 3214 3055
424 4008 3788
3001 4011 681
997 1667 1149
1761 4882 4519
343 679 3660
479 1869 2870
4362 4377 4288
4894 4950 3615
4713 4725 2714
4648 4988 1855
567 3705 3913
3019 4903 3415
1656 4834 2232
618 3611 197
1654 4125 2054
4434 4959 4810
1223 3530 4729
4683 4923 853
2730 4413 4033
4001 4055 2301
892 4417 1990
1816 4665 1927
720 1853 4004
2494 4217 130
3324 4098 603
1873 2207 1573
4214 4296 2685
2292 4515 1533
192 4339 1272
634 896 3533
2595 2699 1381
4842 4918 941
4992 4999 2307
1180 2277 3504
1765 2830 3105
2802 4830 3546
1716 2238 2378
2487 4514 4309
2532 3133 4123
3129 4010 2201
4992 5000 2745
4538 4647 1777
3044 3594 599
2321 4679 3798
4085 4917 2619
4591 4598 1547
1570 1951 2338
1531 3151 175
4134 4927 1863
1313 2250 3525
124 2763 1059
1342 4293 3694
2647 3855 4677
3153 3489 529
2296 2721 4108
811 3740 2366
4723 4935 4165
2038 4493 188
3896 4074 1758
4218 4274 3481
1264 3922 1625
258 4903 2092
2300 3388 748
4861 4896 2575
447 2545 3308
1107 4834 2625
3407 4184 4881
804 2021 4900
1508 3072 3181
652 3736 336
1589 3199 3590
2636 3863 2690
3797 4405 2667
2156 2405 3887
4561 4973 2544
1005 2136 3286
327 2512 3087
668 2455 3807
3276 4015 2892
1088 4398 4356
1770 4239 2951
4779 4854 2774
3212 4367 3493
2483 2854 1479
4147 4391 2906
770 3466 382
2259 2538 772
3143 4020 4871
730 2354 297
2739 3273 590
2170 4428 2852
1411 2784 3036
3794 3892 3652
3754 4569 2098
4936 4962 3047
1145 4156 3945
763 2021 1088
1865 4752 371
4458 4966 3542
3354 4265 4318
2597 3845 3433
2266 3818 4987
3407 3833 2657
988 3398 1928
4679 4971 4920
3468 4314 1462
4669 4840 2189
2748 2907 2165
3238 4202 1024
4238 4708 3035
281 440 2386
3854 4217 20
840 3393 3961
1797 4135 1062
1592 3255 3654
25 4463 1252
2952 4468 3996
3546 4519 4955
3333 4374 3606
2838 4418 366
2759 4051 4375
1626 3646 2446
3962 4912 65
2163 2638 1217
1676 3345 2048
4521 4952 2469
2332 3439 1746
2226 4235 1467
759 1652 4731
1733 3389 1865
3645 4490 377
376 586 2411
1281 3007 4457
4522 4738 4900
3693 4634 3842
2722 3162 157
4172 4744 578
3720 3753 2235
345 2807 3241
768 951 4502
412 3450 2249
3798 4500 3927
2616 2875 2120
3327 4624 2298
1629 2982 2805
1519 3748 3553
3457 4135 3541
4892 4955 4570
2860 3224 3985
1708 4485 2349
2560 2914 3506
4887 4980 4476
97 1027 2861
2444 4657 2560
3788 4313 154
4121 4790 3819
1256 2251 3936
1746 4284 3225
2895 4182 2388
4519 4962 478
100 515 4913
4245 4476 2630
4592 4662 4312
91 4475 4753
1800 2223 2751
4034 4684 2784
3745 4619 4070
1433 1528 4333
1977 4384 4665
1407 1777 3231
4338 4479 2176
4916 4965 1261
1677 4196 4993
3286 4696 3178
2009 2038 4119
3567 3964 1922
3577 3799 467
4336 4645 3499
511 1340 71
4894 4925 1777
3234 3955 101
4245 4650 3033
956 4626 3934
4254 4412 1676
1918 3525 4204
2607 3578 93
4081 4844 2725
10 2006 4652
1530 2916 4655
4109 4743 4291
4517 4643 905
628 4053 4654
891 3178 3636
326 3912 599
747 4443 2798
3253 4963 2114
1603 3506 4382
3637 4876 3364
333 4706 4817
2465 3501 394
2092 2879 3564
425 3501 2248
4378 4650 1960
4175 4883 1505
942 2772 3071
995 2533 4262
3793 3828 624
190 2899 436
1008 3240 4015
2834 4056 1507
3798 4236 254
1964 3720 706
4843 4934 2711
344 4396 2099
1873 3067 915
4917 4991 299
3638 4848 4725
3868 4774 2938
3302 4651 2992
4312 4785 2339
3420 4364 1364
2231 4983 1747
4155 4437 555
3347 4856 1660
2618 3731 3245
2399 2892 4186
4612 4649 2888
1387 3733 4784
4861 4902 3936
66 2180 273
4008 4685 3620
3921 4175 3525
4523 4735 2270
1185 3112 3475
2701 4169 4670
4450 4483 389
3520 3662 1101
4805 4814 3409
4079 4817 1938
2400 3384 1421
4729 4758 3654
1783 4813 1869
2167 2436 3529
492 1191 652
1881 4650 4429
2045 3844 2755
4864 4970 490
2253 4663 1328
1334 4210 831
3408 3947 4666
3688 4930 1790
2017 2199 1868
4972 4978 1972
4343 4633 2182
1340 4806 4139
3998 4846 3153
799 2398 1254
1394 4962 1236
4221 4809 1791
4025 4789 705
1346 2574 4235
1781 2165 1353
242 2077 2086
2399 2981 3143
4974 4977 2308
109 2717 4736
1377 3963 3630
2961 4259 2022
925 3232 2753
472 1146 2318
4986 4990 3373
882 942 3200
2130 2341 54
4765 4860 674
1962 3726 2249
4770 4873 2337
3660 3959 2095
2091 4361 1561
2313 3347 2515
3871 4269 383
3736 4439 4678
4584 4922 3576
902 1036 2328
4697 4784 1127
3695 3961 4742
4990 4996 3810
2801 3978 975
4700 4918 622
192 2063 1044
4365 4728 1066
3328 3520 3412
4574 4964 4623
3603 3825 3440
4667 4740 3595
465 4784 4744
3867 4848 2673
1480 4832 3622
2576 4220 2116
2530 4186 1242
2654 2894 3678
3493 4888 4163
1216 1750 2264
396 1435 549
3027 3916 1775
3352 4129 512
393 3990 3385
4182 4952 2848
1023 1395 2979
4412 4767 2898
2043 3786 2671
4177 4357 2412
4921 4981 3350
1752 3443 3988
2528 3494 3315
2928 3260 964
1085 4231 2610
4616 4706 2018
4127 4670 3579
1730 3924 4623
3538 3844 2250
3547 3577 3122
4622 4860 190
2251 3499 2424
459 4661 625
231 4639 1094
3972 4200 4377
3861 4610 244
800 1855 4455
1318 2520 890
2574 3293 1305
2699 3904 3320
677 4662 1535
828 3086 983
2511 2862 2017
1981 4954 4716
2773 4967 4506
2065 3646 4749
4563 4835 672
4333 4835 1989
3649 4685 3967
4307 4956 4911
4924 4971 2974
1146 3008 4876
938 4837 459
1380 3069 4003
1145 2164 1509
3023 3046 2601
1450 3237 4204
4282 4519 3824
3426 3651 4519
1739 2702 594
1366 4703 387
3164 3349 120
1130 1208 3689
4766 4910 779
5 735 1051
366 2506 1867
1208 2580 820
994 3206 2652
2240 2399 4887
1345 4621 693
4467 4684 96
782 4818 2405
4717 4810 4429
3064 4012 666
852 2794 1257
4376 4768 3166
2587 4424 1805
4688 4788 1062
990 2304 1040
3340 4054 3356
4475 4992 3117
4992 4993 2751
3087 3352 4687
2542 3118 3736
4723 4748 2631
4631 4984 3269
3827 4811 1281
3544 3769 3832
4006 4008 3823
4319 4748 3986
443 1516 2826
4101 4769 351
1464 2895 3810
367 3577 1231
4351 4453 4368
2514 4506 3405
3498 4841 2181
44 4690 2381
4818 4889 4713
2097 4429 1484
996 3106 4451
2150 2974 443
2532 2636 1287
3114 4414 3742
3877 4400 532
1749 2906 855
1680 4408 3442
2865 3648 780
1004 2507 4468
2602 3323 2738
1293 3462 3602
1383 2512 2491
2208 4202 4308
1724 3249 2602
810 3572 2161
2194 4232 1199
2236 2712 4599
1263 4243 1528
2945 3053 3958
1342 1562 2315
1429 2755 4096
4635 4650 3730
3994 4710 645
126 2541 3456
4405 4700 1197
2645 4200 2946
685 2781 940
3844 4732 204
366 1474 2421
686 769 2849
4241 4955 1149
3963 4138 3287
4311 4920 3194
3649 3656 3296
3817 4832 620
812 4108 3280
3454 4614 1278
1067 1547 3029
4218 4833 1689
3605 4264 962
841 4477 4562
2221 3521 994
4333 4634 3089
1591 2289 3511
4101 4132 3040
3900 4036 4119
4741 4985 1044
2250 3354 4164
4049 4430 522
2372 2840 1971
1808 3551 643
1456 3624 4286
4721 4858 216
145 1731 4420
3206 4796 2223
3008 3541 698
3910 4052 2275
4257 4675 4212
2613 4092 3640
2839 4847 2483
176 3288 1725
4347 4465 3040
4434 4685 3924
474 3487 3182
2573 4364 3125
4932 4953 1288
4065 4079 403
2686 4451 4993
2160 2583 3839
1464 4304 690
3108 3413 2343
3176 3726 4596
4776 4969 1872
1033 4913 315
408 1162 109
1630 4612 4823
182 639 2791
2165 2323 1270
2009 4027 3881
3051 4497 2180
169 3040 3068
1559 4424 72
2117 4278 2630
225 3967 1687
1605 3776 172
285 4516 1711
2873 3788 3183
3750 4696 1715
489 1151 4843
2538 3729 4491
687 885 304
871 2453 4458
197 840 3183
2294 3700 65
1545 3836 3552
344 2415 450
3745 4744 2327
704 1817 1799
3113 3759 1953
4823 4901 3077
3906 4649 4798
3494 4453 3220
3473 4788 1649
66 105 2755
3204 3974 3179
2256 2885 1031
2926 3097 2382
1910 2959 2551
502 3430 4569
3045 3107 2229
221 2004 2367
4938 4944 3842
3554 4982 4097
439 493 2346
456 3192 1704
928 1875 1509
1201 1323 2311
4924 4952 1191
1549 2545 778
1366 2886 1838
1762 2116 431
4163 4917 948
317 2474 1425
3667 4438 1917
345 3324 3905
2566 4484 2901
4054 4409 3860
1020 4855 2625
10 2812 4832
3307 3347 2480
3710 4183 968
956 4052 1818
184 3416 2098
3712 4957 3356
2621 4540 3944
381 4539 2736
3623 4583 1336
2860 3316 4827
1460 4111 2573
2441 3827 235
3948 4651 2460
1297 1745 4653
4122 4411 3418
275 785 4670
2235 4935 612
4386 4630 1120
4487 4630 3408
3270 4098 543
1496 4998 1262
3659 4456 4911
405 2847 105
2748 3261 1274
1348 1865 2275
2854 4313 3287
1954 4635 1342
526 1600 294
4147 4296 91
3430 3456 439
2383 3824 4913
32 817 1913
2073 2613 4766
54 3854 1749
2082 4208 1195
2598 3662 2944
227 1104 332
1207 2438 785
1258 4952 75
3695 4554 1932
2121 2125 3973
2558 4646 2735
4745 4755 4687
3470 3588 984
3279 3599 4157
723 2196 4651
170 3607 4601
3211 4262 1110
3736 4937 1459
4829 4891 1316
1570 2981 1709
4629 4736 1887
3715 4176 4976
3906 4495 1122
3091 3481 674
1407 2626 598
1927 1996 4782
2610 3663 3300
2737 4149 848
2758 4855 3678
1951 3302 643
60 3786 1750
3209 3904 1633
559 3687 2381
4620 4841 1288
4162 4788 3619
4035 4762 3154
1914 4596 2316
4505 4731 1210
3371 4092 2376
2699 3346 1337
3 3633 1444
334 2821 4864
2844 3247 333
1871 3440 2882
2072 3224 2313
4851 4957 1647
3423 4323 3655
1374 3866 3497
4731 4928 3188
4866 4955 1727
4077 4968 4835
1286 1788 1366
712 1428 794
4099 4877 3889
4904 4939 4086
2092 3644 2924
1654 1665 3812
2518 2721 1938
2979 3683 1795
1489 3962 1906
2842 4161 1808
2120 4497 2167
3320 3870 4797
4500 4843 1083
4513 4987 3101
1241 3079 2673
3041 3502 2367
3433 3686 1703
3980 4026 204
1744 4724 4971
2803 3278 978
1454 2419 3898
2031 4158 4858
4397 4455 2072
3814 3818 91
780 2098 4429
4493 4553 170
690 4481 3187
3869 4356 4355
22 4197 3640
1740 3611 3895
3087 3253 4636
1316 2270 534
4476 4714 137
429 3192 3665
3451 4920 2564
3700 4598 440
3342 4751 2254
3213 4340 2521
848 1898 4323
2233 4011 18
4989 5000 1520
2924 4164 242
2184 2628 4804
1819 4678 4011
898 3202 4086
4898 4974 1989
2406 3398 4713
1435 3209 3123
2750 3921 4642
3362 4562 3019
1168 3455 575
4559 4739 4494
1456 3123 324
114 2451 323
454 3698 4081
3399 4590 1629
3773 3876 2734
2640 4459 1466
3898 4580 791
3500 3940 4071
3454 4981 2173
4556 4932 1785
1018 3699 505
643 4938 2667
4859 4998 3349
2550 4310 3915
2184 2602 1019
4814 4946 2384
3388 3824 528
4154 4445 2287
4770 4899 919
4267 4627 4865
71 2061 78
2839 3941 4054
2637 3676 1142
2706 4057 955
4424 4491 3285
3845 4414 4803
595 4832 193
1137 2632 1235
2248 3182 2312
1942 3111 4440
1332 4261 4971
799 3442 3552
1206 1864 1601
2161 4185 1975
1980 3419 4914
4350 4577 4236
2745 4018 3238
1244 3730 3236
919 3875 4453
4039 4907 3760
3777 4939 2559
4186 4421 4589
3550 3763 1501
2494 4180 516
4052 4807 3506
3230 3761 4198
1838 3238 4322
2901 4151 3149
2061 2756 488
3792 4496 2199
3093 4237 4394
224 2333 3880
1760 3837 1696
1315 2787 1749
1388 4445 356
503 1557 525
594 2090 1617
3663 4293 4312
4918 4923 487
2877 3645 1597
3961 4281 4053
1784 3281 3075
431 503 4742
624 2917 992
3053 4704 1301
3438 3711 783
463 767 2919
3140 4161 1963
4709 4819 1244
3302 3661 1084
4635 4898 1273
256 2881 3911
3591 4630 3275
3675 4579 3950
2289 2368 4623
4632 4860 2178
931 2058 4937
2727 3994 3965
4076 4673 2176
2612 2887 4070
3352 4247 1086
702 1524 2212
2612 3263 2949
522 763 3261
4413 4963 4451
3362 4641 1015
1129 3339 4255
1543 2036 4067
4743 4787 4116
3714 3746 319
1606 4272 3778
4203 4495 4715
1183 3481 964
4558 4724 3612
2134 4881 2695
11 2224 4934
4822 4996 239
4320 4682 28
1270 2433 3055
2996 4641 4166
1555 2676 169
1777 3109 95
3163 3499 3025
2589 2920 1465
929 1421 4202
291 1332 856
1019 1461 290
1478 2194 3245
2419 4968 2876
1872 3272 2653
3887 4638 3636
928 3100 921
3040 3845 594
587 3619 855
4957 4972 4439
4637 4810 279
2035 4060 2154
2672 4076 2678
3319 3748 2002
256 941 3082
2275 2364 4589
3907 4275 4570
1238 1958 3223
1356 2511 2316
4484 4910 923
4902 4977 75
937 2743 3313
4346 4803 1892
4199 4799 2218
2902 4158 4748
2204 4373 2441
450 2259 781
2582 3767 865
1322 2298 4428
347 1126 769
73 823 1005
3972 4668 2400
3905 4116 1628
3685 3807 332
480 1894 3951
777 2756 4835
247 885 959
4488 4628 4713
3948 4236 18
4847 4954 1396
4877 4972 4246
2985 3674 145
2924 4320 311
1109 2556 4604
282 4429 1656
1562 3330 4902
4977 4992 3085
546 1210 1146
3942 4777 1979
1761 2465 1716
2905 4748 3940
3786 4501 3875
3225 3519 1277
2089 4151 3656
3776 4071 4697
2310 2734 4515
4945 4970 4853
2433 3898 4734
1822 1863 3934
3253 3432 4036
2207 4849 4110
1660 4858 875
3398 3679 2320
4425 4715 734
4592 4877 312
2935 4302 977
2009 3937 1549
663 1998 2855
3949 4025 2496
805 1731 3346
9 4840 3137
1750 3016 1881
974 3133 118
1320 2061 2996
3259 3991 649
4470 4536 2114
1122 2408 2811
975 1227 2202
4560 4938 2770
2804 4909 2736
2409 4092 1532
4073 4418 2181
4826 4966 2927
2065 3328 1207
2128 2400 1988
2115 4721 1808
2882 4390 2857
548 4675 1765
3249 3261 2560
578 1815 2529
751 2318 405
2554 2845 3743
504 1535 1620
4682 4742 61
271 2916 1550
1966 4233 4894
4957 4993 124
1295 4482 1560
457 4645 3370
513 2549 230
2321 2932 4105
1421 3656 4956
2551 3935 659
1217 1489 702
2155 2605 3249
2939 3950 707
4831 4941 4518
2902 3800 901
1991 3771 3393
2087 2619 2264
2999 4522 4630
2541 3373 4257
4839 4919 1721
1548 3380 2581
2980 3444 4688
1148 4928 4505
212 4703 2862
4440 4847 2082
1753 2646 201
3178 4019 2248
843 1890 1204
2525 3145 1532
1949 3365 92
633 3700 3990
1017 4955 4102
4440 4493 3784
1849 4025 4414
1806 2119 3608
2893 3124 302
3337 3995 4037
4196 4749 3235
2622 3883 1842
2843 3116 37
1871 4580 3803
4969 4999 1881
3303 3625 943
949 4738 2788
1132 4298 68
4113 4742 3506
2800 3242 1653
3344 4663 1707
1148 4861 2038
2890 2976 657
2136 2965 3874
2854 3579 300
1105 3529 2636
4188 4368 4693
630 1669 2381
2321 4723 381
2498 3835 4160
1562 1868 2484
790 1566 2141
1339 2970 3833
145 345 2497
302 1104 1536
1498 4839 914
458 4287 1118
2993 4141 1409
4961 4984 1293
3001 4493 3045
457 1577 2019
1310 3433 3585
479 3959 3771
4954 4994 1830
535 1282 403
3764 4534 3184
3822 4727 4477
2339 3285 4605
299 3633 1023
4321 4542 3899
1183 1938 4533
4516 4904 2302
887 1307 2557
329 4507 3754
4786 4809 4120
4707 4963 2032
2337 4109 51
4081 4698 2432
3808 4817 3692
1568 1887 4622
4745 4906 4571
2760 3652 1603
2878 4612 3575
4988 4990 2922
4588 4761 4961
2630 4720 2561
1216 1516 3989
3187 4382 572
4441 4545 1020
4100 4883 3059
542 3107 3560
3437 4266 1730
4644 4692 2952
74 950 2140
2473 2772 2803
2065 3390 1829
702 3963 4686
2969 3029 4666
1142 4375 4895
3536 4963 1039
2693 2822 1503
4708 4979 1376
4109 4130 2892
3239 4352 180
3781 4131 4851
3965 4541 2148
2826 3368 3616
2312 2459 3280
2561 3121 1762
3528 4149 4643
2763 4418 1715
1944 3653 4251
2241 4340 3036
2840 3484 4159
1976 3289 4508
3719 4207 3117
4993 4995 2802
2459 4561 3375
1799 4037 3152
552 3605 3782
3456 3815 1914
717 1639 1407
4452 4941 3741
4328 4527 2587
3019 4668 1434
2945 3540 2143
4182 4933 308
3672 4916 3600
795 3191 862
2675 4016 4300
331 605 4586
2901 4632 2663
4755 4936 342
984 3412 1097
3602 4890 3642
2472 2625 2329
4242 4924 1314
3355 4730 3534
442 1127 3835
3968 4515 2790
2931 3377 2344
48 3397 4041
4221 4476 4258
168 3707 886
451 2209 2193
1603 2396 4359
201 4646 216
4276 4975 2035
4578 4740 359
934 2763 93
2235 3527 1347
495 3713 663
821 4154 2233
1 1836 1456
1698 4229 3372
410 4460 1077
973 2505 3703
2023 2689 1975
4592 4823 4165
3610 4546 932
390 4579 4007
4688 4956 3946
1307 1806 2663
4964 4973 1962
3092 3354 3531
110 329 2800
939 4664 2201
3249 3827 4715
2933 4560 563
2511 2862 2664
1637 3387 3198
3108 4146 2581
747 4481 2132
4824 4947 4206
4265 4663 3060
2488 4723 567
4256 4801 39
3589 4174 2906
4327 4846 3535
1055 2833 4424
4120 4467 759
781 3271 814
4038 4936 1244
3858 4816 241
734 4589 316
185 3525 3561
507 3422 256
2048 2231 1842
3859 4398 2996
3125 4252 1127
2325 4291 867
729 4990 1014
1283 4961 2742
4959 4986 3025
4256 4607 4186
2110 4168 3788
2543 4037 4860
1191 3418 3125
1388 4112 1784
1289 4410 1353
4540 4653 1507
3862 4327 1749
456 1044 701
416 2659 687
4375 4576 659
2574 4605 4439
4915 5000 3270
4838 4868 1715
2212 4917 3949
3532 4012 1665
185 3994 1829
2941 2961 436
478 2283 1423
4286 4574 1574
1072 1433 493
2333 2961 2347
2860 3375 1691
4433 4582 3264
4518 4932 2195
2907 3492 1457
4379 4835 3805
1800 4732 3955
3067 4596 2534
2734 4889 3300
4168 4201 1668
73 2371 3313
3726 4233 1055
4413 4451 4930
816 3748 118
4859 4873 1005
4524 4534 1285
1233 4107 2866
2102 4267 1783
3756 4822 1844
2735 3925 1485
946 2071 2109
4680 4876 3007
2623 2917 1637
4895 4923 2377
3285 3526 1380
309 972 3190
2631 4802 4122
640 3456 1380
3902 4835 1829
2615 3468 3859
1420 1773 1863
3972 3986 159
3775 4453 988
3481 3976 1781
2645 3618 2689
1388 1511 4631
3405 4541 173
3857 4244 2475
3613 4512 3268
947 3966 2247
3491 4546 2890
689 2164 2289
1794 2319 221
3066 3675 1374
2034 2780 569
3393 4551 1022
3830 3914 524
334 799 567
1986 2771 2167
4976 4977 1854
1883 3841 3759
1800 2182 3909
4971 4996 2760
686 860 2702
1859 3186 2436
3103 3290 3087
2663 4862 511
4440 4649 2854
3954 4950 4884
4117 4854 2808
3652 4335 679
2693 3586 2530
1869 3208 884
1212 1331 3549
4879 4924 2096
4446 4570 2498
954 2579 3543
3678 4632 1319
2008 3358 777
792 4261 2827
656 2142 3706
2344 2926 2032
1229 4336 4771
4435 4879 4714
4441 4767 2104
1081 3905 1265
2456 3309 1630
4444 4889 1640
2256 4979 4645
69 2477 607
635 4449 2154
1574 4182 2514
1220 1275 537
3075 3192 3127
3082 4198 1857
1928 2043 1466
1860 3046 4002
4475 4638 2774
4437 4915 3369
2495 3788 230
1920 3551 721
1363 2732 4989
342 2330 3054
3977 4845 3380
4639 4825 3715
3631 3920 4494
1640 1778 2180
1622 3533 4699
3987 3990 2517
734 2483 3525
3310 3976 894
4535 4625 1980
3212 3339 3697
3598 3662 1250
2537 3483 3917
979 1186 4600
4495 4684 327
2175 3345 3217
1202 4086 4915
2108 3198 4184
2448 4382 3512
289 1119 4450
2611 4805 2252
2292 3913 1740
848 1511 3674
2664 4410 4057
3710 3984 4830
3451 4019 117
4623 4902 1638
1717 3772 1788
679 2534 1696
3217 3443 716
668 1686 453
2748 3867 3827
136 3592 4387
795 2705 914
861 3734 1435
860 2155 556
4968 4982 3553
3688 4982 3082
2699 4698 3219
2865 3028 4073
2538 4746 1485
1546 1720 1278
254 1897 48
4708 4834 2821
1973 4069 627
70 457 4283
4879 4922 4619
4742 4842 3027
1846 3505 1778
1707 4542 536
3278 3982 1108
3271 4850 1311
2167 4807 1124
2861 4479 673
2667 3578 3747
3623 4900 36
4803 4934 3125
2321 3032 3196
1235 1383 4017
795 1029 4248
4562 4902 4208
1193 4451 614
3006 4148 195
843 1218 2340
32 567 4756
12 2656 1137
2474 3758 4566
3987 4882 2196
2293 4537 4296
3305 3643 359
4176 4746 1215
2957 4434 4503
102 1940 309
4622 4848 989
2938 3733 4154
4021 4194 2361
3776 4346 3768
202 2344 2552
1558 4990 385
1770 4794 1483
3083 4134 131
3999 4570 3691
2093 2856 411
788 3993 1219
4283 4893 4843
1039 2949 2400
3546 4571 3459
2900 3461 1712
1586 2105 1031
2085 3027 3918
1994 2803 4370
322 1692 4129
579 3158 365
2648 3805 3677
681 2671 2465
4718 4826 1600
2400 4809 1537
2924 4125 1396
2741 3961 2218
3169 3387 2169
3120 4500 4866
1042 2933 2810
3099 3405 3632
4464 4769 330
3735 4202 1772
1287 3784 4821
2273 2641 1154
4009 4225 323
1947 3320 598
126 1578 4174
739 3474 4226
4555 4944 4692
29 2977 1665
357 4389 4008
2921 3857 2536
4894 4946 2788
3007 3142 1770
663 4215 4233
457 4475 2354
4855 4965 2903
4933 4950 3630
1145 2354 2442
1119 4670 2516
742 1304 901
1672 4023 3471
2315 3138 4968
1286 4123 4788
612 2436 461
806 1451 3068
1167 4918 2165
1223 2321 3052
2876 4647 1264
2756 4585 513
1509 3175 2053
2006 2320 1810
3753 3900 4973
2221 4028 3903
222 2058 771
3571 4170 1555
1443 2608 2184
4494 4538 4743
4952 4968 4229
4949 4989 4356
57 1869 4756
3814 4770 3942
384 3140 4947
1713 2889 4648
318 358 3745
4155 4435 2627
3174 4968 4671
3873 4371 3135
758 3385 3696
3375 3937 4906
60 1585 272
301 3164 683
4284 4393 3481
205 4489 1372
1285 3162 1327
4120 4303 4471
3360 3757 202
395 2152 187
1179 4288 2596
425 3279 1390
1437 2991 4431
4225 4426 1072
3195 3586 3032
1798 4637 1850
4886 4977 2302
236 2611 1317
2438 3351 1915
2080 4015 1778
2602 3397 2785
917 1912 1028
1754 2933 1563
4834 4918 2571
1762 4960 4014
3994 4461 1380
2027 3752 2603
4056 4164 4817
1791 3430 4399
2474 4911 1697
4325 4941 2152
2238 3111 172
2123 3864 4
224 1084 2765
4540 4770 3466
2588 4840 261
4271 4535 854
1915 2960 4205
3305 4113 1099
2105 4463 435
4610 4753 2236
4412 4843 3076
1713 3634 3717
4876 4877 4804
3790 4222 4243
2687 4176 3565
1509 4823 694
3033 3658 2728
227 2064 2542
2019 4096 3359
4377 4915 3432
4236 4306 1767
1883 3305 1540
3900 4780 471
881 2849 1011
4084 4095 2210
2159 2266 4312
4342 4843 445
4418 4944 2357
642 3808 4481
2001 4483 4457
1184 4034 917
2654 5000 1986
315 1564 3118
1095 1384 2321
288 3535 1708
3702 4321 3737
3504 4020 4257
968 2692 4242
2680 3088 3753
162 3103 3629
3825 4246 491
4275 4555 1207
1844 2938 950
1307 2724 3287
146 2043 3054
143 3244 1299
1894 2087 794
4370 4669 722
1095 1255 2044
2 2089 288
3872 4501 630
2755 3751 2089
4066 4340 3218
256 2703 4085
4150 4704 2691
3665 4175 947
3134 3379 3114
4272 4814 2932
542 3724 3395
2453 2893 1666
225 1465 1078
2052 2373 3810
3597 3887 114
1478 2979 1114
4368 4900 2333
2316 4416 2560
1861 2452 981
1172 2973 619
395 2709 3334
3750 4069 1356
553 4558 4919
162 443 942
804 2322 1092
3903 4372 4304
3385 3566 856
595 2740 2057
2283 2393 3035
4928 4958 3607
2156 4478 1304
2376 3906 1668
2709 3437 2993
403 2397 4081
97 2654 2338
1230 1398 169
941 4370 4756
2763 4135 1212
399 3334 1594
4305 4564 3201
2443 4920 4295
2378 3143 3326
694 3424 1541
2458 2811 833
2885 3430 2989
4942 4992 4595
2965 4411 4254
2414 3035 3504
3330 4184 2619
993 1358 1938
2560 3168 660
1502 2725 2098
344 3886 619
2549 4143 2779
847 3165 1864
1949 2970 4132
4599 4681 1004
2475 3155 2268
3732 3797 2481
3991 4465 3805
2626 3072 915
4633 4800 3105
3471 4436 3526
97 4335 1192
3203 4981 4443
465 1832 3861
376 4295 2896
176 4848 3868
2414 4366 2316
3080 4271 4976
2964 3786 378
801 1884 4343
4928 4996 3831
908 2821 2819
3188 3396 3624
4249 4708 3475
2613 3243 607
439 993 2262
987 2557 149
3173 4862 1099
519 2046 3234
3990 4411 2508
986 1991 1077
1449 2013 1063
364 1529 2620
2077 2962 4876
452 3201 1267
210 3420 4753
795 4925 7
4343 4708 4987
336 2583 172
3335 4489 3251
441 4014 1944
337 1979 2158
1183 2874 4825
4186 4796 2641
1765 2594 927
2500 3340 3192
878 964 3781
2783 3239 3956
3478 4707 4338
3494 4511 2931
178 3625 764
3988 4266 4127
996 2857 2259
1347 3344 4421
3737 4869 4154
641 3753 2141
3622 3824 254
1723 1928 2707
1794 3748 3954
1049 1880 2153
3052 3753 1518
1991 3963 442
2239 3253 4887
3003 4847 4585
537 2357 3781
4622 4851 2512
730 901 4490
3713 4162 2602
2510 2922 1624
2063 2761 2196
4418 4436 3049
3407 4876 4036
3787 4158 4350
1821 2168 530
2703 3105 26
4820 4823 1808
2535 4659 540
3120 3589 2541
1063 3814 3789
2897 4302 4186
3919 3938 3315
2180 4911 771
3678 4545 913
4262 4674 2493
225 3875 3102
1020 4279 1456
3621 3909 2637
810 2601 3355
3941 4729 1935
364 714 1242
3838 4928 2188
3150 3770 3696
2810 4863 1802
2186 2637 3525
4343 4790 558
1767 3245 3273
4197 4330 2612
3168 3271 818
4701 4991 3918
2427 4211 499
2448 2883 338
3123 3718 4014
4556 4872 978
3033 3942 1736
2799 2904 2093
3494 4190 1016
4349 4374 2121
182 471 2687
2133 4320 1656
219 4978 3397
4803 4845 3458
459 2250 1471
711 4589 4376
2801 4529 1056
1015 3378 2213
4082 4924 169
3604 3821 557
2036 4393 4855
1596 4459 3880
361 1467 377
702 4879 3691
1168 4757 4789
1751 2202 2154
3512 3876 327
4421 4883 599
3103 4590 4765
1171 2596 2508
3139 4360 2299
3431 3973 1840
3606 4177 1845
873 3844 992
4720 4875 786
799 2447 1733
992 1191 1849
3749 4601 2212
1082 1625 571
1573 2440 4459
3133 4631 2837
2506 3816 1032
2767 3996 3256
3536 3751 2366
1439 1958 511
2147 4530 2152
3185 4008 865
1565 1854 1155
4344 4641 2419
511 1191 2494
4137 4243 2337
848 3726 1900
1307 2513 916
862 1490 3258
3406 4688 4382
3240 4716 3894
1151 3589 3575
1018 1088 3607
2481 2682 4055
3773 4750 3442
737 4043 3418
1532 1887 3318
231 3399 1907
4084 4417 3257
37 3458 124
81 2709 535
4050 4868 2438
4403 4470 3668
2344 3752 171
323 1234 3108
4578 4640 1408
3484 4265 3345
1731 1887 4130
3402 4331 1892
3501 4181 238
770 4177 2837
3271 4165 1175
1991 2563 3792
2281 4026 759
2514 3107 4666
3156 3921 3623
3189 3205 4587
4528 4647 924
502 1232 4099
4105 4667 3287
4600 4818 287
2959 4668 1806
4160 4164 1519
881 2267 918
364 4547 4196
1746 2686 2629
4624 4723 777
3399 4124 2515
4538 4588 362
3312 4928 2216
4041 4144 2282
181 3763 146
2068 3468 3344
4848 4855 1453
4598 4915 297
3372 4829 1622
3024 3240 2614
1013 2238 1951
4475 4848 2048
3136 3368 1413
4219 4771 3629
2370 3801 2993
4074 4939 4086
4296 4715 3061
2246 3237 644
3019 4974 2894
256 4287 2587
1450 3234 4510
3279 4573 782
1288 2652 2998
64 2747 4470
4874 4988 3493
443 3675 1439
2831 4083 3804
1705 2928 2217
4322 4601 4337
2839 3062 4897
157 4937 1268
4881 4964 4982
1276 2400 190
4517 4837 2151
4507 4711 259
4729 4958 1221
935 2814 1626
28 1121 2663
3727 4301 3592
2475 2574 1932
4248 4254 3725
802 4258 2357
3738 4002 1923
3864 3923 136
37 4529 390
4591 4949 1771
2469 4934 1445
4879 4985 4484
170 2144 836
1077 2274 1090
628 1357 1771
1328 2157 3441
3030 4105 907
541 3987 1912
2925 3641 861
1650 3620 4098
4182 4202 1624
4085 4757 762
2625 3768 401
123 2380 2280
1629 4177 2914
140 4641 1893
4603 4677 4091
865 1155 1030
1928 3282 2603
3388 3457 78
3770 4236 88
4059 4135 3571
2180 2485 3524
2706 3433 3579
1399 3470 288
1104 2058 4855
251 2633 1477
810 1050 338
458 3362 4038
993 2821 2465
3630 4371 3838
2435 2618 4300
1402 4272 1608
230 4376 4064
4862 4883 4033
1297 4832 4330
3286 3320 1974
3485 4885 4088
2037 4245 283
1751 4895 47
2952 3428 672
4506 4879 3515
3232 4029 4343
431 2219 3277
3290 4159 3447
63 2888 1324
2624 3960 3085
4548 4859 3421
4054 4598 929
975 3801 1589
4241 4538 2388
3898 4898 3588
4427 4718 1277
297 3949 4842
2340 2884 2554
2153 4108 2356
1615 3235 3325
575 3322 4441
4986 4993 706
739 4493 4810
1888 2106 4971
1752 4234 601
2724 4183 3775
2836 4045 4989
688 3315 3640
2482 4251 4064
1487 1927 2220
2239 4333 1862
3101 4482 1717
1513 3153 2112
649 2637 3599
4833 4944 2174
4453 4844 4460
371 4330 4319
3756 4168 716
1373 4166 69
1287 3083 4165
1111 4961 2967
593 2615 3789
3825 4598 3991
2272 2983 2794
19 3198 1380
4640 4875 4768
4936 4998 1898
2597 3623 2956
3402 3736 4224
2252 2983 52
4240 4301 311
4209 4864 190
2025 3080 1627
419 4250 3352
2149 2730 758
3051 4391 2751
519 4875 1946
860 3537 250
80 3751 2858
281 4912 2680
2316 3525 4219
2755 3220 2941
4434 4694 4188
3525 4151 1451
2738 4214 682
4676 4994 929
4102 4355 408
4146 4600 2248
4277 4997 2120
3027 4398 2868
2076 3297 1932
430 871 3297
1030 1255 4519
4095 4135 4353
4403 4899 656
2242 4894 4247
3656 3987 4739
4693 4742 3413
3878 4732 1224
702 2258 3425
1060 4431 1320
4130 4379 1067
4583 4672 973
2866 4321 2692
1952 3715 3486
128 3078 711
3147 4041 1532
368 1709 4272
2029 4630 1913
4277 4362 4002
1716 2369 1209
330 804 637
2559 2832 1957
1250 1664 4091
789 3211 4332
858 2023 868
1147 4210 4182
1919 3713 2497
2957 4336 3293
2108 4426 4762
2381 4150 4167
3770 4962 4512
3911 4136 2391
2254 4476 130
2808 3793 2357
2638 4846 125
1094 2872 2463
3324 3768 3428
382 2625 614
4392 4650 1469
3754 4515 4257
4052 4124 2298
2762 4612 3660
1250 2133 2323
165 1404 1876
462 4061 921
4939 4998 779
2005 2694 758
279 4725 4260
2588 4187 1804
149 4581 4945
3323 4346 3589
158 2369 1755
4776 4788 4049
2004 3131 4511
2551 2945 4293
3240 4448 1208
549 2111 683
866 4163 1677
2405 4102 454
3838 4942 3826
788 4481 4794
2764 3666 2424
1237 4566 2485
1639 3771 3401
4335 4688 4181
1364 3493 1464
3020 4169 2556
4917 4977 3207
4068 4824 1537
629 1505 83
4757 4779 2392
4968 5000 3340
862 2782 4374
1949 3305 3818
3980 4449 1210
4408 4692 1652
4859 4917 4618
530 2270 2969
3502 3859 2961
4550 4823 2551
3581 4933 2101
3902 4697 4692
3403 4203 910
4470 4829 4001
218 404 4139
4211 4465 1202
1073 4746 2427
2687 3629 3791
3362 3694 3104
3278 4208 737
3760 4035 4371
3619 4616 1926
4109 4247 764
2129 2531 2288
638 1261 1874
3550 3842 3506
428 2493 1980
1622 1992 3769
3229 4742 2348
3334 4348 1518
727 4714 4035
1243 4544 750
1371 3693 2327
3016 3079 3594
3364 3428 2068
1841 4883 3745
1235 2358 2905
4194 4571 2178
2834 3679 630
1088 1148 3011
4415 4519 2592
3543 4424 3189
1329 3513 226
1941 4260 1760
3527 4037 2826
2342 4451 2734
700 866 2119
3240 4662 92
4978 4990 3187
4152 4200 456
2171 4483 1248
3193 3471 1908
2963 4802 1580
4122 4436 3998
2222 2337 3715
829 2133 1219
290 735 59
2897 4650 2504
1083 2266 2413
2212 2583 3220
3125 4392 2636
3209 3568 4359
854 4265 3226
4326 4802 26
3866 4214 4652
4333 4534 1627
1892 2884 1551
4687 4917 2196
4397 4477 3960
4019 4576 2205
754 2508 4497
3972 3976 3608
2969 3523 1297
294 2365 848
1194 4172 1541
1517 1751 4341
1358 2804 2199
4911 4936 367
898 1646 2430
940 1094 2196
3842 4854 2284
3718 4751 3540
551 3756 1911
4636 4863 2059
2679 4042 3437
1487 4337 500
409 1694 1172
2079 3803 2423
1097 4444 709
116 3068 4068
3926 3971 1734
2299 4669 593
4075 4229 3457
1145 1570 1465
575 2461 4492
2419 4361 372
1217 1746 1664
617 1574 3929
2668 4734 3951
1407 4842 2476
1133 1235 3309
4618 4866 3784
4013 4314 2170
3199 4130 3021
3093 3183 3980
33 3852 4126
2492 3209 2775
2544 3915 4044
2621 4240 4852
3561 3949 995
4347 4891 153
3981 4636 1832
4222 4458 407
1436 4808 1173
4421 4773 483
1542 4695 4657
2688 4993 4963
4444 4807 2039
4698 4916 299
3576 4240 2563
1868 2033 3321
3135 4361 564
3157 4443 2925
519 2559 1370
4562 4865 2333
707 2326 3158
4515 4790 2387
4573 4949 3218
2219 3923 1617
3765 4705 712
815 2477 1649
2507 3791 462
1898 3950 4020
2086 3020 1232
2230 4119 3488
352 1909 4034
4138 4283 1536
1554 4392 280
164 1343 3840
1038 2386 1330
4584 4692 3884
614 1473 4326
2045 3091 3847
2211 3777 2635
4526 4671 1149
3861 4112 4245
2330 4581 2886
4700 4847 4370
3189 4940 1761
2838 3008 2169
1028 4977 644
2355 2892 3577
875 2421 1594
4856 4971 4758
1478 3360 2402
413 1673 922
1280 3793 2360
702 4835 192
1170 4689 327
347 2471 4011
1956 2762 2432
1372 3290 3468
3045 4548 470
2357 4191 2728
2778 3333 1166
591 4335 1065
4704 4945 1691
4724 4951 1594
2572 4874 3952
1810 3871 3884
3540 3780 4720
500 2303 2599
4136 4439 1671
1993 2219 2346
1654 1736 873
376 2858 4717
185 1533 3820
4725 4988 1428
9 4860 170
2185 3390 3324
288 4519 4597
1314 4842 4590
2717 2727 1353
2572 3237 2092
3044 3705 2136
4993 4997 840
3493 4319 3231
2167 4543 869
1761 2591 1995
4194 4453 2534
3378 4269 1798
3676 3982 3232
2602 4695 970
3190 4160 3701
1801 4380 2088
4442 4931 4997
3353 4759 3078
4366 4457 3192
2935 3102 2340
2832 4843 1441
822 2636 1043
200 4247 2222
1916 4404 4098
3416 4231 1339
1152 3202 3313
2773 3073 1939
2139 4539 4602
4566 4679 2014
1341 3981 404
2330 4485 2607
4716 4760 1474
3623 4167 2305
4010 4039 912
1632 4561 1078
2454 4376 1625
4791 4993 3079
4523 4968 1898
779 2912 1348
2855 3935 829
4607 4841 3818
2177 4236 1971
2313 2634 3328
722 1678 796
210 2795 2441
1705 1948 3409
1035 1332 2733
514 964 1285
309 4471 504
3343 4247 448
2000 3050 1627
2968 3098 1847
1321 4867 381
3166 3982 1893
2405 3872 2342
2427 3411 4907
3956 4080 1966
2169 4847 3018
4636 4760 858
519 2580 633
2628 5000 1854
4632 4743 3943
4894 4971 708
530 3804 2272
4138 4287 361
403 857 1101
2783 2812 244
3483 4202 4972
3083 4516 243
4097 4755 1556
2440 4851 1672
4309 4806 2505
1460 3627 4215
3448 3802 4635
185 4754 3943
2235 4032 1475
1237 4824 3010
1310 3954 3155
4331 4473 3831
1137 2167 4212
2565 3619 126
3544 4829 3608
2410 3492 1936
4996 4999 4516
1009 2060 3053
316 2294 801
4631 4987 3748
4454 4510 924
4390 4831 3728
342 4458 4152
2447 3033 186
3928 4674 2155
4633 4932 2160
123 1793 957
2061 3894 3200
2840 3449 3156
1198 1413 1091
4374 4569 2969
2918 3695 1427
3046 3485 2594
452 3396 4661
2689 3680 4621
3222 3911 373
1369 2224 1776
3683 4463 1856
4693 4993 280
777 4278 3279
4129 4458 3219
4043 4342 2078
1300 1801 4298
2952 3195 3399
4717 4992 4097
1637 1830 1084
1041 2284 1138
409 2880 4939
1638 1907 3011
1525 3049 1416
2097 2683 4925
3257 4397 504
2052 4503 3601
2805 4162 1417
609 3148 3419
2206 3688 551
1092 2588 3494
554 1603 4281
4891 4930 3482
19 2116 2233
1546 2640 1016
3904 4009 3192
3323 3877 1867
2234 3417 1996
1769 3772 4238
2160 3209 1289
1616 3048 1466
4692 4811 1147
1722 4923 2805
2017 4650 1850
1686 4511 624
3966 4508 1745
4503 4997 4131
544 3682 716
4569 4878 13
4994 4997 4814
2432 4436 728
3110 3922 3617
4299 4796 2071
1403 2800 3162
2842 2972 3738
1236 1279 2398
315 4812 4139
2101 4160 3125
4126 4405 1575
3893 4921 1687
1689 2704 4543
490 4461 3092
3852 4915 2453
4607 4707 1716
4443 4985 2581
4374 4510 4636
2236 4395 3554
2058 2450 3061
2384 4589 3979
1067 3976 4444
4976 4977 2187
3351 4418 75
165 2007 2651
1529 4509 2904
3759 3773 3397
502 3812 3660
2140 3022 859
3355 4518 231
4440 4568 3285
2547 4023 4602
1406 3493 1958
482 1312 216
4271 4713 4956
2807 2968 4314
3629 4404 1910
212 3676 1001
1974 3012 3868
2695 3231 4668
1568 4538 414
3660 4108 228
3486 3576 4713
2242 4798 4105
444 3862 224
2305 4215 2922
1795 2301 861
1118 4901 3415
390 4217 3968
293 1141 1947
1868 3470 3253
274 3920 2299
4469 4720 3010
1131 3640 885
802 1188 1851
3689 3833 1179
2560 4812 1253
1065 1777 1561
3533 4106 4634
714 1311 4327
176 4512 3223
1307 1602 4263
4181 4225 1329
4307 4462 1553
2496 3604 10
4922 4933 4681
3669 3925 4103
3340 3614 499
1453 3007 1921
1593 4952 902
4032 4959 4984
81 3998 3369
2548 3960 4860
4557 4884 4657
4484 4969 4412
1736 3210 4516
930 2574 604
2992 4468 2502
4114 4462 221
1480 3093 339
4358 4845 4302
2113 2241 4505
1413 1710 2362
4137 4243 3156
3751 4449 2160
3802 4061 3624
838 1071 3933
3193 3388 2327
4982 4990 4670
557 2419 4680
4371 4983 3215
3870 3889 881
359 3131 4892
2443 3891 1521
4920 4998 2213
2855 2933 790
1751 4340 3898
2346 2748 2604
4795 4947 4360
3071 4905 4330
2626 4011 231
2650 3669 1011
1395 2309 2006
234 3120 4374
4493 4605 130
176 4140 976
3228 3381 1787
3220 4863 3377
792 3847 2575
663 1600 1774
2165 3515 2178
3998 4653 51
1138 3528 3992
3295 4268 4286
1978 3513 345
2273 4546 573
2438 4451 2283
4356 4984 1899
4920 4946 1409
3271 4362 3443
4601 4614 1564
263 2473 289
3497 4046 117
510 3688 4058
1750 2217 4275
1204 4245 2351
3774 4778 4777
2747 3026 2354
3187 3256 211
3444 3895 138
2875 3670 3817
2495 3536 3206
1689 2259 2370
150 3046 1502
3213 4707 2395
1780 3686 4748
609 2558 1022
1555 3389 4293
860 3770 784
3715 3867 4325
2360 4676 4651
3632 3848 2625
2480 2813 2696
2334 3063 3872
1691 4297 4357
2336 3258 3865
876 969 3670
4911 4991 1120
1770 3955 4997
3651 3900 842
3899 4457 2887
4084 4437 1479
1847 4627 3948
3824 4671 2727
2707 3908 3954
3718 4614 3664
4252 4283 3998
531 4450 4712
312 1545 246
1705 2899 3173
2766 4937 182
3087 4101 3390
4868 4877 1640
1482 3356 3218
4231 4528 274
3109 4905 1893
3832 4411 1933
1563 4441 892
4924 4966 3943
730 4999 3996
4510 4674 3017
1849 4287 1220
100 1304 561
1536 2536 3550
1178 1465 4029
3301 3319 4865
946 4112 4368
2596 2880 4004
4305 4893 3825
1934 4073 4435
1566 1695 3079
1281 4512 4679
1837 3095 1362
1667 4988 3030
1509 3082 3692
2823 4237 608
2213 2410 841
3273 3747 3369
4442 4735 1636
4520 4874 2918
877 2225 4378
3453 4565 1435
505 694 2112
3315 4947 4814
4994 4994 4154
3120 4948 3156
404 4868 3797
4066 4361 4426
4890 4997 349
4485 4714 953
3244 4048 4812
1524 2571 2516
658 2226 811
4378 4631 4168
52 1593 1392
2060 4237 84
2751 3634 1883
1981 3561 2563
1021 4708 252
4619 4769 4463
1277 2973 2422
4401 4839 4806
4819 4985 762
4723 4845 97
1114 4448 4699
509 3346 3402
1018 4070 407
1792 4985 3192
2831 3103 4539
4064 4629 4122
4623 4657 3464
3822 4302 4624
1931 3401 2257
1972 4197 4874
157 1662 3224
293 1563 554
1019 3923 4358
2568 4399 4057
64 4764 1772
983 4561 352
4022 4854 1796
4549 4849 902
232 2629 389
1450 2378 3311
3618 3643 3572
4775 4968 4295
1946 4018 1698
3527 3557 950
1695 2678 3150
200 3391 414
3915 4394 1550
1536 1806 2040
4622 4668 3603
4043 4353 3793
2316 4225 2827
4707 4742 2439
737 4154 3250
1418 3522 2357
3875 4324 2876
4522 4660 2061
3103 4202 1381
78 173 1694
4121 4562 1075
4876 4946 4717
3957 4053 4105
2180 3757 908
4331 4538 2115
2972 4688 1857
4054 4059 1966
2024 3573 4863
2321 3843 1742
2375 4227 1059
1711 4855 2162
3695 4797 1819
1643 4060 3367
1652 4061 4764
4443 4888 2107
3333 4822 2613
2022 3457 2206
1909 3473 2349
3996 4124 308
2193 3790 3179
3229 3303 3613
817 1346 860
589 4915 3547
3041 4051 2338
844 4118 4001
3584 3713 407
4702 4793 440
1021 4306 3204
3402 3653 383
2967 3341 2491
1974 4667 1290
1708 4100 2078
1449 3716 3105
2103 4422 2016
986 2835 1123
1600 2388 970
2432 2636 4607
1489 2861 1332
934 3339 3912
1832 4812 1191
1264 1836 2229
1940 3524 280
4835 4855 783
710 4409 473
3251 3434 1090
3442 3487 4454
2702 3954 1876
1347 4921 987
3916 4839 1299
1662 3589 1301
1984 2104 687
