5000 5000
1881 3402 1293
369 496 4141
245 2633 4240
1935 4534 132
933 3545 3868
127 4760 4719
3613 4815 4683
194 4941 3132
2159 2664 4609
988 4217 1762
1800 3396 3780
1872 4633 2616
3835 4485 1538
1971 3323 427
3682 4300 4451
1755 3657 1808
227 3233 514
2389 2392 1256
4594 4995 2965
3123 4575 1761
1607 3677 710
1658 3884 544
256 3971 1203
1849 4958 517
1945 4377 1221
1489 2079 3481
4180 4624 1982
688 3666 1020
1800 4117 1418
1409 4496 254
2688 4663 1128
2186 4701 3096
1127 3593 364
4560 4828 810
4918 4996 4513
1470 4261 1685
2154 4257 285
2442 2686 4303
3425 4448 3638
1260 2344 602
191 3081 1252
508 3596 4189
4397 4564 4834
3483 4993 4212
4781 4903 4707
2979 4421 2626
4915 4943 3842
1649 3218 3323
1016 3018 1860
1220 2363 1263
2487 3800 4342
2715 3344 2567
2627 2805 3148
3490 4599 3129
1996 3102 756
1492 1787 1240
4741 4912 2800
442 766 228
291 4444 401
1327 4676 3936
1552 3916 711
1580 4301 1045
395 564 3852
1290 2911 1553
3027 3880 177
4590 4689 769
28 2086 384
424 1292 890
1543 3463 1138
3344 3839 3756
2741 4862 3299
506 566 1607
3038 4044 1858
508 4341 2826
1050 2226 2564
262 4112 536
2002 3757 2163
845 4773 1616
3696 4714 584
1236 2758 105
53 4162 4113
4068 4698 351
773 2698 690
1294 2058 1323
4796 4972 3582
3530 4739 1546
153 2523 3549
4483 4875 1409
4517 4533 809
1606 2604 2371
1588 3901 1595
304 3654 716
2055 2322 282
2957 3317 2567
3190 3390 4699
3360 3764 1772
848 3683 2535
1939 2406 2442
3347 4307 3840
1007 3689 3047
4481 4916 1498
2842 3830 1362
3805 4713 2654
2065 2610 114
394 1968 2825
3755 3907 4244
116 346 4533
366 2182 1542
3717 4999 3318
4085 4416 3984
2161 3053 2936
1390 2823 2501
1060 3641 2450
2672 4106 2681
4650 4755 3986
932 3507 1962
4690 4755 2838
1757 4720 4266
783 2323 246
80 2555 2492
4619 4879 787
2599 3325 301
2192 2229 4802
1915 3869 4724
729 1231 4045
3952 4074 4444
4289 4633 4095
266 826 545
4112 4522 629
2831 4058 655
3203 4897 2977
82 1836 3429
1555 1733 4716
1659 4235 4359
2154 3858 3445
2392 2650 4138
4486 4852 4850
4494 4646 1936
4941 4985 374
3164 3277 4058
2900 3523 1126
4710 4929 3710
4479 4903 3645
519 3698 2026
1605 1900 2581
1863 4349 3891
2336 2567 33
3680 4007 1686
1043 1681 1224
1863 2029 3501
1802 4789 3584
1497 2597 293
4110 4989 2302
757 2533 3061
4212 4567 4337
2622 3089 1656
3825 4925 3959
4951 4975 1713
265 3419 3964
1725 3520 1863
3566 4399 1022
4975 4996 4133
1381 2393 3193
1820 2121 2491
2581 3744 1314
3806 4727 4463
2758 3107 4068
4806 4893 3932
755 1070 2389
2791 3134 882
881 4647 4090
4278 4592 4366
1520 4818 3169
2090 4377 4416
1429 2530 1816
1495 4101 3147
1578 3389 2098
2207 3015 2983
3763 4724 3069
2988 4401 3163
627 2814 3582
1932 2617 1319
4153 4468 2632
4737 4831 3297
3991 4404 4836
520 4566 2705
639 1630 4890
2668 3538 2655
976 1103 2164
4325 4589 3638
241 2177 27
1141 2818 2645
1663 3467 1473
1450 2493 4467
4012 4184 2472
66 2792 2155
1001 2469 3575
385 4615 4343
3059 3133 3822
2977 4516 2105
1218 4950 548
4485 4779 1358
3838 4594 3967
4409 4436 3623
274 2994 210
770 2903 321
420 832 4705
4845 4959 3706
1634 4149 4422
1336 1605 2390
2244 4113 4861
1502 4260 3348
748 1048 526
4058 4855 4294
1076 1894 2783
4045 4454 4521
1740 4931 1174
3501 4116 1096
4223 4355 2222
4218 4814 845
775 2188 617
1132 1707 1577
1401 3872 2551
4657 4928 2781
3058 3408 224
1722 2451 1430
3136 4268 643
4240 4508 472
4315 4431 4117
901 3181 3122
1914 2606 1871
782 4340 2875
1765 3374 2829
2815 4058 722
224 1553 708
1258 3895 3725
324 3560 378
3448 4456 2166
180 3333 4163
42 1648 1398
3087 3567 4376
3529 4018 800
1226 3192 3022
1508 3962 1937
1601 4024 2095
2895 4436 2069
3284 4416 1347
1434 1989 1444
4532 4653 1994
859 2232 4815
167 4409 4039
2635 3205 2597
4726 4787 3902
1178 4466 3580
3471 3968 668
2540 4231 3796
3694 4788 3213
3346 3788 2715
3963 4203 1994
1190 3643 3280
342 799 2820
3419 3507 3039
4170 4784 2662
2937 3259 3855
2994 4421 4794
1782 2757 222
473 4925 3531
4248 4515 425
2419 2947 3962
2793 4522 2190
467 3718 185
3783 4963 1616
3325 3366 3394
155 555 2565
1756 1895 1008
3450 4308 2336
3760 4981 604
304 2496 416
3476 3872 1626
2043 4381 660
4864 4922 4337
3037 3109 900
2966 3180 3917
1716 2182 405
3786 4175 3610
2446 4168 1509
1672 2953 3591
2896 3921 1109
4537 4558 3974
3416 4025 141
935 3009 1268
4224 4302 2092
4054 4991 2146
3285 3581 2875
1582 2537 2349
732 4636 900
41 4979 3374
2711 3980 2841
2675 4299 3831
1006 2452 2139
2038 4947 385
2651 4433 3920
1206 4311 881
2629 2630 3421
4953 4999 4363
4390 4842 2196
985 2875 2891
327 639 4530
2137 2822 1693
3376 3934 3008
285 1478 3545
544 2789 2532
2502 3912 1520
3804 4568 4066
2466 4882 3149
1045 1374 783
4334 4629 735
4956 4992 1533
2058 3927 610
4249 4505 2492
4823 4980 2942
4168 4476 1249
3814 4794 2747
2363 4035 1328
966 4233 4658
4450 4914 4740
4625 4982 3171
4839 4956 3502
1641 3650 283
3120 4491 824
1219 3323 4885
831 4783 3228
4717 4730 3325
2704 3099 1795
3104 3481 832
1499 2109 857
4660 4806 412
1871 1882 3672
2661 3240 1553
182 3030 4902
3464 3964 3233
4249 4270 3163
1107 2783 191
3199 3876 1387
493 2273 3626
405 1747 117
3807 4395 416
1104 2861 1071
3455 3653 827
2009 2727 1755
3947 4571 4774
756 1686 2402
3535 4975 1473
345 3701 3797
493 4598 1711
4773 4913 2523
216 545 3967
1532 2311 2341
487 1402 574
1829 2557 2963
638 3572 2601
4384 4548 3614
111 1326 4760
1310 1647 1381
700 3449 775
3283 4431 1774
1795 1982 1037
4001 4500 3488
3257 4686 734
4140 4737 1412
2921 3183 106
3434 3789 3625
518 2333 4329
3483 3766 2287
1719 3078 854
2545 3484 2116
2053 4471 1493
3880 4079 3681
4420 4781 2579
1759 4631 867
1265 1485 1614
4594 4805 1649
4135 4716 1879
491 1468 61
3933 4185 1531
3919 4297 1664
1386 1531 595
3806 4593 2621
4341 4662 994
3973 4379 4996
907 1292 2344
2130 3718 3800
2993 3178 1141
2845 2866 2842
33 4182 9
3607 3883 2252
3866 4235 291
1783 4336 1620
433 2014 4261
1912 4346 1705
1266 1331 2618
2496 3120 4571
1601 1935 4860
3366 3753 1307
1706 3037 848
1329 2612 3057
1595 2010 473
695 2471 430
4707 4883 2951
4233 4374 703
2052 4950 2220
2052 3991 4012
1644 3118 1048
976 4610 1994
2720 4559 4069
868 4124 4015
2932 3656 1737
2492 4058 968
618 1189 208
367 3418 2721
1040 3480 2191
1134 4048 3436
2762 4109 4246
4253 4547 932
607 2957 3646
874 1727 2709
201 2752 1827
957 2725 1715
1481 4500 1867
579 3200 4568
997 2252 1319
577 4033 1278
4995 4995 1151
4331 4980 1229
4594 4827 2035
3430 4462 1959
4404 4456 2321
4548 4701 4737
1103 2010 207
3058 4136 813
4701 4913 4295
43 463 3403
32 617 3899
2388 4771 724
805 1827 4537
434 1879 4856
3755 4939 1991
3197 4008 3035
52 3171 1881
2377 4428 1489
2663 3865 1592
1735 4237 907
1119 2792 1930
115 2731 4156
2991 4052 752
1775 2930 3733
4484 4616 304
3834 4548 4574
3257 4901 1027
3471 3911 1672
1857 2575 2765
233 3070 3325
2867 4258 1804
4677 4957 2947
267 2171 1593
2263 4409 1874
1431 3918 3998
1085 1580 2332
1899 2757 4418
2461 3813 2558
4321 4592 9
2262 3820 2843
325 2434 64
1441 4107 972
1909 3013 96
3044 4655 655
1474 1605 1399
8 2775 144
1018 1809 4669
2388 3204 3849
4924 4988 1702
3216 3504 2160
4651 4906 2006
232 1379 1207
4435 4478 2501
2809 3849 3225
4094 4357 2354
1678 3387 1422
4377 4968 2376
3188 4594 1470
4386 4943 1812
2613 4903 4247
1827 4156 4763
2992 4568 3380
2943 4977 1181
2051 4260 3409
1993 3612 824
4839 4867 3719
4129 4768 525
3649 4084 3154
907 3558 3617
925 1258 4221
3971 4713 2301
993 4617 361
2370 3898 4664
4202 4818 2277
3630 3694 3752
1270 3229 2740
4835 4896 1688
4371 4871 933
406 3151 162
1837 3652 486
663 822 2773
4587 4804 3693
565 3596 523
1057 4323 1539
4534 4534 1259
479 4378 327
262 1156 3138
1361 3627 540
1018 4274 4311
1737 2534 3043
2825 4016 1168
2384 4101 713
1452 3328 4748
2255 3215 2117
4635 4704 3511
293 2533 382
3796 4008 3915
3759 4690 4324
3284 3368 4601
1935 2694 1268
1798 4613 2
2596 4070 1151
4404 4938 1519
137 838 4515
4995 4999 1718
4502 4848 1488
3999 4873 218
3401 4051 4521
164 2962 4482
819 3067 3124
401 4139 1049
3910 4018 4183
4378 4713 4336
4810 4982 965
3311 4343 4944
4623 4654 391
1920 3841 2474
25 3640 3229
3552 3575 890
4833 4977 2374
2043 4521 334
4593 4876 3894
4551 4974 597
1305 3979 639
1249 4163 3294
3931 4328 2590
4631 4765 4622
3486 4560 2336
3389 4709 630
3273 4345 4648
3035 3802 1156
2752 4689 3380
3238 4039 301
1583 1990 1571
1204 1959 3002
2092 2419 492
4379 4570 3954
1137 1164 2424
691 1953 2881
4605 4947 3268
4403 4628 588
3609 4724 1162
268 509 1000
3763 3852 1183
3951 4817 1062
2621 3056 2517
4146 4391 3112
4336 4669 3500
2815 4120 2329
1403 1522 2390
1956 3997 3749
574 2348 507
3306 4748 4953
4132 4551 1400
3916 4102 967
3090 3188 3143
3848 3993 2032
4908 4980 2636
703 3048 530
2147 4186 1043
4917 4921 2082
1183 1696 3688
4219 4296 1081
559 2199 4878
3870 3955 3950
514 3522 61
4749 4783 2355
4979 4995 4409
1473 1842 3333
4684 4687 4786
2420 4657 2248
4623 4895 4124
3295 3476 3531
3840 4402 3814
4585 4632 2521
3227 4870 3204
4775 4952 877
981 1151 1745
1896 2663 1755
1743 4941 4453
4458 4989 3920
987 4315 712
3990 4110 4295
1113 4881 3038
4274 4979 4610
3263 4491 2253
3680 4965 926
340 2065 4764
4959 4974 554
403 796 1463
3813 4849 3997
592 1863 1569
4394 4855 1281
3110 4072 3208
813 3876 810
4659 4961 4315
3484 4886 3074
2375 3447 4301
947 1696 2800
491 3085 2207
1915 4285 2361
3579 4053 971
4061 4475 3860
4161 4365 3149
210 1133 2292
1863 2226 3526
307 3192 3629
3442 3946 1053
4331 4675 2589
4780 4917 3801
1005 2932 1261
1448 3559 100
3892 4783 4949
4473 4667 3164
4261 4276 3230
1793 4246 1556
804 1673 4668
4194 4437 4978
4979 4984 3916
2538 4319 797
2017 4008 2641
4771 4947 3570
3348 4647 3068
3138 4355 2261
440 538 2033
2941 4842 3682
1730 3049 1252
416 1151 1653
622 2314 2108
2919 4012 3597
3147 4025 3810
3967 4490 1023
3583 4285 3288
3434 3840 3393
901 1890 2313
2059 2661 579
299 1332 3898
456 4262 4363
2648 3133 3673
2742 3636 2166
4022 4587 1291
4834 4934 2768
1730 2339 4616
2750 4030 3049
2996 4131 1541
4603 4997 3550
3724 3739 1782
3575 4981 4488
2463 3604 3521
117 2096 3005
1538 3530 1441
450 933 3931
3152 4817 4912
4114 4985 212
2886 3375 1735
2994 4814 2466
260 3632 1769
3921 4459 2092
3228 3469 1709
4649 4993 2653
2029 2955 58
3372 3579 4176
2002 4060 1621
3004 3721 4715
1425 2806 864
1029 4939 4619
2245 4046 2787
4489 4716 740
2458 3773 1196
2456 2893 1132
4662 4773 4127
1335 3220 4558
3725 3995 4063
4455 4955 3666
4206 4404 4282
1181 2629 1352
112 2482 3079
4122 4430 3081
3102 3670 1691
2398 2549 468
2339 4751 1080
4923 4976 3328
3754 4418 3771
2416 3159 3610
3249 4659 2566
4301 4912 2919
4598 4882 856
1104 1864 3235
4697 4876 2824
912 1124 2103
3134 3962 1051
4190 4528 3540
1923 2616 4990
3204 3969 1567
1634 1974 279
1498 2358 343
3288 3378 1311
1588 3186 207
3992 4486 3798
3761 4974 2087
2307 4432 4075
4445 4602 1502
3575 4543 1134
1184 4774 4914
1464 4915 3673
4049 4829 4781
2307 4139 4060
867 2072 1741
4503 4608 843
3607 4838 1610
2497 3215 4533
3463 4210 4482
592 4800 4678
4720 4942 4332
4075 4452 1779
4813 4817 2177
896 3400 324
2888 4048 280
1506 2875 4141
899 4384 2810
1181 2593 2508
4496 4855 76
1884 2180 1644
1746 3803 2521
4901 4937 2462
1056 3785 2755
3404 4313 1921
4906 4968 1161
1680 3413 1788
4402 4858 3818
4578 4957 4306
3680 4488 2824
2439 3805 3133
3340 3343 3618
3781 4584 2037
3546 4786 1265
317 2014 2719
3313 3398 3620
3480 3929 1481
3643 3865 1578
2848 4114 263
2531 2913 2767
1838 3143 4951
4040 4141 272
4700 4924 601
3657 4746 4354
1203 3907 1967
3122 4519 1072
4841 4964 4289
1730 2078 243
2634 4999 3344
3147 3868 359
1026 1050 4063
3379 4661 85
1905 2512 4945
2367 4890 2941
4359 4775 1992
4778 4941 4763
3012 3338 3818
1720 4422 2040
2521 4539 3912
813 3104 4212
1303 2528 676
1524 2420 165
814 4224 4401
482 4587 560
4765 4903 1941
669 2489 3741
591 2828 151
2519 3779 2218
2335 2430 4035
4967 4993 3606
3227 4028 2177
1791 4683 162
3197 4623 919
2832 4520 120
3691 3765 3234
1907 2020 1573
2543 4520 2446
3348 4268 2159
3312 3606 1175
506 4317 3407
2344 2987 934
3106 4336 1244
1600 2882 1956
3736 4232 4986
2370 2438 161
4388 4545 1079
2087 4376 304
4465 4704 3502
1917 4770 2763
1550 1806 2789
785 2566 2229
1481 4344 2743
1263 1521 4057
1180 1688 1704
2671 3527 674
4378 4764 4345
301 3960 4399
3334 3486 540
2571 4214 1636
2711 4750 4819
2746 3882 4399
2426 4945 632
1749 3262 4598
2249 3017 3079
1870 4434 192
4340 4854 1135
3250 4068 1032
698 4239 1969
3664 4002 4248
4862 4956 3175
4294 4990 3413
2752 3369 4563
1278 1681 2395
2614 3870 4539
2903 3283 4968
3298 4962 1935
980 1839 4768
2020 3234 431
3913 4660 2606
829 2359 742
4551 4908 1631
1509 4300 25
3833 4302 3496
4116 4467 2730
2983 3814 169
3175 3216 4929
1794 3295 2178
3515 3574 3510
3054 3710 914
163 536 3990
4686 4989 3923
4141 4167 4709
4436 4573 2961
4654 5000 1129
4709 4810 130
2667 2925 1083
4947 4989 1476
1776 2428 1682
1285 1821 1044
4085 4927 1058
875 4303 1098
2805 3536 125
533 4381 3216
2217 4586 3303
3729 4919 1416
4154 4668 1858
2141 3366 2074
4245 4493 2333
877 1677 4145
3898 4418 2811
479 4623 1183
3740 4949 3482
2227 4403 524
136 695 4961
3028 3114 2439
1506 3028 874
3885 4670 4870
1077 3539 3949
4427 4835 3370
2710 3269 968
2948 4726 2539
3113 3837 1051
1361 3533 1728
4493 4542 2883
2814 2996 1614
3408 4396 4514
2189 3981 828
636 3812 2610
2782 4621 3182
1179 3421 822
2259 3782 3634
3120 3269 2036
3986 4489 3528
2852 4980 1511
3800 4672 4661
4874 4947 3573
80 4871 523
2878 3555 2933
2492 2976 2560
259 3234 3616
362 4515 383
2417 2944 1485
1426 2538 1168
4587 4961 948
2160 2316 3605
3706 4716 3182
4567 4708 670
2440 3401 3388
4432 4870 3316
4017 4102 2184
3437 4987 142
1364 3884 120
4727 4823 1974
1829 2102 1581
65 1883 1704
4018 4598 2061
1831 4963 2626
2688 4506 4482
2100 2284 4181
1803 2043 2004
1017 4444 2660
3408 4030 2063
392 701 1322
3144 4089 2779
3614 5000 3171
3919 3955 3093
1826 2810 1437
214 4362 2321
7 2999 4454
4749 4823 3320
1122 2457 852
650 2602 519
3710 4404 335
1453 1922 2310
4924 4997 173
3067 4008 298
266 1786 2888
2142 4000 3523
639 3252 1350
1705 3310 4629
533 2145 1239
1025 3378 3094
1594 2467 3395
896 3944 4149
2872 4041 4476
4749 4859 4829
1074 2679 26
4213 4369 1781
1126 2418 3678
1881 2822 3626
1759 4792 4165
4388 4826 4893
1324 3781 2488
2239 2806 36
4766 4932 1321
3581 4839 1276
2700 3809 4854
4482 4589 810
2682 3153 4559
571 2578 1860
234 1077 1772
3240 4843 1849
4547 4800 352
2888 3030 782
782 2213 3427
1464 2584 327
728 2039 2365
4075 4220 2305
4944 4951 625
4735 4770 4378
251 523 1600
2209 4500 4434
2838 3105 4610
795 2914 1772
3141 3899 125
3017 4041 4852
852 4957 4875
2115 3630 1239
2130 4575 3189
2238 3672 1857
3530 4115 64
170 2928 4406
826 2641 4827
3649 4511 2985
830 4897 1188
4859 4971 1884
845 3370 4504
2424 3422 4388
3134 4800 969
4063 4674 2673
1112 1181 18
3129 4559 2911
2720 4394 2424
4560 4747 2970
1204 1308 4239
1030 2158 3927
231 2962 1697
1241 3537 1294
44 3988 3518
4902 4957 4891
3340 3663 1727
3021 4009 2443
507 4495 2837
1445 4146 2092
3983 4487 4353
3642 4592 353
3876 4856 1791
3981 4559 2179
2934 4752 1164
2500 2817 957
86 1968 2716
3343 3638 4138
1968 4866 1940
2083 3014 3803
2674 4896 863
2583 2964 2068
550 3596 736
1352 1931 643
2994 3691 3558
4170 4804 2150
4827 4920 2313
3733 4788 2422
3679 4107 4373
2187 3122 242
2646 3637 3365
2015 3476 2971
2077 4084 975
2569 4382 2366
3941 4555 1187
4770 4798 543
1219 4834 420
517 3959 2876
4913 4932 2463
2789 4154 2810
2479 3031 3180
2246 3492 4095
1772 3825 339
535 3893 859
4226 4314 3091
4949 4965 2986
1370 4882 1748
2729 3345 3528
3118 3151 2588
4013 4818 3053
1341 1352 2558
4061 4105 3676
3603 4033 3352
3710 3829 2997
2875 3700 2553
4922 4990 4308
3080 4251 3849
2983 3791 4309
1233 4242 3225
2182 2954 3582
4392 4959 9
3142 4230 3678
1250 4275 1255
4200 4369 2370
4524 4824 4575
765 4339 523
360 871 4507
300 3243 4103
3045 4619 4205
1984 4223 2359
1594 3309 1803
4622 4796 504
72 1017 3506
679 1099 3706
2577 3530 2355
4587 4679 4971
1187 4870 3098
995 2141 748
2667 3939 2999
1382 4890 1537
2271 3589 2847
3560 4816 1291
4349 4662 2505
2467 4634 3536
271 2055 2165
1928 4660 3933
4865 4990 1422
4460 4539 719
1161 1170 18
4850 4999 2775
2024 4570 3362
4077 4511 3729
39 3537 1467
886 3417 3803
1283 4624 3367
4153 4210 575
2988 3894 3317
4138 4726 1629
31 444 4155
4605 4780 3784
3004 3162 1041
4919 4980 3907
3849 4082 1701
2198 3727 741
2847 4326 2140
242 2930 638
2085 4616 1199
579 3603 3091
2040 4415 2184
1444 1924 668
308 4618 3682
499 2217 4769
2489 3313 880
161 1080 428
1127 1479 825
2314 4594 4483
4048 4204 3397
4545 4648 2088
4167 4860 4428
2094 4809 3569
3782 3903 4390
1863 1895 141
2951 4574 2769
4060 4641 718
4581 4641 4487
665 1355 818
2574 2742 4792
2212 3273 2889
2304 3135 353
1687 3087 1884
4439 4630 1609
1475 3210 3179
3496 3930 2710
4371 4446 1449
2084 4768 1869
2887 3819 4994
298 3094 2726
4037 4178 1002
3889 4245 22
4256 4460 1015
3238 4783 2668
4021 4061 3233
3320 4368 1110
1535 4025 438
409 4458 3970
1407 3876 1315
3323 3669 3351
4668 4723 4474
2816 2876 511
1892 3719 4578
3756 3966 4111
4342 4537 329
385 2447 3919
1624 4587 4056
3870 3997 3528
2759 3829 4820
4301 4324 1887
4708 4857 3245
1818 2560 2635
3356 3798 894
426 1775 760
2701 4021 4004
2680 4948 4919
2663 3672 184
1781 4838 486
4729 4868 807
4246 4407 3227
4264 4346 4408
3520 4344 3160
4207 4916 4894
1498 2788 4326
4935 4982 1946
4025 4663 433
462 1714 98
2847 3677 2506
1867 3631 4781
4419 4597 3963
1930 2151 1712
4530 4719 4770
3798 4068 4441
4757 4963 4421
3900 4683 1971
756 1146 2738
3167 3473 4723
1104 1832 2272
2853 3387 596
4795 4959 4944
2029 4804 1425
3052 4058 2226
1937 3430 2235
1392 2714 1024
3220 4690 2771
2940 3731 4008
3168 4237 4991
1505 2192 3151
3828 4357 4271
862 4321 4364
310 3726 605
307 4023 816
513 2950 144
4176 4958 3446
3532 4460 804
2008 3499 1203
2095 2455 1556
2555 4702 1003
3625 3766 4071
2573 2812 249
3511 4609 4430
3699 4406 3684
544 4736 2771
4751 4849 405
4751 4996 4634
2964 4145 1343
2899 4721 4321
3541 4045 3800
440 3442 3971
3350 4596 4510
4939 4956 1467
2479 4811 4047
1280 1720 2146
320 3348 2905
840 4144 3242
150 1479 2316
3030 4022 3202
1694 3412 3039
4600 4991 935
3651 4245 1448
2835 3324 4603
3852 3953 1228
784 3993 3506
1469 2749 4228
3224 4779 4968
4188 4546 2475
4416 4960 142
1349 4880 3094
4134 4795 1670
1304 2046 255
3821 3850 597
3027 3050 1941
3320 4108 973
4545 4742 3546
3944 4012 4782
2721 3074 1768
3022 4878 4353
2124 2607 3531
729 1325 3590
44 4723 4759
3246 3531 226
4450 4548 4036
3052 4785 3156
4726 4931 2582
855 3084 3762
2261 3068 1694
2821 3068 10
428 728 2788
1888 2749 1222
1806 2722 2966
1031 3561 3769
1909 3064 2881
4812 4952 3988
66 2101 4921
1729 4007 4991
3228 3507 106
3103 3847 2281
1271 3166 4014
3282 4787 4858
1884 4118 2671
555 2237 2407
1893 2377 2161
2767 4980 2303
4017 4942 3092
2174 2988 4300
3634 3944 1117
1135 2809 1104
627 3223 3445
1087 1996 3258
3156 3742 1925
4342 4934 3360
2971 3569 2310
126 386 2266
1725 3315 1924
2437 4131 1496
4494 4987 4387
1169 2156 2513
4413 4950 4608
550 3486 2008
4322 4636 1000
422 4505 4807
1730 4649 1821
4457 4947 787
4522 4610 4286
3103 3118 2643
4704 4778 2422
1249 4791 2532
2621 4761 419
1157 3527 2352
944 2688 356
4332 4596 1019
951 3567 2789
2099 3708 1551
2631 4091 2053
1472 1570 3226
4759 4793 3116
4725 4894 12
4399 4794 217
157 4864 330
3604 4771 4839
4849 4955 1014
761 3847 2069
3401 4377 452
3458 4897 3329
419 1496 1430
4573 4829 62
3726 4326 3879
1371 3115 2564
3469 4338 4408
1641 3046 3306
2007 2818 4890
1628 4322 500
57 1232 4225
86 2091 4764
2501 2783 1117
2890 4544 2122
1692 2243 3716
4833 4956 4339
4014 4462 3976
297 907 3357
4998 4998 630
4918 4923 2607
4090 4660 1072
3486 3636 1686
215 1102 1313
4614 4920 103
4795 4803 4187
4568 4964 310
2164 4554 2681
3184 3216 2274
1778 2911 1457
1343 2776 1592
4421 4908 3718
3257 3283 4513
3802 4085 1498
2616 4780 2875
4651 4737 4330
4764 4847 4138
516 1246 4286
3073 3904 4456
1140 1794 2552
3115 3541 3676
4797 4897 830
3865 4489 3835
498 3457 717
1636 2586 1926
3076 3268 2460
4646 4828 4514
1377 3970 4416
3299 3726 2205
3788 4465 1246
2806 3032 1305
3052 3162 55
4411 4659 4757
2214 3321 998
1023 1798 3096
2189 2340 3349
3039 3146 3210
3006 3533 4190
4554 4845 1153
4637 4675 2107
3585 4770 1863
2926 3965 1993
3922 4830 3918
3489 4421 713
2218 3715 1142
1150 3613 4004
54 4721 4400
3973 4757 3840
2218 2285 3501
3893 4640 4086
294 1565 4490
1991 2246 4473
1551 4101 677
4145 4482 1061
4096 4545 3144
2794 3659 3929
1024 4553 1389
3422 4595 2668
4048 4905 4729
2740 4488 1973
2974 4553 204
1073 4464 728
2991 3418 4728
237 2947 1768
1066 2110 667
3042 4091 79
1598 4157 1451
1987 2001 2119
1993 3501 3544
4853 4895 559
2595 3474 2799
1432 4225 2854
570 2812 3099
1992 4851 3536
3221 3756 4094
4213 4221 4931
1444 1690 101
1673 4312 493
456 661 4060
4121 4133 1249
4448 4860 4440
1739 4828 3991
1731 1985 2982
1676 2496 4739
3400 4797 3410
4747 4821 3098
1317 3704 1125
575 1177 1942
2948 4725 2335
4758 4777 1167
3749 4825 396
4717 4924 1989
3615 4979 2450
3834 3964 3103
1744 3147 2415
3714 4335 1264
3757 3923 1075
4251 4595 1119
4786 4865 4776
3583 4691 409
3975 4345 2235
1604 2873 2399
1711 3153 1328
2471 4600 4109
169 3961 695
3672 4946 1877
3122 4794 1059
4965 4971 159
2115 2163 4711
4125 4653 3715
3324 3462 2020
1372 1476 2104
3681 4583 3440
4078 4506 4584
49 4721 3620
3649 3896 178
1513 1521 1218
2458 3802 4173
4997 4999 1994
295 1461 3290
2884 3391 3487
2092 2586 4962
2480 4482 3461
3275 3446 2045
1467 2574 757
3412 4518 2699
9 3685 4109
1945 3558 3020
34 2830 2758
4409 4573 493
4900 4942 244
1285 3159 842
495 3158 1672
3036 3081 4675
2986 3470 4079
4102 4870 3077
796 1037 465
4769 4799 4698
688 1335 3192
4786 4851 964
2876 3369 2282
1937 2587 4221
241 4485 4759
4256 4744 2840
4226 4900 2821
1287 2372 3473
733 1104 931
2274 3277 4904
4535 4649 4528
1907 2168 2838
2276 3949 3658
2094 3758 2561
4303 4890 1419
2290 3078 4620
867 2302 3968
709 1733 726
3727 4854 4925
606 4991 2444
1799 3430 2747
2011 3008 4922
1454 2963 4127
3047 4047 1589
3193 4602 1526
1956 4722 336
956 4628 2726
4617 4632 4091
759 4984 819
301 1672 3360
3176 3842 102
940 1412 2461
390 4907 4813
2798 4692 352
183 478 2336
3852 4551 1664
3418 4999 3863
4752 4771 1393
181 2298 4586
4270 4854 1648
2642 4658 1158
4036 4973 3417
1023 2924 3645
1646 3138 1755
3687 4461 1743
2766 3668 2971
2668 2864 1333
2103 2206 116
874 3948 548
1126 4338 454
1692 3262 3648
3401 4647 4896
4418 4798 3278
1101 4062 428
4364 4945 1988
2664 4379 149
2882 3670 4001
2737 3387 3923
1964 4154 2582
3360 4508 3486
4172 4219 4099
3919 4835 1043
2489 3894 2880
4376 4963 2253
2102 3257 1264
3551 3932 4654
3825 4948 1493
1892 3880 1970
1495 2839 826
3500 3581 1460
3014 4185 1132
3860 4579 49
996 3370 1677
2115 3454 1726
3059 4785 4125
751 4289 2152
2778 4486 3018
3494 4667 4939
3530 4004 3830
1492 1965 984
2267 3163 2477
2874 3811 3337
2645 3942 1713
4329 4595 4801
3383 4614 2922
105 2869 2663
2548 4697 606
2080 4850 2831
1802 4354 3377
1419 3227 1294
4126 4280 1420
4518 4982 2864
1887 3701 4406
2025 4273 4009
1908 3821 2405
3328 3592 4790
666 3427 3048
2539 2671 3363
3394 4850 2036
2764 2921 1823
4707 4964 4467
1470 2623 2035
2271 2911 4395
1392 3353 1010
1283 1314 279
947 2090 321
3787 4574 3231
4961 4990 704
3177 4074 2604
1709 3863 2062
2603 3331 860
3328 4414 3086
1868 2247 2664
505 1049 415
1330 3951 2114
161 907 986
4102 4130 4093
3682 3971 3478
4265 4928 103
1172 3873 2287
1879 2372 1641
1474 2541 4640
2400 3008 4167
1841 2180 4028
1707 3285 639
133 1525 1672
1216 4284 3687
3694 4308 2708
2024 2934 1712
1269 3694 4981
4069 4990 736
3052 3706 2459
2332 4028 2085
662 1355 4485
2599 2800 2345
3405 4472 945
3253 4281 3067
1342 3053 3830
1439 4715 3348
1465 3794 746
736 1706 1277
2600 4643 4725
404 732 612
4548 4609 3488
2771 3298 4128
3210 4841 178
2256 3293 2989
1203 1359 2400
931 1958 107
472 3140 2262
4498 4588 3483
3592 4897 3573
4521 4679 4311
4796 4822 3734
1208 3027 2217
321 3641 306
1927 4815 3795
3603 3733 4945
2869 3455 4685
3810 4976 4723
1979 4222 34
3890 4095 1833
3558 4854 716
4366 4917 1606
601 2476 2122
1476 3398 3831
1961 3050 2008
3546 3661 3125
4431 4994 2210
4984 5000 572
4112 4646 2890
447 3877 4681
2837 4953 3981
90 2794 366
4584 4614 2840
1246 1947 2773
3808 4940 3771
4541 4865 1717
4006 4334 4948
1528 3668 4857
488 592 2862
3094 4932 1575
4326 4977 1087
2722 4677 3441
4697 4744 793
4977 4996 3569
2695 2773 775
1214 4422 1412
606 4051 3807
248 785 1587
2324 4926 2867
719 2798 3045
3449 3855 15
4659 4981 2360
3816 4976 427
3306 4083 1935
658 3061 3198
1593 2599 3440
2335 4769 618
3358 4910 1702
408 3269 559
1050 2159 2429
2775 2788 4896
1832 3101 1682
816 3175 2786
4680 4948 3798
687 4260 2245
1098 3452 2146
1067 1470 4219
4702 4795 953
319 1189 4166
2107 2127 4500
3205 4239 2063
1531 4013 2613
23 795 630
995 3003 3823
3813 3855 292
2624 2978 30
2642 2829 1235
3580 4234 2986
4002 4668 233
4538 4933 1570
2255 3908 1759
2962 4904 4910
2296 2609 3753
509 3941 1613
4500 4618 4059
75 1944 2496
4650 4657 357
221 4261 2748
4700 4708 232
4861 4947 2477
1462 4348 4125
3991 4070 1397
3394 3885 4260
3439 3488 460
3089 4512 3720
2332 2393 1128
2524 4819 2636
1236 1703 4495
4819 4978 1702
4542 4708 4619
1592 3470 80
2658 3629 3561
2860 4743 3330
4690 4817 3024
4130 4516 3252
2350 3816 4876
4745 4812 4272
509 2010 1358
3658 3690 1477
4481 4585 847
1471 3808 4369
1260 2379 2102
1585 3210 3554
1777 4159 3524
3632 4927 1120
303 2911 3998
533 3413 1762
1225 1821 784
2364 2625 1089
414 2778 1720
4126 4797 135
4012 4908 2187
1149 3036 1422
4356 4711 250
8 628 3901
1133 2309 3796
3531 4969 1788
623 4986 4613
4613 4655 4515
108 229 4030
4484 4650 4031
4517 4568 4694
4812 4968 3119
3765 3789 4148
1111 1618 3064
4983 4992 181
4803 4955 1184
2807 4342 1216
754 2543 3089
2181 3829 2232
272 1229 2649
3003 4629 4360
1609 2876 1707
1125 1835 3930
2510 3313 3182
4270 4383 4375
1302 4290 661
3820 4153 3565
4109 4492 1483
1526 2956 4640
2674 4917 3799
3025 4798 3058
2108 4570 290
4936 4973 1636
1054 1139 4491
1368 3356 18
1961 4246 1252
4960 4974 3408
3026 3129 2211
1448 2850 4531
3815 4658 2987
230 1502 3077
647 2678 957
742 2497 441
925 1254 4177
4909 4944 4238
2662 4146 3949
2884 3329 4213
346 4835 3774
990 1699 501
2718 3575 3924
1069 4196 1317
3486 4310 3742
1253 2422 532
1917 2919 2011
359 1472 784
1096 4863 427
3072 4165 1983
2173 2865 1001
1918 4276 1480
2762 3169 4129
1631 3962 494
4001 4242 3014
112 4015 1180
2308 2514 2905
3194 4911 3422
233 4351 3144
288 2414 4249
1179 3190 1109
1474 1879 1325
3395 4090 2489
126 365 2612
3413 4577 1308
938 2964 179
3088 4356 330
3997 4707 121
2346 4599 4076
517 737 4537
1119 3883 2708
3893 3943 906
4857 4931 2917
201 1405 4173
4562 4844 652
951 1583 4535
404 1601 3335
3470 3552 2898
1710 2072 2696
2714 3003 1648
4096 4818 2532
2789 4581 2910
557 1534 3392
2079 3603 4849
2779 3758 2039
3958 4586 2431
2565 4705 1311
3568 3605 3727
2472 2631 2229
4671 4897 1830
3357 3976 1849
515 1131 2391
2141 2262 476
782 3360 4233
4448 4806 1469
2619 2929 590
784 4018 603
3590 4649 681
1668 3915 1062
1809 4998 1854
2645 4333 4142
2459 3289 1212
4804 4981 3017
724 4424 4560
4896 4948 3480
2204 4496 2497
4308 4421 3220
4766 4879 1130
3144 3434 71
3069 4072 1310
3927 4670 4254
2295 2388 2384
2325 4959 4315
190 3125 2722
785 2082 2683
4098 4763 1269
4687 4839 1050
1204 3923 233
3551 4396 863
3098 4153 1963
3081 3175 1299
1427 2516 4574
4387 4441 320
2708 4541 776
1420 2956 2642
1672 3220 1601
3990 4381 1404
1382 4432 4175
759 1253 3797
366 1168 4793
2786 4010 2239
2877 4602 1036
2668 3644 4581
4725 4935 4684
3147 3588 1774
4381 4979 3439
192 4180 1669
777 2446 2189
821 2382 163
3320 3616 3953
3771 4225 14
1541 2401 3129
1596 3716 677
1725 2640 1127
3752 3966 205
3814 4482 2761
2866 4429 2451
643 2767 47
3888 4189 2249
1405 4267 1974
4884 4943 4729
2039 4698 4738
2865 3792 2639
497 2996 655
3211 4539 1024
193 1783 501
541 4683 4129
1918 2441 503
2835 4976 4211
2876 4099 2506
4702 4728 4063
1574 4260 1445
2487 2532 2184
374 2308 3270
1393 2280 3365
4314 4792 2581
703 2181 4575
4506 4872 2082
4022 4909 313
2418 4528 878
2753 3429 1172
1056 3866 456
4277 4450 1789
4314 4535 1040
796 4466 820
1747 4907 394
4620 4798 2597
793 3777 559
422 1451 3023
2865 3532 1236
515 2849 4964
1785 4736 699
109 1746 1010
4712 4942 3424
4031 4861 3670
4069 4960 3512
918 3370 1131
2988 4049 326
4939 4996 984
2514 3860 3551
3722 4072 4112
4926 4958 3124
4416 4632 1335
3168 4769 692
2971 4594 361
537 4543 4614
3755 4527 2861
3780 4832 1900
2169 2598 4729
2163 2808 1194
1740 2744 4739
2103 2357 1981
1649 3124 2918
1371 4032 2006
4470 4487 2150
4556 4860 3772
2891 4790 2781
2381 4556 57
4109 4539 4283
4115 4209 4398
2923 4801 3924
2835 3004 3991
2029 2403 3849
2744 4798 3081
1732 2631 4255
3212 3760 2264
858 3935 1641
3711 4495 1558
3181 3924 1592
1188 1512 2344
3808 4367 882
1623 3795 1348
2328 4868 3294
3954 4996 1080
1250 2819 4036
1015 3573 4439
825 1907 4831
1195 2822 4373
582 1026 25
2915 4328 937
4953 5000 4953
1396 3185 3726
12 3467 3707
3574 4954 4817
1531 1795 4827
2157 2544 2949
1881 2925 1255
953 1646 3798
4689 4771 480
1945 4769 386
1863 2732 3604
1096 3973 351
265 4505 1
1424 1542 4072
4121 4746 4414
4740 4954 756
2532 2992 4546
1503 2594 1028
1355 1481 1792
4121 4177 1259
297 697 1363
632 805 1429
11 3966 3919
452 2356 425
455 3352 2618
3570 3659 4932
1179 1352 3840
164 757 1503
799 812 2136
327 611 402
1171 3512 3288
4550 4889 4340
1301 3355 4951
4495 4928 4118
3650 4917 2335
293 4027 1610
3682 4871 2169
1479 2941 2532
801 3060 2355
1319 3963 4529
806 2322 2278
3349 4239 4199
1291 2717 27
4811 4942 2229
1548 3270 851
2911 4139 3737
4476 4664 2065
3599 4313 4825
793 3415 3892
4690 4979 1406
4291 4400 1761
4834 4916 1286
3660 4326 160
3449 4137 934
2664 3716 2000
3444 4173 4653
3417 3926 888
2429 3708 4989
4015 4422 3259
1235 1281 3223
3320 3841 209
907 1589 1410
2525 3655 2201
4581 4972 4461
698 3535 3914
4647 4728 2749
163 3945 3889
1050 2238 791
2494 4040 1991
3965 4917 739
3938 4646 3673
2555 3764 3864
4134 4210 3361
3001 4352 848
284 685 1445
278 1462 3053
1791 3276 3674
1125 3696 1381
2975 4636 4863
1363 4770 3085
1877 2091 626
3306 4806 1252
3515 3724 1112
4619 4836 2729
1315 2060 3485
1644 3078 1487
1369 4637 2292
1955 2479 1172
4048 4412 2124
3168 4631 4909
1692 3003 1036
3597 4265 3592
864 4139 97
67 3292 4408
631 2701 128
468 3805 3711
1579 2000 1361
3468 4161 15
4616 4998 1239
1279 1316 2818
3254 3933 3857
1337 3979 2242
3186 3260 2003
1344 1462 3586
337 411 2112
1761 2776 4963
2026 3259 4474
2092 2296 926
2342 3390 1873
367 4334 3039
3194 4949 3127
3697 3928 1486
655 2862 676
331 4771 4344
3802 4810 2875
3366 3592 854
1565 4465 4033
3223 3755 971
1543 2229 4376
2638 4124 1983
925 1989 1976
1209 3218 1055
369 2951 2333
3773 4230 1965
3097 4858 4497
4587 4857 433
4758 4954 968
3232 3736 4402
1729 2187 2982
2146 2914 2635
4696 4990 2847
1241 1536 227
2948 3555 759
28 4587 2989
4269 4765 4757
3630 3633 3858
3440 4056 3813
1049 3650 923
3335 3539 4529
4036 4202 2099
3515 4053 2698
4343 4380 3554
1570 4165 4568
1854 3879 1023
3516 3982 2372
592 4063 238
679 4271 772
726 2749 1258
4479 4868 1050
2773 4794 1539
3058 4367 3811
1711 3682 3733
901 1876 2734
2710 4746 1323
2628 3369 89
2642 2699 4322
4588 4624 1348
3096 3098 2906
4161 4707 2291
3509 4400 2891
867 1268 4258
1680 3455 4592
4118 4260 2578
1337 1796 4985
3654 4912 1238
3570 3642 3438
2425 4752 1612
2956 4343 2409
2450 4870 477
2515 4322 3918
2155 3077 872
3760 4856 2193
4419 4791 3302
300 3026 2447
871 3121 2451
1256 4560 4418
3989 4466 530
1046 3634 3745
1140 2921 3263
4359 4462 2595
2169 2691 1365
1590 4105 2102
4820 4956 3887
2779 3690 3564
3611 3984 4114
758 770 4963
4857 4949 1020
1610 2583 4650
1053 3099 444
2714 4565 3155
142 2977 287
1848 4683 432
3805 4510 3603
4732 4888 549
2698 4103 4388
1543 3813 1047
4444 4899 3422
1660 1959 1598
1091 2148 3876
1264 4483 4577
1755 3586 433
3909 4101 4368
2518 3414 3190
3782 3873 1496
3907 4893 2218
3387 4823 4212
1421 4722 3577
4871 4975 3970
390 2936 3896
909 1904 414
992 2486 2910
3390 4661 1889
2001 4292 4904
3951 4740 3493
3281 3695 3000
2551 4370 4727
3342 3485 4248
3978 4432 3166
1337 3964 673
1206 3979 4013
2549 3469 2764
647 3601 2618
771 3615 4434
810 3919 955
1265 4032 2656
1024 4833 2232
3696 3961 4702
2707 4477 4129
899 3505 3611
2012 4919 4647
2912 3457 129
4046 4050 228
4860 4888 3484
190 1643 4246
2854 3844 2069
471 4891 1529
1642 4184 1704
372 3357 934
789 2570 3683
850 1693 4994
2925 3021 2095
3948 4657 1621
610 2681 1261
2837 3847 1449
1438 3493 3138
512 2322 3984
1341 4289 2191
2978 3413 1118
4779 4817 241
3562 4095 950
1841 4616 1386
2292 3748 961
1613 1677 4536
3721 4627 2513
925 4877 964
4885 4927 1683
2302 4612 3064
1013 1249 3721
4325 4803 4259
4151 4731 4654
1934 4209 3635
2742 4736 2397
2095 3293 4989
2745 2944 1952
3288 3307 3823
335 3887 4978
4364 4626 2144
2891 4461 4202
1757 3021 4365
1374 4738 3241
4834 4859 3826
3088 3303 319
480 3705 393
503 3373 4972
3590 3878 4147
2580 2892 2060
2284 3897 2152
4252 4847 3298
815 2565 4311
3439 3736 4467
4272 4686 1021
4594 4866 4455
4148 4997 1843
504 4561 4038
1749 3986 3806
1950 3328 884
4939 4968 2402
330 4660 1400
322 1832 3554
2331 2462 1317
1523 4321 409
1646 2331 2539
460 2744 1422
2826 4171 2736
2406 3013 2504
827 2872 2561
2478 3243 67
4625 4796 2868
1577 4794 3562
1400 1595 2877
1738 4552 4842
846 2463 1085
152 1864 154
4020 4432 4166
3733 4074 3917
341 2606 4432
4794 4936 1254
813 4288 521
3654 4358 2684
3645 4151 1636
3108 3247 910
556 4168 4900
1045 4111 1506
2048 3079 3141
3731 4302 1286
1600 2064 2539
6 4604 3981
561 4055 583
2224 3261 3825
1959 2985 1499
2552 4592 2359
4593 4804 4196
2372 4978 937
4406 4992 2900
4583 4859 3647
1268 3801 3629
3582 4139 165
2714 4398 916
2095 3886 1137
2950 3506 4580
4955 4973 3264
1659 4224 4341
532 1033 2250
1618 2085 296
4978 4989 4849
4351 4684 4663
1830 4923 2951
1841 4668 2936
3018 3111 859
2218 2591 4589
868 3343 3975
1397 1520 2655
1725 2009 2518
3934 4016 3986
2033 4316 3479
3253 4309 4990
4013 4620 4309
3099 3335 144
2299 3842 3861
2532 3958 276
3834 4237 2679
1796 3268 2440
603 2509 1076
4146 4225 4586
431 3574 393
2460 3368 283
610 872 3878
3426 4093 3846
262 309 4826
4127 4450 1648
1309 4660 3930
3509 3764 3956
1427 1432 3658
735 3489 3415
2921 4409 2502
1857 4848 3298
106 3622 2683
4307 4464 551
3252 4663 779
1217 4680 911
3391 4476 3654
2117 3747 2783
2046 4318 2849
230 3222 672
3955 4478 3133
4766 4936 1107
1238 4822 4589
4712 4937 2190
4958 4983 120
4797 4932 1786
4311 4754 55
1779 2119 3218
4304 4901 1663
3532 3903 2276
2271 4903 1868
2994 3658 1118
1293 3796 2078
1451 2384 210
4922 4976 4966
4876 5000 4360
3897 4035 2224
634 4603 31
4990 4993 3846
2309 2655 4800
2806 2809 1079
4326 4595 757
2041 3885 3047
1378 1761 3196
128 1114 3413
2010 4627 1938
2849 4589 216
1360 1887 1702
2153 4015 3599
745 1080 269
2020 2897 998
2170 4337 4434
4794 4863 2902
4218 4344 1655
732 3141 740
2464 2552 1081
3798 4571 565
1571 3848 3360
3267 3700 2879
4798 4798 374
1921 2769 3006
3115 4755 2092
1072 3876 1869
925 1777 2322
2671 3785 3795
977 4625 3407
2758 3941 980
1796 4080 1319
2452 3278 4696
64 1404 1708
4590 4696 2501
2351 2394 1963
3081 4916 4514
3048 4877 920
1563 3194 4688
881 2334 1137
29 1389 3954
1043 3966 2597
1359 2650 2854
4514 4890 4029
1831 2999 2639
2812 3745 4422
4606 4851 525
3153 4941 3399
3226 4033 2118
3226 4493 3008
2239 3151 2174
4835 4943 4111
3090 3343 286
2334 2612 2647
3038 4670 1153
780 1777 495
1074 3577 1615
4579 4975 176
4663 4965 3856
2239 4322 2617
708 3067 2172
4398 4744 1941
2172 3467 2132
1393 4865 2671
902 2997 4272
3436 3971 1074
4811 4813 308
3326 3492 4115
570 1827 3556
3396 4012 1747
1356 2180 1817
529 3741 2696
763 4199 1202
319 785 1480
4798 4899 1761
635 3768 2981
4659 4984 4619
2875 3212 1986
996 4940 4092
2493 4855 3240
1042 2410 2695
1598 3063 3324
4573 4845 89
2503 4051 722
212 3155 3640
4863 4916 2015
1327 1708 2772
630 4534 3722
488 786 1632
2608 3739 2501
2396 2937 4560
802 4517 3097
1339 1368 173
308 4177 28
2760 4244 554
1198 4878 4909
1921 3318 3104
2634 4743 1223
575 3677 2191
3377 3418 2783
2627 3702 1779
4720 4879 1694
477 1271 855
1955 3189 9
4222 4811 3378
3874 4104 4021
861 3458 4952
2247 4640 1439
1753 4315 1824
3135 3951 1488
4346 4837 254
2417 3712 3323
2953 3946 2179
4348 4800 1648
3299 4812 507
2005 4700 4304
1991 3425 1283
993 1874 2988
3777 4560 3840
1690 2434 2884
1177 3894 2440
2550 4044 3431
2107 2897 1427
2395 4148 3867
2686 4534 834
547 4799 439
431 3804 2539
1897 2169 4182
1178 4145 3883
2084 2864 612
3125 4562 770
1356 2695 3948
387 2464 3695
3595 4506 693
3762 4505 1688
4948 4987 2608
2093 2460 2097
2 872 402
4947 4963 4430
4727 4935 217
3756 4280 1342
4696 4978 745
4753 4847 3186
4928 4969 3413
1715 3990 2219
2167 4574 1026
4308 4550 3239
3217 3505 4717
3150 4934 1038
3601 4452 2891
683 3169 1743
4706 4828 3719
44 3480 1224
3966 4056 2674
2503 4939 3631
1825 4909 4792
1923 4925 1024
4372 4744 4077
948 4817 4704
3049 3308 1086
1996 2189 4274
1242 4964 2240
847 1761 3518
2295 2616 3219
1762 2645 3876
1450 4814 4041
733 4731 188
2591 3346 10
3689 4061 4519
2014 2586 264
1581 1880 1547
3111 4136 3340
1625 4213 2062
1907 4465 2731
2270 3684 1419
2646 4247 3034
2031 4362 425
114 1893 1298
3725 4562 2893
1990 2569 4179
3361 3794 4183
2037 3542 2154
1637 2393 956
3108 3725 2897
1669 3254 4332
2641 3140 3983
2422 3620 3992
4047 4909 4265
2807 4388 569
3124 3918 4318
1226 3049 3055
4298 4449 1089
4892 4901 2328
738 4337 1426
1348 2475 4076
276 1773 1578
2041 2325 4746
3782 3798 4035
981 3005 434
1672 4358 238
820 3518 4916
1017 4117 3239
1714 3730 3711
1747 4822 1286
757 3102 4869
636 3058 4347
4757 4936 468
4785 4987 2412
279 1926 3933
576 4422 207
675 1945 1001
2447 4993 4985
4567 4835 2860
60 4410 3323
2507 2694 4059
1735 3921 1483
4940 4977 4850
4703 4993 651
978 3175 1798
3482 4632 4934
4235 4404 541
31 3674 811
2799 4693 143
3021 3658 1573
1336 4453 1183
3814 3925 3966
1579 3973 4091
4152 4513 1024
545 4671 169
1714 4783 3789
399 1904 2069
2636 3998 1887
3269 4621 321
3142 4699 29
2937 3961 2980
238 1914 546
1527 1918 2379
4524 4969 815
1992 3171 838
3446 3620 4330
2140 4791 4076
2062 2555 1923
2468 3568 1915
3979 4439 3335
3354 3918 1341
263 4292 1273
2092 2838 3816
2624 3356 670
4537 4594 507
3215 3783 1904
664 776 2877
2884 3528 1240
1531 3264 3213
4716 4849 2947
837 4476 2198
4200 4314 2435
759 1973 1864
355 1604 2176
2609 4807 4614
1574 2931 1540
1084 4107 260
4063 4287 3733
694 2082 4452
2442 4362 4943
4589 4714 129
4297 4789 4162
3845 4536 3780
2720 3409 1650
992 3065 2957
3037 4165 1763
3823 4920 3901
3298 4844 1222
3260 4254 404
1541 3837 2881
2491 4098 4242
2543 4565 4694
1125 4491 1635
989 1201 2813
2020 2358 4158
1736 4300 2984
1671 2728 3435
4570 4772 493
3461 3469 2348
1066 4439 3858
1648 3752 4532
441 4454 4938
906 1574 2246
4230 4249 476
3180 3409 4784
1268 3244 4984
1943 2459 2074
1723 1806 1944
1436 1579 600
2010 4509 3734
2399 4363 3726
1631 2738 2733
4458 4718 3234
1649 1947 2305
546 3514 866
1550 2592 1210
1501 3992 2737
4973 4982 3091
3319 3520 3718
3528 4549 730
3034 4702 1410
2212 2714 4077
3150 4639 3896
1313 4525 3190
4805 4844 4869
2428 3792 623
2462 4858 4134
3968 4920 3676
2801 4385 3436
4826 4911 514
2622 4985 368
1344 1839 4264
1944 2861 1057
781 3582 2540
1693 1978 2240
1354 4000 3125
131 924 1884
4577 4991 4625
2655 2661 3709
152 3731 886
1369 2062 1091
2602 2814 1981
2361 3122 4509
4307 4703 1414
3255 4805 1743
4306 4943 3354
371 555 23
4605 4630 4911
2214 2679 4417
4676 4767 2593
1408 2398 3822
4503 4648 1100
2 3739 2969
869 4853 645
1282 1735 373
482 2879 1060
3972 4833 2101
4589 4612 2024
398 3246 4723
2165 4458 507
458 4112 2749
759 2956 267
358 4939 2987
2564 3575 411
38 4376 3538
3756 4769 1188
2827 3517 1848
1914 4879 2506
3939 4555 1161
1316 2010 207
4628 4938 1524
1144 4151 2607
4066 4256 80
919 1009 2709
4257 4324 3784
878 973 3824
2610 4834 2552
4888 4959 3182
4572 4866 1192
2182 2250 3638
3345 4618 1347
123 3613 1318
2423 4831 2572
3139 4934 1728
3734 3991 3455
1765 2457 1463
1654 4354 184
2901 3855 2365
4753 4792 429
379 1100 4168
1448 4333 3111
1419 2201 1798
2629 4815 4177
2962 3273 2565
4844 4977 1739
2839 4631 2287
4545 4602 4455
2862 3486 1437
4702 4969 2657
1229 2648 1924
4648 4804 4039
4395 4535 3066
748 4896 1691
985 4198 3469
4368 4590 1701
3397 3451 4040
704 794 976
512 1074 4637
3545 4020 1046
690 2701 576
3213 4103 608
2494 4627 1179
1848 4264 3837
4954 4997 4191
690 4547 1782
2216 2226 876
1336 2607 4018
2296 2469 1961
4905 4973 2217
1141 2398 3395
2341 3206 381
2932 3101 1425
1903 3014 2801
1631 2089 1052
3493 4072 2763
191 716 2470
4340 4990 726
2737 2926 1022
3952 4763 2923
4284 4647 3911
2458 4319 4381
4403 4992 158
2976 3325 4245
2664 3647 4229
3757 3954 1965
3859 4414 3217
2297 3750 909
4180 4950 2753
4391 4413 1782
1217 2070 3363
1936 4327 1087
4249 4640 1384
1278 4522 3970
4838 4995 2982
2567 4956 3371
2323 3901 1471
2324 4059 3583
3517 3690 3246
3777 3944 2939
1386 1924 2736
312 743 2340
1049 2420 2050
2416 3148 4734
34 1119 4019
4038 4206 4434
2336 4556 4775
336 4865 3446
4537 4921 4025
1620 3671 2440
4345 4530 1466
2917 2957 3854
2867 3252 3637
4609 4902 1379
2216 2432 1551
916 4560 3814
1569 2773 2738
997 2229 2708
4096 4517 401
2696 4743 1513
1816 4108 1907
82 1712 3305
4413 4592 1667
502 4520 3070
845 1932 4441
2010 4257 2459
3148 4817 1577
2275 4022 339
4053 4341 2319
4523 4806 4455
228 1287 682
633 1769 968
1864 3854 2961
2026 2193 1447
76 1756 2475
1348 4778 3399
4452 4600 1222
2279 3332 1428
381 1904 3636
2261 3724 3690
2641 4896 1699
3510 3573 2012
3353 3890 2061
4105 4312 1551
538 2653 1939
2253 4653 4400
3469 4257 4436
4182 4699 3481
163 3431 2076
615 632 101
4977 4984 2092
4423 4846 4199
3847 4916 1547
3688 3964 2941
4067 4135 1363
75 2735 4068
429 2406 566
2699 2872 107
1808 2156 1605
4670 4855 4939
2034 4665 2948
2131 4853 1664
1033 4546 1645
1504 2721 3433
2196 2639 1567
472 937 4745
427 3638 4152
849 3858 1561
4635 4702 37
1423 2612 223
3614 4561 1201
4798 4997 2437
3531 4076 3947
2750 3709 1468
3885 4693 2146
1732 1825 4470
1473 3417 2960
4207 4510 3528
2026 4709 3325
873 4152 162
1460 4346 3325
232 2960 3215
297 4300 2447
247 2896 2688
536 2070 4377
1906 3856 3796
632 4273 3754
1663 1695 3246
4296 4543 4513
3209 4779 1846
95 365 1368
4788 4902 3673
177 623 3046
2105 2667 2176
3624 4006 4679
1578 4855 4691
3165 4252 4822
3418 4526 1229
1828 3773 4578
3560 3678 1800
3438 3958 4979
955 2514 1181
1522 3249 3073
4265 4878 1227
1213 4000 4828
1392 3969 3009
2711 2812 2025
4238 4757 4744
1178 3906 2269
1284 3883 4405
1630 2630 1675
291 336 1437
4618 4819 955
1060 2252 1251
3489 4906 1780
194 4425 2412
15 4282 2585
2687 4994 2817
707 1666 2270
4815 4828 2315
3098 3879 1220
2939 3646 2269
2176 2731 1926
2951 3722 4318
3700 4250 3652
2893 3840 4123
2978 4264 2503
3534 3591 2917
2711 4674 704
3052 3060 3091
2263 4536 3707
2387 3090 3359
4929 4955 4149
3366 4017 458
2039 4990 4215
2219 4121 786
2535 4213 3291
774 1853 2854
2771 4123 3450
3938 4435 441
1272 4045 1351
3125 3384 1699
2541 3889 907
4647 4780 2857
1307 2116 2911
851 4937 4420
4505 4784 1722
3913 4433 2624
3774 4086 4929
1877 3011 3442
4413 4750 3815
3975 4937 2279
616 1483 2040
2567 2938 4937
2099 2844 90
292 3877 3614
334 3424 1149
2760 4396 2979
4454 4478 3814
2511 2930 3316
2905 3402 705
655 1430 3303
2780 3497 4427
3698 4536 2342
2404 2541 3294
307 2162 2248
3536 4582 1346
172 3644 3776
3770 4887 4710
4990 4994 3986
1183 2992 2866
45 2504 2815
3508 3868 838
2697 4291 4527
4018 4372 772
3529 4106 645
3193 4273 2170
49 305 2858
3603 4712 2577
4826 4840 472
4095 4522 1911
4179 4720 420
153 773 323
208 1437 2499
3207 4287 4655
3400 3686 3611
1388 3379 4972
2550 3369 4666
1363 2177 4111
2214 2624 4124
4727 4795 170
2939 4583 2266
4672 4923 2086
533 550 2489
4398 4972 997
1369 1945 2505
2685 4824 2466
721 1476 3509
3625 3754 2808
4531 4823 813
1813 4824 621
2428 4817 1745
3022 3320 1202
2817 4391 1650
1138 2004 1836
1735 4327 2263
211 3330 4651
2911 3085 2268
573 1856 2083
2551 3700 862
583 3551 336
1522 2820 1817
797 3924 2376
4044 4419 2556
2535 3280 4815
4720 4937 992
1114 3307 255
4452 4524 5000
1578 4416 4678
4384 4682 3396
4428 4889 2157
570 2672 768
3780 4282 3435
4397 4552 3362
1048 4735 1892
1898 4227 725
997 1764 4847
51 2750 1567
2873 4318 3420
2903 4820 3510
3099 3397 2392
4041 4659 3503
2279 4477 314
594 3460 496
498 1556 3808
4875 4886 457
614 3176 181
4708 4847 280
1387 4512 939
2148 3739 3935
1415 4269 1713
859 3278 485
2692 3594 3547
910 4029 3414
2514 4344 1727
183 406 1724
4956 4969 3272
3648 4226 4955
1882 3349 657
290 4799 983
2665 3438 1017
237 2994 1046
347 1002 933
2982 4418 1246
358 1935 2213
4608 4747 985
1921 4943 1438
977 4051 208
1218 4228 1865
752 2310 4935
3309 4551 658
1156 3448 3525
1851 2334 2862
3120 4079 363
1141 2232 1490
4396 4902 698
4109 4442 559
2887 3609 3292
2222 3222 2739
425 3932 4554
1805 4813 3171
532 1236 3690
4045 4745 3943
3911 4102 86
221 2328 1565
4087 4550 1271
3934 4234 4242
1952 3461 3957
2494 3944 2524
4876 4901 2490
3601 3774 3415
3486 4157 716
253 1570 4938
356 2857 1362
1927 3902 550
1096 1665 4450
16 3027 945
526 4031 3966
4322 4815 2194
554 2102 2620
3445 4568 547
897 3613 4640
3386 3571 2409
4688 4699 2321
3571 3798 1391
951 2258 2633
4846 4947 3883
621 2514 2098
4131 4278 555
2381 3373 1989
3728 4933 4353
2531 2897 1723
215 1888 4575
3705 4484 4561
2892 4556 2831
2938 4773 1566
3523 4426 5
2917 3261 4604
3308 4333 2256
2627 3598 1295
2711 3685 176
3997 4424 3491
4772 4836 1425
4729 4993 2774
4841 4913 703
789 2444 2133
4429 4948 4225
3475 4146 3840
4009 4349 910
3578 4206 4759
3974 4372 251
1497 2316 621
3920 4758 507
3520 3951 4846
52 4903 4166
2858 4821 2440
1603 3425 3344
862 1442 3936
4553 4906 4703
181 3210 1423
4690 4974 1366
1154 1218 4448
1178 2781 697
4120 4615 977
4298 4821 3072
3184 4131 2599
4394 4818 918
468 3635 4482
3747 4057 1365
1489 1907 324
4241 4723 1371
2523 4221 561
4119 4121 4451
1158 2963 2997
1338 3707 949
4669 4758 2110
806 1356 2914
398 4858 1986
1921 4640 3476
3588 4285 1260
234 805 1128
4958 4982 3806
4759 4955 396
467 4290 3765
4194 4919 2051
295 4725 2450
4524 4911 3883
3135 4416 2337
4087 4696 1938
4947 4987 309
2382 3384 1528
97 4919 4846
2495 3259 1195
1179 3313 3317
1748 2244 1191
1268 2461 3428
2194 3508 1843
4833 4860 1869
3798 4968 2039
2698 3762 3113
3754 4389 4635
4546 4572 173
363 2463 3772
2287 4906 3178
2194 3300 2507
987 4079 4009
1765 4792 2507
3263 3832 1724
700 4455 2545
3771 4233 1413
3614 4016 1928
765 3047 4983
2362 3589 888
2302 3718 3971
565 2060 2638
1696 3976 1396
1481 2137 738
846 2706 4088
4363 4970 1357
4166 4720 4702
4820 4870 1210
3651 4636 3437
1921 2456 419
412 1667 4584
3721 4846 2288
1531 2936 2197
782 1090 4324
4290 4516 1754
2009 3399 2996
1331 3212 276
3777 4762 2830
3137 3908 22
3352 3893 2770
2966 4133 1661
2560 3785 2892
4165 4468 1155
3026 4742 4065
3423 4620 2755
4205 4918 2219
4015 4642 3443
4651 4798 1443
3003 3498 3198
1433 1781 2936
3230 4257 2510
3603 4439 2609
1282 2989 2992
199 1615 2797
885 3568 2726
1368 2154 14
2508 3305 477
371 1940 4648
3566 4084 2689
1628 2067 2465
442 4438 2833
1912 2348 2883
4588 4628 4397
2318 2339 1574
3438 4217 2903
1469 4199 252
1602 2451 369
4077 4145 2093
1453 3814 3005
687 1066 3085
861 4152 914
2492 2595 310
2100 3865 3719
1614 2182 2031
1642 4782 2101
154 1222 1153
1901 2211 4143
1533 4445 3819
2572 3004 359
1472 1580 1325
4578 4886 4719
2400 3436 1578
2964 3530 4955
1368 1720 1477
4311 4479 2017
276 2686 1905
2491 3126 2095
2722 2846 430
1746 1826 2792
832 1429 1322
3758 4557 151
553 1785 2104
3677 4511 4442
1046 4358 1957
2822 3636 2758
1035 3470 3427
309 1891 4793
2854 3733 3698
285 2440 2940
650 968 3624
1652 1775 4759
307 3736 3968
261 1185 582
2579 4213 2841
4833 4905 2234
62 4683 2465
4269 4676 2475
2740 4257 4773
638 861 2209
3779 4548 1774
727 4794 1365
3492 4124 900
3436 4991 4450
1302 3507 483
3951 4701 2623
1215 1547 1429
3265 4408 4609
3426 3594 4347
2975 3380 1571
2554 3788 4154
1558 2581 1216
906 946 514
2645 2687 3500
3501 3921 4227
3635 4749 4704
924 4138 2693
828 3480 3796
4476 4925 1475
1977 2202 1936
2776 3584 4083
4987 4992 740
3227 3613 4937
1368 3896 192
1924 3819 1931
2612 3141 3959
4227 4481 2071
1325 1477 391
3468 4872 785
3052 4685 3718
2995 3795 1825
2846 4858 2129
1299 2176 425
3111 3461 1751
3385 4209 3485
3288 4655 1731
368 959 19
1535 3541 3544
2290 3972 4020
3211 4526 2593
2820 3989 2411
4572 4723 1894
4828 4865 4575
3064 3541 4931
4618 4975 2948
1853 2506 1081
2127 2965 2182
4276 4817 3531
793 1447 2710
2718 4479 3107
2087 3031 169
3896 4609 2625
4501 4849 3370
2912 4323 4094
703 3568 487
1355 4869 2368
4170 4610 4918
2726 3614 3941
3680 4302 3975
1159 2928 2906
4892 4966 1606
2878 4009 3159
3062 4886 4491
3936 4999 1226
387 1912 1539
2127 3930 882
1223 4837 4080
2799 4701 1864
4328 4731 661
4255 4623 2238
931 4331 1604
528 4311 2408
4171 4881 4932
430 4045 4866
4822 4885 1216
3623 3775 2399
4226 4679 2159
3401 4109 2781
481 4712 587
1901 2927 3288
531 1597 536
1969 2447 1355
1601 4507 3724
4871 4881 3738
910 1330 3560
2320 4831 1273
1944 1980 818
2568 2820 4268
1979 2119 3607
1624 3376 1199
3432 4099 1016
2295 3064 2422
2038 2430 38
1101 4015 772
2404 3539 4725
3532 4326 3383
793 4707 2216
2804 4839 3593
206 221 4318
1612 3795 2473
3681 3782 4214
1523 3520 4482
1092 4660 1844
44 4373 1704
1110 2002 2752
4706 4775 2451
1710 2516 1964
3471 4974 239
1923 3654 2521
2056 4039 2159
4171 4300 3549
1421 2785 2385
1443 3585 4624
4790 4874 3571
1617 4585 1757
885 2499 4344
1092 3922 2472
3994 4785 787
4973 4996 2700
3024 3887 3746
4638 4799 2920
1542 4127 4764
4519 4730 1631
2712 2779 1155
3894 3946 1650
4110 4835 2947
3268 3977 3236
3433 4440 784
2422 3057 3815
1300 4371 85
3693 4029 692
2640 4966 1529
693 2164 2529
3300 4618 2967
2635 4932 1046
3539 4875 1802
4933 4994 3989
627 3638 4274
172 4556 2625
1714 3202 4151
670 2979 4775
4557 4957 2142
1562 3940 3307
4306 4469 261
45 2401 4368
1365 3838 2673
3669 4847 2663
2755 3052 3269
2590 4661 3992
3674 4489 2734
1567 3409 4938
770 3886 1866
4730 4783 746
635 817 2073
1683 3526 3713
641 1512 3638
3609 4268 4155
1007 3356 4495
2418 4078 4376
738 4379 1575
4572 4965 1987
1422 3319 3112
2599 2647 1245
2504 3159 2062
2982 4774 813
1953 4887 1183
3283 4533 2681
4957 4969 4139
2799 4481 3210
1803 2284 1471
4216 4956 2028
2738 3830 2270
3994 4929 874
1395 4916 3124
3129 3836 2190
3046 4599 3737
489 2277 4744
537 3744 715
474 4428 445
3791 4070 1449
2076 2833 1178
4537 4545 3975
2738 3241 3912
4919 4987 3574
4046 4118 331
2311 4462 3967
1613 2822 876
4101 4500 834
3633 4266 1566
279 4463 1779
3741 4649 613
825 1804 3304
2636 3661 2349
3174 4948 4209
1217 4509 3804
2119 2473 2813
1808 3416 1513
3682 4370 2985
875 3289 1505
299 2026 2704
1273 4245 2703
2739 3059 205
476 1086 649
2583 2972 993
4856 4970 176
3909 4065 4246
4765 4937 906
675 3090 2265
4645 4805 3651
2350 4971 2853
3954 4978 1348
219 2852 4807
101 1736 272
211 2948 2233
3772 3862 1008
449 473 2425
1202 3234 1252
1041 4007 1613
3200 4609 4807
1579 2106 858
4896 4987 3240
4124 4309 1886
3697 4122 395
1755 2247 3444
1130 1218 4862
2810 3468 2792
4589 4998 2300
992 2996 4117
879 4749 1579
3114 3539 1430
573 1800 2612
2175 3993 1816
3955 4074 3849
2203 2245 3454
3413 4627 608
3095 4981 3304
4041 4284 3585
2164 4203 3222
2311 2669 2969
508 2721 4974
1394 2367 4694
2057 3130 2295
4215 4616 782
2151 4793 3301
4077 4833 2650
2031 3758 4786
3305 3813 1238
2236 4250 4374
2006 2822 777
2680 4167 1497
1770 2414 4607
4938 4938 3718
4068 4892 2292
1727 3554 3072
4736 4849 2463
2022 3519 2343
3526 4293 287
4200 4586 3440
2476 4742 1358
1958 4057 711
4987 4994 2365
1412 3523 3691
2305 2388 186
1286 4232 398
4262 4462 151
4864 4871 1164
3222 4104 1037
1480 3621 134
2353 3747 3273
788 1917 3177
1114 2636 2983
3202 3711 2294
379 3575 4599
4568 4814 3151
4491 4837 4678
455 4275 33
2529 4234 4778
1850 4063 705
3058 4685 4841
2469 4394 2400
3850 4445 3108
2841 4269 1726
2430 4694 3362
3954 4159 868
67 3639 2127
744 2745 4974
2334 2646 2673
1372 1402 3159
1200 2646 4934
4476 4607 4327
43 3433 1965
1641 1817 3693
4696 4768 1742
395 2805 3936
745 4207 1757
4264 4303 1939
4149 4176 1612
3595 4968 1179
1511 2328 1779
3623 4151 3923
2104 3680 2946
3149 4454 3376
608 1895 769
1089 1584 1664
165 1732 3498
503 4654 4352
1013 2692 1144
3676 4646 4094
254 1936 1844
501 3076 193
4414 4797 1113
4111 4581 2218
2906 4819 834
3663 4850 1732
2185 3772 2525
672 2905 2328
2606 3685 957
83 3342 3910
2619 3754 4239
2869 4832 2370
919 1210 1009
3778 4126 2458
3625 4695 851
3240 4680 239
3259 4410 3890
4949 4982 1439
2262 4853 1059
3251 3622 4810
2791 4179 2570
1078 2318 4876
1852 2779 875
4961 4974 2099
227 2756 2140
4545 4962 2747
1226 4990 2151
1358 4043 1360
4044 4853 1817
4005 4799 1375
485 3195 1581
4351 4816 3311
4512 4597 883
254 1623 4042
3263 4033 4339
836 1759 2658
2004 2111 3935
1012 1728 4457
3362 4369 3509
1044 2971 434
4414 4980 259
340 626 2002
4259 4309 4019
2680 4181 4187
1115 4236 3563
4048 4716 4792
355 983 3007
4720 4947 1423
3845 4569 2149
764 1960 4596
1455 3229 2855
96 3109 4619
3642 4788 2106
3699 4561 2058
2962 3045 1391
2889 4795 3404
633 4919 3770
2872 3992 3726
304 2148 1973
3320 3833 4846
2922 4675 29
172 4653 1756
933 2734 4459
1604 4719 3861
763 4259 2323
4216 4564 1394
4057 4120 3376
736 3742 1418
3576 4816 3983
4411 4710 4394
2407 4033 4518
273 3295 4260
2730 3271 4909
1790 2639 2687
2167 3308 235
3348 4346 587
2523 4065 4179
2124 4875 542
63 3411 1877
3058 4781 3092
2562 3712 3496
2362 4101 4162
710 3211 4360
2128 4523 3922
3032 4189 4945
3218 3625 654
988 3592 4100
1897 3292 3513
2523 4011 3778
4754 4996 2016
935 1556 4011
3493 4855 2015
1655 3053 3182
604 3831 1979
3130 3435 3791
4941 4985 3313
3604 4556 872
2190 2262 1470
289 1530 1762
258 4621 3014
3112 3944 3101
4503 4574 1813
444 2694 3319
733 3628 4295
3141 4785 4619
1010 4397 875
4690 4792 2741
3263 4900 231
2686 3873 1282
297 1328 479
1658 3431 1643
1025 4630 1508
1875 2666 4295
3096 4365 2923
1190 2918 232
4980 4987 1053
2801 4635 3776
2920 4583 2658
195 3947 1435
12 4611 1749
1628 2459 2508
2521 2660 3109
582 4663 370
350 617 3078
992 4839 1284
2476 4408 4982
4602 4768 4681
1231 2691 1835
1065 4534 3530
1346 1904 3012
2072 4644 3140
162 4910 1804
2543 3327 2046
3962 4256 2331
1776 3075 3192
702 3467 2448
1998 3781 2367
3003 3897 2025
1398 3543 271
4944 4951 3744
1552 3929 2641
458 2246 2621
1245 3501 3434
4491 4770 3117
3466 3712 2061
948 2447 2151
1100 2339 1243
4286 4950 2391
3355 4336 3286
3998 4371 21
2406 4878 1592
3586 4311 591
3459 4727 4116
3711 4118 1077
3650 4631 774
688 4633 3218
1081 1455 2407
3798 4246 2998
1022 1940 4654
1255 2481 3646
2612 2841 2539
3634 4337 726
673 2423 2899
3153 3960 2488
3507 3570 2306
1575 1901 4934
4950 4984 4962
3790 3914 1563
955 4885 2654
2239 3568 3383
3515 3870 140
4082 4091 2827
4800 4975 418
1059 3343 2490
2723 3159 3754
2240 4419 4376
3812 4652 4856
2526 3078 3747
297 1155 662
1311 2932 1855
1290 1818 3756
3370 3849 968
2465 4185 3398
3535 4965 1074
4066 4728 2850
4319 4708 336
4524 4565 4755
2329 3322 1551
341 4053 416
4490 4614 3359
3916 4275 2584
672 4978 942
4818 4858 1070
4050 4131 2067
477 4352 1068
849 4130 3007
3608 4297 575
2055 3587 3124
4993 4996 4115
555 2297 4626
769 2191 1876
943 1807 609
2055 2608 4813
1036 4262 2795
1123 3143 2191
4011 4736 1706
3320 3594 4985
4490 4619 3021
4339 4752 1553
793 2529 4688
2068 3492 4504
3225 4937 835
3960 4678 4915
1169 1715 2038
3814 4435 3072
2170 2589 3185
2380 2456 902
2838 3609 2625
3500 4123 4307
3809 4290 3449
2114 2391 3209
1666 3053 3483
1931 2265 3829
2496 3357 4278
1382 1738 893
1836 3558 597
2107 2848 3657
4225 4914 3450
3793 3951 171
2126 4476 4995
498 1355 2785
2742 3366 1690
3448 4654 2120
4681 4784 3839
2194 3522 2276
2441 2446 4949
1922 2768 250
2308 3546 1496
1722 2681 1172
2510 2865 891
4352 4846 1989
3816 4760 2808
1539 2534 3242
1546 2162 2691
2236 2693 933
502 1944 2528
3769 4567 3852
3195 4572 1755
3517 3886 358
3319 4663 722
4233 4455 400
4669 4992 1131
4873 4921 4657
3855 4843 2887
291 1232 3053
486 3997 3087
4627 4798 3397
433 784 4271
1070 1700 419
1977 4398 2510
4836 4950 2663
2443 3665 852
4215 4954 50
3926 4040 3522
248 966 3684
3069 3549 1404
3151 4553 3914
1709 2432 127
3911 4216 980
3577 4326 4504
3288 4231 262
1602 3690 1226
4688 4984 2058
365 4522 1293
1526 2707 634
123 4608 4375
863 2575 764
2658 4421 4627
4487 4607 3187
3262 4706 1285
1657 3222 3620
2078 4460 2644
4102 4259 4271
399 2979 3414
646 2697 2196
605 3735 4753
3850 4883 788
4579 4664 1887
4553 4743 1954
2562 4555 207
2379 4039 4171
3990 4319 3914
2823 3187 1762
4904 4946 1695
1995 2977 3182
1287 3986 3696
1330 1643 634
874 4579 14
3607 4891 1183
736 3647 3064
2343 3294 108
85 3953 4884
3756 4855 3546
1966 3523 4663
4655 4849 338
3681 3821 2206
3368 4472 2398
3660 4620 4786
3133 3983 2162
3050 4903 389
1626 2754 1385
2040 2442 2974
3261 4945 1141
1151 2094 4815
4384 4795 2476
3804 4937 3143
2145 2427 3847
4079 4840 1163
4318 4626 3893
274 4029 2395
4872 4909 3782
4851 4951 1416
3089 3365 1565
3859 4096 661
1179 2434 915
4628 4936 3512
819 3353 2229
2341 4381 2124
2529 4839 4134
166 548 1810
3749 4869 1567
253 3211 3421
252 536 138
3971 4813 4082
3327 3916 1027
1552 3429 135
1916 3399 4547
3270 3287 4004
885 3613 61
3515 4728 869
3398 4900 3033
2561 4056 1617
2143 3931 1773
536 3881 3248
3198 4607 437
985 3611 728
3455 4999 2330
4794 4906 2287
3850 4974 1083
557 2437 1570
2664 4271 2103
1560 4113 2029
1696 2931 216
3997 4037 4355
4818 4988 4715
602 1628 965
136 2084 175
897 2437 4141
1306 4485 4102
2256 3190 2720
1974 2424 3469
1056 1887 2528
2273 3323 2749
3739 4058 1276
351 3260 1378
998 2241 1651
3198 4072 3980
1821 4737 3516
2953 4091 1153
4058 4813 3286
3886 4106 743
3474 3915 2341
2085 4413 2311
767 3340 3662
4547 4796 4828
2594 4540 1072
3657 4144 3129
1090 2462 740
2685 4932 12
2640 3037 4326
4916 4946 2769
3168 3609 142
4925 4957 2842
2599 2936 1885
497 3734 1885
4802 4884 720
4288 4743 2890
2655 4156 1430
4446 4938 3229
1377 3618 604
908 2097 1805
237 841 3215
2144 3093 2864
2469 3416 368
3816 3851 355
3476 3647 2598
3910 4889 947
843 2176 2848
2047 2934 76
3817 3871 1311
755 2069 3859
3876 4552 1003
4310 4758 1934
3468 3827 4517
3451 3868 588
3530 4467 35
2161 4009 2514
416 4542 891
145 1604 4569
4432 4551 2687
3677 4796 3110
895 1491 2753
4704 4921 3552
2176 4568 1819
1353 4643 2982
2141 2432 1979
2224 3141 1212
1333 4427 4164
3634 4027 3409
1417 1593 1212
1954 3744 4977
2939 3446 1182
4056 4213 2446
4599 4652 154
2687 3210 4446
2675 4536 2466
3193 3295 1267
4454 4568 2899
2298 2917 2925
333 3158 2322
3849 4616 4504
1593 3986 2420
1048 3698 606
101 2994 692
608 2769 1031
1514 4502 2057
4779 4797 3039
1868 3862 635
4206 4514 1447
3933 3943 4213
2897 4420 2526
1256 1788 1570
4561 4800 4988
1285 2026 4519
922 1220 96
3806 3948 3351
3833 4062 3967
2275 2666 3959
2455 2974 2732
3411 4993 324
2639 3728 1308
2866 3043 4589
3281 4726 4672
4947 4990 2338
1818 2860 1119
2299 2479 1956
858 4252 3072
2203 2482 944
2642 3059 2459
3037 4496 4013
4917 4981 4130
3913 4282 423
889 2879 4900
4113 4864 1975
2110 2498 2399
4389 4591 3377
3512 3641 2852
2195 3783 461
3781 3790 4388
2255 2643 1387
3919 4698 3136
2583 2891 2167
3828 4375 3107
2958 3533 2592
1441 4410 3875
570 3967 4585
1312 3407 887
3377 3391 651
4182 4960 4907
4409 4683 2410
2334 4816 4122
2251 4167 4827
2738 3785 1593
4675 4681 401
2704 3697 3279
3745 4604 2310
2707 4915 1075
4538 4778 1
3192 4589 4479
1925 4548 4955
1037 4465 4230
2560 2853 1677
408 2091 1629
3888 3913 1669
3420 3998 709
2939 4281 3548
2005 3021 3664
2710 4162 3192
1650 3910 3502
358 461 1728
724 1767 562
1317 2333 2856
3569 4050 2191
3503 4512 3738
2702 4697 4974
712 3835 4698
549 927 872
4352 4741 4719
1066 2952 4752
3080 3236 1253
4011 4421 4880
2442 4655 1503
74 1780 4140
2159 4336 4487
4059 4766 2575
997 1246 2931
273 4506 1384
4866 4901 4882
4371 4433 3553
782 3417 3948
629 2493 199
3075 3086 2800
1357 2240 1503
1443 2345 166
1555 3003 3393
236 1935 3148
907 3034 2934
4804 4922 3330
232 4901 465
1589 3395 2366
64 3537 4238
2564 3174 2499
2523 2768 749
4021 4881 325
1179 2497 3690
4873 4895 172
274 436 581
988 4389 557
4377 4815 29
1394 4305 4008
819 3045 3273
692 2014 1747
2084 3815 1809
4664 4774 4527
3690 4221 4507
3532 4150 528
1940 2071 2182
1525 4388 4367
717 2145 2627
557 4863 2401
3655 3920 2496
2253 4099 926
995 3867 3577
791 1974 611
4506 4961 2587
935 1496 4483
3410 4900 2945
1118 4711 213
3858 4824 340
3867 4273 4977
4285 4652 3403
187 2510 3598
1948 3512 3255
321 4322 4730
528 1646 1264
234 1685 4769
3044 3045 2122
4476 4581 4224
3384 4581 711
1085 3921 4641
2789 2906 588
2547 3662 2225
3355 3381 1338
1458 3849 242
1309 2242 585
3414 4806 804
326 4106 3567
4228 4882 4592
625 4667 1870
952 1528 4357
2008 4037 4008
4049 4522 4023
4907 4938 3735
1800 4556 4059
1469 3729 3714
2938 3465 237
627 4888 971
2327 4983 4964
3777 4101 611
3971 4228 233
3623 4819 3824
3779 3846 2539
1627 3985 2960
4605 4821 3392
2702 3320 316
2636 2929 3773
1178 3825 1560
2072 4161 4073
1340 1961 534
1466 2497 1699
1744 4280 3917
1272 4470 4502
3663 4449 150
2456 3867 1091
1405 3004 1382
3491 4043 4536
753 2234 2690
1847 4830 3063
4815 4996 4823
3706 4591 2850
2359 4331 2715
460 4481 2651
4044 4281 4840
1294 2633 3694
4584 4592 4449
210 746 3090
2269 2515 129
1187 3515 4955
4099 4597 2456
183 4832 3578
1515 4788 1926
801 4318 3183
4545 4780 925
694 2700 960
1118 4077 67
2954 4670 3197
2339 3432 240
4970 4992 88
2433 3454 4927
1221 3001 3015
543 3176 1731
3064 3987 4887
1832 3495 3352
1332 2112 3643
4655 4706 407
3964 4629 2351
4569 4910 1163
154 3141 2852
2454 3360 4843
613 4668 3574
515 2772 1128
3550 4943 68
70 710 186
280 3979 2272
3411 4250 2532
3872 4520 4225
3830 4446 880
1588 2755 2946
1437 4343 2585
1465 1469 488
1322 3669 603
2239 2667 425
4799 4957 79
3731 3802 2472
1040 4326 4033
175 1658 2407
4986 4987 1590
2241 2988 1514
4841 4973 14
1384 1959 4960
1534 3674 3610
2998 4299 509
2942 4401 3094
1581 1597 3297
3070 4495 3628
4010 4142 1334
3443 4829 4214
4857 4883 1331
3511 4822 4389
646 2786 2191
42 3734 1082
4083 4348 1091
4882 4933 4573
2190 4276 1872
1702 4057 582
2901 3725 94
4293 4589 2
4631 4929 2707
1833 2527 1794
1663 3442 3629
312 1388 943
4009 4743 1442
1845 4527 3838
3545 4189 2829
4221 4763 4585
4561 4898 3889
3199 3366 3713
578 3016 2547
3204 3542 2330
3881 4383 1753
1782 4050 2408
3227 4807 4763
1131 3565 3283
4352 4888 4559
3708 4341 3101
1100 1145 405
780 4681 1265
2830 3120 1456
418 2667 1161
1163 2272 1807
429 3175 3712
3821 3952 1697
3568 4381 1399
594 3776 4570
4387 4841 138
4602 4981 2532
4427 4970 527
4789 4935 4756
1270 4727 341
3430 4770 3861
2628 4157 727
351 4175 3283
4370 4654 1452
2807 3607 1871
1116 4074 1687
3393 4623 2249
1761 1854 4055
1124 3788 29
3320 4727 71
2020 3879 936
1113 3435 821
2921 3944 2675
4828 4914 3340
3924 3940 4525
1241 2803 3946
4264 4740 3122
814 2620 4241
1944 3002 4634
2359 3785 1720
4180 4911 3402
2602 3553 1505
4611 4844 2897
1678 2485 655
848 2441 4950
2253 3163 3628
640 2580 1972
1454 4324 4504
316 1285 2415
4160 4449 4001
2835 4817 4528
2354 4488 3846
2531 3918 2652
3676 4213 2007
1008 3202 750
3176 4741 1866
4872 4906 2681
4611 4885 3679
2571 4808 1100
1447 3063 854
2921 3235 51
1804 3062 2914
3558 3752 1653
569 1384 34
3024 5000 3708
2119 2316 3464
1644 4076 2853
2460 4857 451
1913 4990 3527
843 4598 2704
4915 4949 1950
2970 4267 1182
4411 4473 1823
85 4027 698
1739 4472 2873
3773 4352 204
1116 3486 1942
606 4697 335
3099 4485 2537
493 4927 3871
4948 4980 917
3973 4508 4034
4050 4623 2401
4971 4984 863
646 806 1888
531 4405 1720
836 1145 886
2635 2726 1587
809 3844 312
939 1022 517
4611 4996 4835
4859 4944 4463
1754 4687 2304
3366 3810 1348
2801 3102 1912
2551 2850 4298
4911 4920 926
3905 4801 599
3795 4613 2638
36 1279 4749
4801 4917 565
2880 4897 2448
4256 4653 148
409 2777 4973
2187 2968 1600
3359 3753 4480
190 2167 4601
4395 4868 3779
545 4872 1731
3261 4294 1169
1614 3683 4444
4685 4942 1578
1574 3946 1724
966 1390 91
4501 4634 593
4160 4464 3976
4557 4558 3499
276 3596 15
3632 4683 4743
4991 4995 3439
1196 2122 3938
1172 4847 4165
3080 3292 907
3789 4591 1799
4280 4435 4353
3597 4983 4546
2720 3737 31
1707 3423 403
2790 4366 1842
176 1834 983
1249 4588 2089
2256 2822 2792
4764 4769 1049
2779 4318 3987
2214 4601 4299
4407 4997 4100
3425 4515 244
629 2756 3197
3527 4018 1218
3592 3604 1496
1872 4124 2159
4569 4786 649
4853 4946 3866
2516 2647 1471
436 4334 3235
1115 3246 4968
2890 3626 1285
3030 3520 2976
2195 3601 4130
2312 3839 2670
357 2763 1884
1037 1322 3034
350 1094 4071
4235 4354 1988
1127 1270 1057
2854 3674 3859
49 760 1485
3946 4909 4058
2286 4953 666
1889 4432 1161
3986 4265 2890
429 1397 3294
85 1788 3103
1012 2927 4662
3597 4676 74
814 1886 345
1405 2291 2862
3749 4487 1097
1802 3787 3389
4646 4666 4482
2624 2946 659
1806 2603 1947
303 3738 3620
4111 4715 3536
2173 4052 2180
3267 4159 4932
1620 2769 1866
496 2694 2364
3591 3981 1994
4728 4974 1399
2487 2787 2006
946 3782 2285
2222 2909 3701
4773 4816 3137
774 3820 3823
529 3247 3675
1452 2324 3428
3766 3824 362
326 3479 1304
4188 4411 3345
1700 4339 745
2506 4228 1920
1478 4882 2711
568 2509 3705
4966 4973 2689
4896 4957 3886
4702 4729 4946
4760 4782 2615
4938 4994 4063
2929 4568 3626
812 2393 4388
1765 4127 1797
1889 2638 3046
1555 2953 1874
1395 4252 4577
604 3928 3084
3485 3965 1912
2267 4506 1964
1232 4495 4927
4662 4795 2835
2180 4621 2964
798 4412 2546
4568 4902 2408
2024 2573 3483
4237 4482 3686
3206 4441 4335
304 331 2598
1023 4869 4495
2905 4235 3505
1010 3600 4850
2476 2924 3547
3420 3512 4076
3081 4609 4728
4233 4956 1345
1142 4664 4495
4533 4888 794
2230 4235 57
798 2483 915
444 4842 2645
2605 3912 1202
1688 1745 406
1445 2104 645
4292 4740 2305
302 3019 3354
3119 4830 1076
1146 2713 503
634 3979 3993
4779 4783 4864
3961 4486 4518
3750 4257 357
2091 4717 2589
230 2125 4593
1844 3786 3512
2873 4129 4119
638 1092 529
4642 4985 3922
2521 2752 4995
2658 3252 843
3175 4985 2995
916 1099 257
765 1886 600
2121 3619 1829
545 1386 2761
3148 3541 1328
2788 4741 3795
4350 4474 422
4884 4889 1836
340 3865 1783
1196 4875 3777
80 3695 1200
3063 4321 1662
1793 3613 4354
4923 4982 3973
4033 4776 1594
160 2367 3151
895 1031 2644
1986 3027 2676
2832 4000 431
746 2663 468
4445 4566 3291
2067 2808 4117
1675 4757 4837
1379 4611 1565
2275 4362 4427
4852 4987 408
4466 4834 4467
821 1493 1035
4295 4343 2120
1017 1068 3671
2744 3340 1296
2126 3882 1640
1448 4697 1428
2438 3085 4812
3783 4207 1037
2348 4841 436
4790 4877 2979
1135 4763 1430
3013 3191 4414
1893 3690 4124
1610 4130 913
1239 2205 442
4708 4781 3362
4062 4892 1777
3033 4018 4500
2821 3738 1849
897 1891 1858
3828 4590 1444
2224 2481 4118
2483 4566 2661
3563 4159 948
730 2510 4485
124 1624 4032
3586 4933 3575
1498 4435 1040
3302 4211 2299
3757 4252 443
3081 3456 845
716 2191 2001
4978 4982 847
2357 3242 4414
398 2166 3829
2321 4920 2567
1280 4283 2101
4854 4969 3346
3345 3595 4804
3043 3615 1971
1148 2219 4674
1671 2532 2488
2533 3275 3087
2111 2189 4948
1603 1942 405
4203 4797 3781
2205 4006 1681
4837 4994 2044
2155 4820 1857
1533 3339 20
24 2424 4834
665 1411 3633
996 4875 4324
1256 2328 4506
3657 4337 3375
2277 3747 4339
3780 4990 3684
985 2557 365
1526 2053 3943
319 2534 37
4917 4944 3209
4748 4808 3122
328 2104 1472
4357 4566 1054
2716 3327 3843
4725 4776 3359
2830 3576 4143
1085 3197 848
4452 4794 697
4567 4741 968
3145 4065 3082
1111 3911 3517
943 1683 1034
2749 4165 2490
4202 4664 2344
974 4972 556
4196 4577 2623
588 2101 1339
150 1188 2431
769 2865 1513
619 3816 3454
2808 4519 2358
4548 4667 852
2115 2427 3212
4798 4982 4882
1232 3647 3626
394 702 1980
213 4284 3475
1274 1810 703
964 1792 3603
4696 4948 753
1001 3713 3276
893 4818 78
163 2737 2070
570 1297 863
3986 4710 3600
1556 2164 2985
2903 4690 3970
4610 4821 3842
4272 4273 4583
2878 3194 2912
326 4734 821
2982 3959 747
4025 4279 2278
3328 3964 1262
3326 3917 873
1382 2009 2577
316 811 1668
4728 4972 1238
1418 3288 1331
3526 4982 813
3345 3364 4174
1715 3508 2891
3155 4685 3028
3441 3595 1856
2369 2481 2591
1730 4409 2087
271 3973 2912
1678 1931 3671
2585 3082 1696
313 3777 338
2545 4427 3635
575 4655 4305
4235 4809 701
1421 2227 2758
1741 3116 4828
4864 4909 3049
4851 4993 215
4192 4354 919
2180 4074 3568
3009 3398 2201
4990 4993 2056
1827 3656 4613
1344 3191 3901
1618 3460 1698
4872 4934 4192
2609 3070 4064
1204 4958 4229
3880 4575 4584
1707 2117 103
3860 4683 2377
438 666 1371
988 3277 2760
4330 4740 1005
1068 1087 4904
2121 2729 4273
1396 4534 146
1268 1409 3071
1545 4047 852
4761 4823 3407
569 1558 2961
3632 4231 2811
1300 1587 675
2662 4290 4060
1435 3192 1149
159 3786 1790
4676 4942 4592
4770 4944 3783
1566 1877 3323
4371 4848 4254
482 832 2141
3308 4666 980
4033 4573 2709
2205 4699 584
138 2865 2926
589 2136 2641
3538 4778 1673
539 1183 3421
4500 4734 4436
925 4794 2427
1032 3894 906
3408 4178 741
1126 2309 1567
1182 3467 1493
43 1524 1506
4022 4769 477
610 3444 66
1965 4359 3674
347 1540 2967
881 1885 2515
2425 2849 2531
1230 4040 88
221 1839 2332
1653 3192 4171
3631 3943 3233
2788 4660 3193
2309 2956 3841
831 3697 1038
647 4919 3389
3863 4354 415
2774 3330 1906
2406 4593 3551
657 900 678
4957 4957 296
397 4829 1503
678 3864 4953
3462 4352 803
2847 4035 2990
564 3527 4635
4070 4963 2600
1740 4629 1535
4745 4818 4550
1865 3224 2997
2584 3292 2928
569 1467 2939
3448 4843 4224
3234 4216 2290
3236 4510 4977
4775 4927 2000
4355 4883 4069
379 1115 876
1872 3152 3130
1113 1363 393
3734 4990 4406
4027 4544 425
3411 4537 4752
3250 4774 2783
3850 4866 1535
2942 3719 2295
1363 3851 3722
1273 1762 761
1541 4603 912
3750 4499 4023
3524 4298 4396
285 811 1567
3985 4105 3056
2327 2503 2225
4861 4929 216
2080 4489 4306
4646 4691 3298
4741 4950 52
1078 3729 1197
91 3929 1984
3075 3315 3316
2481 3109 3517
1657 2888 733
2531 4835 2129
4875 4889 4357
634 2414 4500
3567 3988 278
4116 4699 464
3466 4034 3851
2019 3820 1462
1101 1774 1842
2474 4500 2101
221 4142 2381
835 3143 1453
2728 4518 3896
1936 2267 860
4586 4916 2459
3418 3543 4666
4076 4282 1897
2552 3981 477
1097 1928 50
3295 4766 4405
1024 2235 2559
675 2440 2337
1797 3672 648
1896 3545 1070
3316 3633 3164
2824 4290 679
579 2507 4605
2110 3692 4224
1491 1631 500
1406 4910 1834
1327 4802 384
3350 3618 1206
1236 4559 1431
3313 3468 1684
1707 2663 4276
681 4511 1031
3659 3735 2516
3403 4665 1999
2458 4332 3652
4146 4293 46
4721 4899 507
1737 2106 4335
2984 3946 3636
4267 4776 361
3058 4936 3778
2938 4899 4210
2912 4961 4982
4898 4965 4381
1777 4211 1939
3883 4062 4155
475 2755 3941
3060 4554 1739
897 2675 3694
2327 4182 193
185 4881 3490
3695 3929 2925
345 4328 3484
2721 4761 4161
3967 4138 382
2523 3939 1484
4284 4392 870
4857 4906 3343
4148 4852 3343
2024 4106 1997
184 4499 4370
524 4966 2533
3143 3552 1389
4675 4749 2856
3734 4067 3322
1559 4873 2081
2225 4515 3371
2252 3312 2086
1629 4552 2784
1807 4747 2003
2252 3180 919
2735 3074 3989
3663 4177 2973
346 1986 2494
3777 3843 1888
3956 4351 3446
3108 3465 296
3345 3928 4898
34 248 3674
3849 4583 3572
2525 3892 4322
185 3343 438
1466 2141 3974
2869 3613 1841
2969 3459 3468
464 2566 4968
900 3023 604
3367 3992 1537
2024 3808 3696
114 381 3200
3444 3543 2003
4636 4946 4354
2107 3408 3881
2425 2790 1890
1168 3830 4885
4559 4630 954
1025 2587 1510
3878 4240 1844
1709 4183 4043
4475 4879 3455
2022 4548 3336
2910 4776 1188
3829 4741 3253
3562 4795 2222
4510 4792 3619
1900 2612 2317
3166 3606 2885
1759 4080 2519
2892 3218 1343
2456 3450 791
463 1357 696
3979 4397 2188
2047 2312 4883
4200 4777 4259
3659 4288 3233
1482 4810 377
2482 3700 130
194 2290 4591
1761 1980 4272
2154 4653 4523
967 1757 2558
4554 4593 4725
4415 4979 4764
989 2071 2460
4424 4537 320
1321 3735 1584
2697 3027 2371
4013 4636 2389
3046 3977 2574
129 3920 3048
2126 4985 2112
3258 4555 4028
847 3199 2042
2846 3982 2703
2023 3692 529
1543 2003 983
313 1190 1607
81 4340 4354
1287 1710 394
2623 2827 617
1796 4944 2567
777 3924 4860
3958 4326 885
2052 2207 1348
231 3048 4990
2587 4175 51
4603 4718 2431
2980 3696 3515
3000 3574 3109
2065 4509 3239
2868 2939 3963
14 504 1110
2278 4290 968
1925 3167 4670
2933 3426 1787
2387 3742 61
3961 3968 3219
1587 2768 103
3792 3829 2727
1462 1730 3697
374 1472 3724
4373 4394 4074
2035 2980 1893
3469 3799 3840
363 513 1992
3294 4649 4283
3207 3793 330
3623 3732 3905
2410 2930 4084
4502 4896 734
926 4563 2127
599 1828 4290
4029 4549 1848
4553 4898 3801
2083 3810 1465
3521 4725 3206
3543 4955 1439
1983 2588 3006
1192 2973 4133
3287 3758 1244
4333 4838 45
1967 4755 4304
1494 2608 1333
820 1083 1961
768 2808 3287
2945 3936 1562
1193 4660 206
2948 4247 1030
1299 4658 1391
1987 2627 487
2033 2803 2760
385 3002 263
23 4962 4760
4351 4883 26
3927 4396 2735
4568 4847 4467
2217 4305 458
4529 4665 402
4522 4614 2797
627 4249 2046
2519 4953 3309
3326 3805 4551
1577 4522 419
1605 3999 3741
2079 4040 3661
4340 4615 3554
1228 4851 1152
4032 4308 4377
3198 4861 2342
1115 1572 2910
2609 2648 868
4042 4686 1769
4513 4576 496
4776 4852 755
3422 4207 1974
1755 4780 3525
82 505 3624
391 591 1493
2923 3318 4498
