50 50
5985 7549
517 4890
1519 4291
7384 -1444
306 -3934
5979 -4311
-4418 9772
-4740 -9893
-9000 1070
-2232 5423
-9025 6382
4903 8828
9086 -6474
545 -1179
-3175 6897
-8022 -7804
-2658 -3067
9258 3123
-7988 -6159
6274 5096
-4049 -3336
5185 7734
-9246 3996
1831 3926
9534 -8265
2385 4122
-4175 7070
987 6413
-2059 9760
662 -6530
1269 -525
-6059 -9496
7205 8688
9757 -6675
8348 -7629
-2085 9551
443 -5568
6856 -9509
1630 151
3410 -6554
1211 1699
-5729 9519
7820 1257
-5214 833
-5753 -873
-4469 -1655
-3091 -1155
4671 -4074
3981 -1513
4288 -7537
-9999 651
-9829 2284
-9736 -642
-9448 2119
-8758 -2319
-8677 -352
-8207 -7695
-7346 4441
-7151 -1601
-6254 -6027
-5386 7900
-4494 -8965
-4355 6812
-4094 -9704
-4019 -2997
-3816 -244
-3439 -39
-2723 -729
-2718 1982
-2219 -5515
-1080 1254
-853 9109
677 -4332
1149 -1648
1199 -8617
2769 -2219
3086 -6893
4310 -1415
4551 8581
4619 -2249
4799 -3579
4895 46
5157 -2334
6010 5481
6314 -8129
6515 9413
6790 -4373
6834 -8283
7249 1280
7656 161
7701 -5159
7766 8668
8068 83
8080 -5789
8146 -7058
8276 6446
8431 1168
8965 8140
9104 -5903
9661 -6619
