100 100
-68473 883881
-555260 -627294
53178 -306211
-554803 -25167
-594373 -730309
765539 -803713
-476788 -481845
-533417 -870321
569841 -820864
-24014 -575436
207726 857655
496646 -647272
645141 -85006
-135969 136238
544146 193816
756646 -822648
-323724 837686
938596 829727
-557652 -769221
312104 -71852
521399 -18822
946907 851952
250383 -544322
-788781 409244
109857 -459107
838237 365074
94263 336865
752825 -813243
16460 -369814
-846489 -683647
-392382 -703647
-216178 -329417
-657139 84412
871694 35790
15927 46183
680917 -251523
-950117 141664
884525 717541
642051 600263
995929 -647571
105273 228875
969657 -123007
-987640 352111
547522 -320081
-546838 377337
-93176 746496
79884 -510929
704375 -560482
383680 -210823
-520695 -492704
-2594 -505623
918820 561525
-293268 120962
-455504 984838
106421 780586
314800 71320
538173 786363
970487 -29042
-825952 248031
920659 139117
300718 589444
972267 -895811
-750451 -47293
487965 -336956
-155418 -352946
514336 -972144
852317 732317
919785 -509715
-412630 680850
457705 399416
904747 996906
-399690 -798893
-788587 -342179
792840 531914
301724 -743793
-769972 75700
64864 591153
242257 -341324
159379 86897
-53100 180524
688518 788006
920103 646902
-460920 -182977
-655695 321970
129809 494751
-194401 940061
-101875 818376
449399 -793022
806807 409385
595027 -640521
246812 -271825
25648 -488055
-121878 688249
580329 -416720
578108 274751
929654 273575
-336992 -455051
-450214 673915
-879263 244987
-732240 409570
-999720 -628927
-994198 619973
-986111 887832
-976180 436314
-972674 -397781
-948540 338429
-946966 -24889
-914562 -491624
-875553 717444
-869968 606967
-838996 478996
-821894 827530
-820784 322379
-802054 -577694
-797445 264242
-793222 593988
-788085 241197
-742280 601654
-735338 -247052
-725183 733488
-687604 452487
-649626 -774303
-605306 -4854
-595239 -835919
-593212 -983425
-583656 948815
-543601 -612777
-537686 -40313
-536846 -934411
-535469 548828
-505492 -18834
-458539 -623107
-458161 722363
-428089 -509161
-355158 402201
-351387 161731
-340627 408316
-320978 -182147
-310743 956608
-283141 -517883
-281440 326614
-278816 299054
-264075 669915
-232547 367204
-219150 271960
-197003 978977
-158835 -44995
-111278 48884
-64494 -932985
-56879 624994
-56533 477996
-52955 993518
-42104 376815
-39831 -255530
-26240 -416838
5433 229933
32771 14132
35416 -617936
80560 321325
87398 -994990
96239 -203142
103666 -982027
109192 370040
112126 214231
146977 -267743
152784 -293676
155379 362673
156353 -884328
167330 226395
177152 -754536
250268 121129
267183 191697
270650 476694
283305 -106622
312983 929776
322110 -323200
323650 -852370
349400 497555
391601 767744
391683 -831106
437491 111149
487239 -733382
492012 -855042
525572 -677814
572248 731066
599002 541584
674655 -689568
679750 -218305
707347 -801358
721566 -609481
732408 -699239
767567 751834
785702 900785
842483 405640
847533 996221
867642 271279
897596 808905
947265 380139
953598 740458
975431 565197
