50 50
-1568 -4085
395 2740
-1326 -2081
5314 -6843
9183 1779
-6808 2031
1497 -2602
-7411 -2931
-8062 -8533
8724 -4975
6822 -6674
4105 5049
2624 -7933
9325 5785
8784 8280
-885 4720
-1568 9947
2368 -2779
4901 -4576
4193 -9803
-3819 1178
1207 -221
-6242 -1364
1306 1072
7398 -6302
-7801 -8179
4814 1740
-8202 8958
-111 -2563
2838 5760
3406 -7246
1231 1160
-9281 -7706
-1231 -8672
-1026 -3538
6489 -1919
-4941 -3694
1130 4786
6748 8595
-9838 -3713
5568 -1906
7891 -223
8446 -1252
2096 -251
-2590 8746
-3808 -4234
9665 670
8706 -9368
-3074 8886
-5522 5366
-9116 -7218
-8919 -9849
-8272 -2854
-8241 4652
-7821 2652
-7738 -1875
-7172 -8607
-6682 -6639
-6501 9900
-6043 -44
-5492 7268
-5378 370
-4575 1887
-4457 3116
-4394 6932
-4367 2481
-4272 9859
-3268 -2610
-2927 3645
-2926 -5146
-2210 6419
-1975 -955
-1850 -1818
-1296 -8761
-1262 4451
-221 2219
183 3860
743 -6712
784 3623
1189 -6230
1339 -5652
1574 -9251
1736 2166
2303 2686
2878 4819
2947 -5178
3091 -9864
3368 4685
4022 -7574
4204 2647
4412 8127
5974 -7913
6603 -429
6606 -5941
6943 453
8187 2203
8308 -6396
8652 9284
8937 -1984
9478 -9742
