5000 5000
4688 4797 2509
2844 2855 2521
2501 4208 3034
539 4828 676
2998 4754 4397
2668 2827 2253
3153 4463 4830
2894 4710 4592
1023 3225 2223
41 3353 996
3141 3890 3918
1641 4698 271
3175 3718 865
1755 3919 4966
957 3244 4036
4503 4604 2254
286 4401 3961
2183 3091 4558
1037 1439 1293
815 1681 3531
887 2674 4814
2929 3411 142
3310 4514 1749
3280 4916 3084
1331 2535 1995
2851 3024 2762
1492 4142 1243
1458 4261 3097
1481 3530 1820
43 2583 3031
4578 4727 1449
270 599 3465
857 3360 2131
1564 2115 4309
2556 3805 824
1133 4970 3858
4152 4641 2708
816 4128 3817
4592 4682 3708
3916 4008 3407
312 2886 4513
955 2503 3609
3088 3507 1394
3560 4295 2807
3360 4579 3155
3388 3794 1871
4183 4356 3334
2952 4741 1253
1850 2977 1726
2797 3842 2653
1160 3559 2279
527 3852 4767
3434 3559 1820
3379 4419 3438
1476 4250 1353
4778 4889 1816
2831 3288 1717
2317 4487 4181
4857 4879 3714
1525 4932 3050
445 1235 2159
2696 3502 3531
612 4992 1473
1666 1993 2691
4720 4864 4955
1078 3752 1129
4663 4676 3549
4254 4313 2001
2278 2934 3080
3468 4977 193
95 1808 408
4640 4998 1890
53 160 2525
4580 4795 2477
3142 3396 1024
1977 2241 1411
2610 4824 1145
1811 4207 582
1776 3805 2770
863 2187 210
2860 4395 489
1449 2781 4276
4529 4976 2838
784 1762 2225
4268 4901 4647
4299 4678 1267
1261 3961 2031
3469 4383 4222
809 1177 3567
2522 2918 4121
15 4165 4916
957 4058 1983
3460 3826 555
2212 2669 3779
3092 4817 3432
4996 4998 4409
3477 4903 2863
2109 4400 3101
3010 3854 1051
4746 4749 2076
4623 4825 2058
3292 3396 4694
207 3015 4015
3929 4529 4887
560 3348 2941
4678 4989 403
877 3552 286
3628 3838 4973
4891 4974 369
965 1587 1466
561 3920 762
4983 4983 3227
1614 4876 2875
3096 4707 4153
4151 4535 3301
489 4744 3392
2294 3648 1527
3417 4943 156
3771 4909 2537
1931 2187 3984
1431 3872 291
292 1215 574
2132 3703 3215
2125 3954 2596
713 1874 487
991 4855 1482
181 4977 4990
240 3595 2514
4392 4670 1337
2357 4060 3039
4378 4983 3191
86 3313 1954
4356 4697 3126
3655 4592 4445
884 4388 3917
4567 4747 2881
89 1043 2980
2674 3699 511
61 1521 505
1205 2516 1439
1646 3381 637
3399 4615 1130
2040 4082 3105
1945 2273 1870
1481 4765 3121
4715 4740 1519
4732 4969 1226
4125 4906 1735
3563 3998 4375
2035 2533 1853
1980 2680 165
1341 4001 884
1546 2767 2113
878 3727 2146
1277 3434 4101
4625 4629 4905
4665 4681 2234
1371 3919 22
997 3335 4306
3117 4343 3507
3550 4985 3810
3695 4174 2273
1866 2765 4818
3832 4438 2448
1644 1837 2011
2649 4569 1941
4500 4910 4466
292 3322 3080
2596 3931 3391
3566 3619 660
1977 4808 1520
4834 4991 4307
2275 4820 3305
1452 2027 2461
3576 4283 1128
1594 2756 982
3691 4494 39
2993 4762 2207
3849 4600 812
789 4985 243
3992 4459 131
452 917 967
1040 4424 4600
3912 4996 1479
2234 3076 456
2057 2860 2082
1276 2002 153
4940 4973 1714
3354 4507 4982
4317 4643 1690
3804 4922 1173
4734 4966 2383
2073 4385 818
387 4576 180
4633 4916 1009
138 4400 3047
2925 4094 3332
399 1784 4822
3946 4443 4062
148 4687 729
357 2307 2332
2286 4915 3714
3631 4277 1344
4089 4690 4583
1077 4084 145
2693 3836 79
3966 4814 527
905 3063 3274
943 1615 2978
2896 3647 3926
3488 3602 2110
2292 2326 730
4584 4686 680
2590 4780 2544
188 3269 4996
1320 4453 1814
2183 2885 2231
599 2724 547
1705 3437 271
4544 4905 2746
2773 4442 4497
4805 4977 3871
975 1707 3272
4159 4747 2194
1181 4827 3804
1246 2144 3074
3472 4148 551
1936 2107 1193
781 3751 1713
3197 4362 2637
4261 4524 3874
4438 4912 4782
4176 4965 2169
1033 1133 2834
3188 3796 1098
152 2253 4962
4480 4682 1272
905 1549 4071
4645 4754 1410
4700 4927 3200
4986 4998 1942
4756 4789 4648
2741 4686 2976
1154 1277 4027
493 2458 4070
4034 4520 3945
748 2273 2443
479 1523 2733
4885 4903 3330
2733 4474 3709
2886 4553 1400
2401 2783 2374
4207 4510 1373
4822 4932 1187
4386 4488 1367
3845 4135 4828
89 2071 1570
2075 2341 3666
2885 4540 4849
2943 4392 4758
2912 3855 1186
4162 4509 3600
3014 4216 2441
2627 4439 1883
2062 2511 1492
2502 2598 4267
2560 3290 3407
3272 3526 2833
4130 4308 795
679 2912 2741
285 4797 2088
3217 4962 44
3114 4527 1595
3835 4036 1209
4628 4790 1811
262 2493 2528
2904 3051 805
1458 4891 1984
3483 3696 4409
1850 4800 1101
383 1998 2687
4921 4990 2888
1683 4908 2206
2235 4118 3796
3427 3577 3723
2647 4114 1768
3445 4821 2739
3651 4393 188
4711 4741 4812
502 2987 4414
2243 2769 4942
4716 4830 4505
4771 4919 3253
3403 3628 1947
151 601 1839
2935 3382 1953
1802 3155 2359
2650 4539 3762
4052 4422 4097
3177 3720 273
467 1750 2715
4091 4894 3426
2185 4752 3785
3495 3760 2325
1959 4347 3704
4603 4765 938
4065 4605 3073
3127 3857 1181
4860 4899 1922
4362 4534 3739
4800 4971 2080
1790 4968 1052
1570 2363 842
962 3572 2218
4474 4514 1617
3319 3377 1455
450 4913 2507
1973 3642 4834
4334 4354 2913
2171 3507 296
2445 2541 1860
4766 4971 2622
4251 4920 4833
1613 4476 4163
1073 4800 2038
3168 3688 77
3564 3800 3482
1998 3306 3791
1706 2548 1231
1612 3626 3997
574 2383 2833
2466 4493 1808
3213 3912 1575
4362 4558 4596
3587 3979 3553
851 3276 1201
3649 4734 469
4879 4993 4143
1560 1909 4477
1452 4357 2474
4470 4907 1233
4489 4913 1475
4649 4971 4161
3969 4079 348
2019 4690 3044
1140 4574 81
881 4641 625
61 3633 2993
4848 4996 4158
4605 4631 3802
1909 4536 3074
2179 4429 89
2166 2944 2292
983 3979 2379
3895 3933 4133
1140 4417 1364
3755 4766 2839
2234 3922 1084
2516 4013 4226
1446 2887 2719
3156 3206 1911
3515 3933 2241
1023 1862 3506
4159 4254 1704
4265 4899 3863
4944 4992 4031
4388 4740 3153
4997 5000 2658
3267 3396 4650
465 2023 4750
720 4617 4885
4491 4781 1692
2165 3553 3978
1022 2778 4967
4380 4586 4199
2021 4259 886
2515 2634 232
3687 4353 3023
4813 4956 1293
4723 4861 323
1731 3384 2216
583 3324 3772
3186 4767 2324
1558 2329 2675
4881 4925 1654
1238 4184 4846
4666 4711 3825
3356 3919 1293
1102 3915 4392
4156 4537 565
2417 4536 3023
2107 2310 1587
3141 3236 2078
2665 3085 3326
4582 4618 69
2531 3498 2447
1384 3209 3168
3765 4088 2211
4588 4900 1645
267 3312 4594
3205 4867 3312
3967 4311 232
4628 4656 1811
3517 4642 4818
115 3224 2721
362 888 2387
2752 4899 4262
2978 4567 986
2406 4766 1089
2733 4904 4174
2044 2755 4354
1114 3427 1968
809 4137 2836
4731 4840 4965
2809 4131 3005
1374 4457 3882
3476 3804 2742
1453 4653 2569
4106 4400 1303
4804 4984 194
4280 4691 3637
1299 4567 4763
324 3926 4970
1225 1792 4829
3080 3486 3292
2587 3835 4842
2936 4481 4062
4528 4984 3888
1401 1864 4199
3157 4259 3441
3279 4881 1076
1222 4140 3396
564 1983 2764
2378 4315 1134
15 2265 155
1468 2138 4470
3241 4079 629
2823 4612 4250
1698 3450 1245
1771 4702 4161
4836 4930 1062
4321 4417 1197
4063 4750 1071
3513 3857 1319
731 2972 1308
4271 4916 4766
4530 4633 4995
2774 3029 4894
115 1317 3981
4883 4972 3873
4276 4355 1545
809 4988 1022
2140 2331 1870
557 1538 999
2407 3501 1941
4411 4733 2849
471 474 4701
2725 4095 3885
2581 3274 3964
4647 4671 2849
781 3333 2064
832 1239 1687
3241 4352 3007
1342 2750 2223
1537 4237 2519
830 2074 4179
3259 3382 167
1906 2233 174
1822 2137 2188
810 4187 2017
2816 3956 3514
3553 4900 3168
421 1798 2233
3780 3914 2713
4721 4730 1635
849 894 4595
3238 3864 2195
2401 4738 4610
4197 4578 3066
3419 4964 2947
4351 4567 3627
4912 4956 4829
753 964 4294
720 2764 791
2475 3737 1725
4063 4209 3705
1320 1496 3250
1512 1881 2296
4265 4410 3601
1697 2302 2338
4859 4950 1065
3481 4764 4683
2434 4642 95
4385 4410 1641
2497 3599 4400
1843 2695 4907
834 4942 3662
3398 4249 2550
4402 4748 3469
2368 4115 3244
2937 4750 2034
1815 4401 2599
4367 4804 2678
430 3074 2398
2895 3528 4347
3540 3679 3887
1802 4779 305
1844 3097 3312
2814 3054 3308
4310 4677 2369
4239 4356 3816
1569 4711 429
4108 4493 4195
1470 2280 4895
371 1325 360
4345 4640 2968
4956 4975 264
2852 3429 1361
3383 4190 4527
593 3388 1481
2436 4279 1216
1099 4711 1048
4051 4276 3367
2350 2812 3403
897 4179 4631
798 3747 2552
4210 4714 3348
561 1735 1393
3192 4950 1442
2053 4768 4878
99 3762 2842
2253 4471 2518
746 4407 1080
2161 4093 27
2139 2483 4551
4916 4975 814
792 2797 2430
200 4515 319
3699 4399 3867
1237 2677 3237
2728 3261 3877
3376 4653 2383
4006 4357 2780
3838 4163 2438
2344 2860 2714
1149 1781 3332
1499 2429 2318
580 1890 4840
3244 3496 1374
750 1362 1770
3904 4499 2466
2778 4882 2193
4492 4707 841
3529 4209 4966
763 4169 3351
4583 4740 3319
187 1359 3858
2310 3482 1044
2161 2602 4907
181 4941 3606
3803 4706 2878
2850 3908 1949
279 1287 3346
4033 4337 2368
4112 4480 4262
3307 4131 3683
688 3961 294
998 4139 625
2978 3724 1609
1821 4842 2754
4431 4930 1168
2412 3192 3724
2919 3848 159
2372 4319 3720
2546 3131 753
3273 4007 4199
3687 4556 552
1459 1599 1384
4275 4340 713
3570 4652 317
4215 4237 4012
2571 3168 1805
2393 3269 927
2008 4983 3627
4690 4996 614
3351 3409 1062
2415 3976 4361
4457 4616 2806
2013 3259 1811
1910 2956 3872
4328 4525 243
2466 4741 4617
442 2085 2045
3427 3483 1908
3276 3435 1981
2519 3692 4657
3148 4656 1997
3768 3774 1134
1019 1945 3508
464 3171 304
686 2099 3192
4529 4619 3168
3340 3543 1975
1160 1468 4410
3420 4484 1905
3530 3882 2799
3251 4023 3402
410 2075 543
2950 3285 3826
3376 4618 1251
1009 4136 4864
900 2755 3997
730 3656 4522
2629 2906 2769
4773 4855 2688
534 1930 3239
1618 4190 418
895 3973 1231
2008 2973 3980
3072 3843 2594
4449 4733 3779
3962 4398 3374
500 4224 639
1667 4593 3233
2224 3568 2462
3532 4308 4253
4927 4933 4088
963 3777 3205
114 2487 40
1667 4345 4736
3579 4586 3303
4178 4366 3739
1016 4241 881
2271 4618 3407
4027 4253 4345
2339 3900 3915
2991 4596 2974
59 1656 1066
1547 2618 3617
3800 4277 2572
4775 4994 1544
1026 3704 2885
2419 4843 4879
1191 1375 97
3788 3796 1701
390 3785 3267
4329 4943 4874
962 2571 1772
1555 4539 4407
1828 3908 1873
2529 4314 1119
831 3221 1668
1087 2290 3809
1286 2929 465
246 269 4342
1509 4541 4382
426 2075 3773
182 1746 2846
2080 3377 1382
631 2158 2662
225 779 1912
4749 4932 1700
4534 4633 1191
4764 4830 4431
1675 4481 4033
4114 4516 1530
3341 3644 3245
2935 4416 987
3460 4295 1386
3832 4739 4178
1145 2134 3203
103 918 3581
1149 2107 4114
1259 1986 903
4189 4938 2575
4635 4700 4581
1821 2730 4095
4646 4678 653
1322 2965 2151
1864 4707 2230
4260 4432 238
1267 1519 3647
1912 2072 174
4996 5000 4922
4536 4836 1270
3017 4664 2681
84 4596 3940
2445 4957 3991
4710 4882 2024
4654 4965 2648
1432 3338 4238
4132 4834 3740
4975 4977 4000
4707 4914 2146
189 4801 2840
3316 3678 4729
4430 4938 638
1795 3800 3962
2390 4702 913
4436 4750 4068
2873 4653 3026
3114 4959 2121
3422 3911 4632
2708 4815 4370
3027 3118 1206
4106 4982 3641
4777 4983 798
1907 4671 484
3126 3746 4754
731 1743 290
4388 4904 1750
4430 4752 3624
4959 4975 2396
4346 4760 1068
4920 4947 3113
750 3702 785
4451 4534 4751
1744 3727 3533
1290 2101 1728
3976 4184 820
1104 1746 2660
19 356 2939
3638 4928 3902
4598 4922 1515
4206 4539 1022
425 2222 3787
4451 4673 1402
1047 1265 432
1789 4675 2533
3378 4147 1120
4397 4757 616
3251 4315 3004
1130 4947 3561
4019 4164 4394
146 2166 3976
4926 4958 1929
4888 4898 4890
1757 3463 1527
4410 4477 3750
961 2504 236
1029 3287 910
341 4379 1390
3007 3836 1479
4309 4804 4136
2353 3815 4022
3224 4816 1280
603 4405 1087
4355 4468 1143
2194 3214 2330
3495 4513 4864
56 4831 4110
4166 4348 452
2591 3063 847
1243 1915 754
1295 1355 3352
4120 4339 659
1838 2640 2377
2600 4996 722
2592 2817 3956
440 4533 2845
2966 3721 90
2562 2584 2425
1994 2757 835
16 1319 2425
182 4934 162
708 897 4772
4949 4961 133
4913 4964 3258
598 4163 4480
816 3823 404
831 1686 4002
4888 4926 4443
2011 2578 3687
1517 4423 4753
1655 4369 4504
382 1663 2051
3167 3618 2716
603 3965 3350
2064 2222 1961
1915 2403 2215
1006 3309 2368
2112 2548 4699
3021 4905 3027
3944 4548 3571
3075 4024 3741
1484 4718 1518
4419 4505 3284
3821 4177 4341
1914 2766 356
2506 3697 3153
77 3375 399
3764 4157 4379
557 1107 4442
936 4351 1669
150 666 4471
1287 4602 2326
1831 2977 393
3633 4432 4605
748 2973 231
4497 4688 3206
1206 1209 2491
4662 4814 2906
3375 3639 331
1432 1796 1934
4471 4501 246
3694 3881 3843
1489 3276 621
3158 3753 2309
3008 4357 1065
2949 3068 4259
3250 3952 4587
1600 3730 1961
2886 3437 3116
3953 4562 2512
2854 4368 913
1740 4560 4586
1860 4174 4816
1360 1423 1665
2458 3703 3412
2117 3146 1073
2178 4835 4869
2715 4816 4136
2619 4186 1993
4801 4879 4859
4947 4961 4181
1280 2301 2978
3378 4586 4254
700 3868 2293
4132 4878 845
3596 4530 76
616 2445 4290
1982 3246 1390
283 3891 4092
1680 4106 3408
3102 4066 1078
1693 4717 1053
4906 4912 454
4071 4900 1424
4972 4994 4212
790 3994 2752
566 1223 4160
569 1523 3096
1055 2736 3713
3166 4786 1694
736 4107 4705
239 1308 4130
2284 2906 3139
4333 4609 162
577 4512 604
2347 2775 2301
740 3573 1830
1712 2132 3193
2756 3301 535
1831 3254 255
1683 2500 352
3658 4583 4109
3805 4325 4118
1165 4579 4849
1836 4853 2573
4395 4999 1864
3032 4465 2301
4518 4849 2456
3653 4143 995
801 2929 3432
3950 4173 1839
4854 4950 3503
1683 4607 1904
2636 4660 876
3945 3947 4465
3551 3680 1100
889 2702 2987
3642 4444 949
889 3420 3093
3139 4325 1527
3618 4635 3681
2354 2746 3216
4405 4713 3730
3827 4770 623
2949 3824 3114
4369 4696 3702
653 1484 765
3610 4430 2457
594 2155 3530
861 2201 4869
1709 2984 1645
1431 2562 1872
4573 4894 4448
4071 4490 3614
1734 4039 3565
952 1158 4859
4820 4995 4132
2931 4113 301
3049 4960 3508
3823 4390 3276
2720 4105 1811
4301 4832 255
3029 3519 4081
4856 4941 3621
2566 3005 3779
2305 3578 1056
3105 4796 2606
3527 4608 3602
4883 4901 2183
1651 2175 1794
347 2019 3780
1884 3722 658
1522 4952 3765
4454 4625 3643
1037 4002 4016
111 4647 1333
801 3224 1634
4968 4983 3254
3568 3945 4909
2248 3245 3778
2307 4656 3719
3754 4069 2421
3537 3905 4654
137 2532 614
3311 3522 2976
302 2507 1223
2823 3727 4732
1789 4507 2993
3541 4524 3601
4816 4858 329
1848 4487 1595
4676 4680 2144
2919 3578 1900
1160 4951 1425
2445 3615 562
3576 4346 1178
2281 4645 780
1536 1932 604
1343 3517 4650
4486 4868 641
1750 2304 4169
1709 2095 4288
4100 4132 145
4741 4971 3407
4413 4783 3085
1630 3825 1428
3795 4236 1746
2324 2479 1059
4391 4562 414
4125 4464 4264
3818 4300 725
1386 2004 3461
995 4084 1061
4996 4997 2218
1268 2557 3469
2096 4826 2062
47 4938 1862
1013 3372 2659
2377 4914 381
3520 4272 1477
867 2016 2845
841 1763 1949
4653 4991 2818
1607 4509 1722
2626 3341 3163
1423 4419 366
1321 4164 3031
633 2851 4592
3343 4825 1198
4680 4836 4272
2745 4524 1075
1740 1840 3584
2982 4016 2707
3908 4343 879
883 4987 607
3522 3587 4707
1974 4203 1652
794 1332 3948
3961 4782 4993
3804 4722 1187
3805 4967 2376
3287 3713 2307
2272 4530 1536
702 2518 1719
1382 4750 3355
1851 2819 4257
66 838 3297
3078 4531 4932
806 2929 3195
47 1559 321
2825 4285 3584
4082 4402 2343
2927 4642 2913
2566 4494 1229
2945 4589 2799
3562 4429 2848
4752 4937 1418
4917 4936 3958
2910 3044 2969
738 2638 3503
2805 3579 722
876 4820 2147
4820 4975 227
2407 2659 19
739 4740 4955
2982 3861 3545
4030 4114 4254
756 1340 1060
4196 4524 4631
2991 3311 1463
3632 4233 4316
1631 4372 2352
2397 4844 2552
573 4147 1420
3942 4157 2751
2207 2216 4851
4675 4756 1705
4125 4993 318
2620 3716 1598
3509 4720 1303
3032 3933 38
4565 4649 3734
1430 2725 4644
3924 3989 4696
3101 4280 3
2164 4710 4899
4563 4715 1538
730 1683 3538
4328 4595 4842
4015 5000 4438
3283 3577 2059
4088 4161 2733
985 1469 1734
198 3140 4323
4583 4657 3162
3206 4642 1781
789 4352 364
3031 3673 1179
1826 3207 180
356 1914 4331
4661 4846 4651
3911 4978 54
323 4590 145
4231 4414 2870
3057 4189 4864
3652 4982 4040
215 883 1796
2538 4154 1269
449 1491 3218
4804 4881 1123
961 3466 4070
1148 4784 3752
4397 4672 221
3695 4773 3767
677 1734 3729
1377 2664 2941
4158 4423 4289
3438 3695 3324
2666 4111 1374
435 1958 4669
2615 3982 4801
1701 3867 1180
4830 5000 3723
2367 2373 2996
2556 3420 4013
514 2738 3999
975 1463 4545
1694 4816 232
760 3890 3132
1260 4436 4540
4466 4583 2380
383 3047 3598
4119 4425 4855
4484 4931 1968
4803 4863 2558
183 4477 4795
4174 4461 4921
897 936 79
905 3730 2146
838 4290 3820
1130 2689 196
209 1805 2618
2798 4123 281
3327 4338 2755
606 2688 2861
2244 4188 4911
948 1957 1426
183 2812 766
4500 4847 14
834 4097 1230
1698 4784 4976
3803 4610 3444
2626 3235 1158
39 4428 2357
2653 4575 1868
4953 4990 466
2101 2626 3041
2506 2688 4389
4943 4967 438
1491 3230 2855
752 4722 1024
3335 4519 4633
4349 4438 4247
2613 4229 854
2294 3718 2761
2925 4341 3316
676 3505 1128
800 4346 3302
4212 4657 1772
4657 4765 1160
68 2298 3020
1714 3672 278
2750 3820 2240
4477 4860 700
3233 4828 717
1291 4371 2097
3237 4713 1148
1800 2506 878
3010 4060 1342
4501 4545 3780
1726 2011 955
4212 4290 1033
422 2280 244
4074 4945 1019
173 522 4937
3530 4393 4625
4373 4885 4357
2058 3228 3881
3432 4588 3755
3795 4178 3117
3711 4851 2754
2370 2857 835
3024 3145 1124
3427 4531 1748
1774 3766 1360
4224 4453 773
2195 3744 4767
3723 4523 3064
2890 3769 2680
4860 4925 1571
913 1380 654
471 967 2403
2142 2760 375
555 1425 2192
1048 3029 2718
4442 4489 4587
4118 4157 979
4646 4835 935
2851 3328 4680
4314 4356 1070
4060 4953 3850
1184 3096 1677
1871 4867 1115
2732 3043 3071
3208 4106 1210
519 4873 2410
3032 3857 859
1071 1611 573
808 1475 4569
4837 4841 4777
2789 3682 2698
773 2208 2851
3325 3942 657
657 1790 2406
221 1694 1433
4329 4571 1787
3230 4277 4556
1745 3997 2849
2525 3949 853
109 2694 433
2949 3302 2966
2127 3457 831
1890 3719 2259
1140 1319 2750
3572 4656 560
3654 4122 4682
2540 4039 2646
2446 3213 191
1684 2976 2146
1949 4873 4450
4847 4947 4052
3060 4777 4151
3352 4582 3285
2678 3757 4229
347 1926 1833
1924 3184 3750
3349 3664 3728
3001 3417 4533
1587 2888 3621
1335 3398 4891
3966 4483 1258
2529 4817 4044
3416 4493 1173
882 3589 4233
2831 3930 621
2427 2781 2069
3433 3814 2379
3354 4190 2466
3685 4216 4487
3719 4755 652
114 3986 4930
1318 3368 3684
3822 4655 1930
877 2465 4336
3691 4886 2756
4024 4779 3281
3584 4872 2443
2114 3624 2466
1308 4815 1695
113 651 678
4628 4686 4299
4676 4954 2792
1900 3401 1038
2808 3760 2069
3160 3197 290
3438 3709 3706
4284 4576 4408
1107 4829 920
2881 3831 4370
2479 3885 2254
4500 4951 277
26 2724 915
1920 2188 3937
4833 4997 3395
1976 3062 4266
3176 4287 2432
4472 4904 2672
3343 3716 721
2227 4671 887
4895 4994 2988
1063 4089 175
3803 4313 4857
3245 4759 305
3735 3750 1156
3507 4354 4630
258 2801 11
459 685 4020
1805 2069 3310
3657 4943 3693
146 244 1445
3613 4250 2543
723 3040 1839
4292 4611 4343
2605 4218 219
897 1558 4992
1570 3197 2394
2129 2188 935
2702 4082 865
3917 4380 141
1014 3995 3057
4429 4580 4613
3736 3849 2579
4757 4983 2145
2508 3128 1692
3780 4110 4961
115 1954 715
647 2422 4900
567 4860 2941
154 233 730
3070 3454 4145
97 2142 4674
3481 4977 25
1304 1373 1394
2519 2822 851
1865 3903 4973
4162 4697 2911
3645 4926 938
170 2981 2234
2911 3433 1533
3406 4825 3952
1360 4030 2632
697 1388 2479
4018 4722 1356
544 3588 4047
4284 4804 1436
1184 2988 4678
2815 3857 794
912 2566 3892
4766 4972 1729
1214 2454 4904
2201 3728 3128
3616 4622 3939
4290 4781 3780
2858 4229 2230
4967 4993 4944
4390 4694 809
2694 3072 2338
1626 4052 377
1172 1645 3459
830 2638 2159
2620 3891 700
2857 3069 2348
303 685 2719
4822 4880 2271
2074 4770 860
814 4462 1979
4235 4989 4860
3312 3525 1219
1853 2566 1109
1085 1669 4905
4314 4629 4900
3661 4712 4113
3912 4942 2652
2234 2377 4113
2259 3490 4511
2548 2707 1950
3439 4935 114
3038 4914 773
4518 4796 3746
1959 3908 4917
4904 4973 1983
1837 4185 2222
3341 3952 3035
4570 4890 3799
3328 3669 4353
2864 3285 3363
1849 4088 2713
277 2170 4206
2032 2903 4481
733 2322 4430
3728 3787 190
3870 4488 3266
2756 4247 1860
762 3075 3431
2974 4700 197
3784 4821 3320
1618 4674 3490
1665 2003 1453
4713 4856 1746
2684 4907 1395
1547 4323 3177
3331 4021 3778
4455 4618 2284
4478 4726 2265
2724 3189 3009
2646 4091 3879
1278 1739 4105
4576 4952 2607
4296 4562 2536
596 4079 1700
402 2299 4654
2061 4142 1053
509 855 1497
1083 3009 2172
537 4912 386
1890 3220 1016
4410 4520 3748
2232 2451 3991
2718 3149 3251
1269 2290 199
1704 4717 2961
1119 1251 3331
4028 4921 1146
102 4701 4948
882 2935 3723
916 4783 679
2118 2448 4645
3522 4864 1326
840 4975 1894
38 3480 3145
4645 4861 3243
1232 4277 887
498 3630 1898
1542 3214 3195
3219 3658 2350
294 4274 4996
739 3410 4953
1573 2850 2954
2215 3122 2440
4434 4845 1989
1698 1966 4855
4242 4959 2161
60 3786 1951
1522 3118 267
4780 4808 3047
635 4167 3444
434 3918 3223
371 4133 4791
49 245 1552
3029 3475 1797
1020 4222 4687
654 1462 3525
2080 4845 2050
4395 4833 1707
1191 3508 3732
2599 3305 1
1480 3162 3442
1457 2415 4766
1055 2702 2692
1477 4993 3356
364 3975 3313
1751 2938 3641
4403 4694 4982
1245 4173 1254
1267 2363 2592
4898 4990 1270
351 2961 323
1311 1656 2162
4256 4963 3906
4638 4898 2018
2840 3360 2678
3051 4181 4742
3776 4200 3609
233 2874 2813
2031 3495 4671
4077 4823 2853
1154 1530 2354
1168 3816 2080
4941 4948 1196
3612 4632 4677
4533 4563 4038
424 1187 4914
3723 4854 4651
3170 4377 427
4999 5000 4812
3623 3755 1032
52 860 4683
556 2401 2181
224 5000 917
2011 2029 1651
395 4464 3168
1322 1820 419
374 2262 2005
3250 3652 3438
3880 4444 1638
1210 1447 3539
368 3058 3842
1420 3497 646
1219 3684 3456
4890 4976 3807
4642 4923 1783
3909 4129 4418
1805 4394 3638
1820 4166 1292
1015 2530 4371
816 3444 2488
3637 4484 1279
2527 2764 4198
3260 4339 2302
1989 4622 1260
552 599 1696
3604 4169 1861
1081 1805 1144
562 1079 414
4618 4933 2318
142 2699 3344
3693 4139 192
357 4416 1294
2791 2964 742
1653 2329 3533
2618 4143 4430
1114 4442 4772
2605 4332 3445
924 3005 4119
352 4437 3170
316 1228 3391
117 4049 2
967 1193 4064
1045 3937 4469
681 3526 1531
4873 4911 3677
2751 3696 729
4189 4779 814
443 3551 2201
2137 3247 3876
2848 4435 2750
3770 3927 2520
1645 2568 35
2058 2961 4570
4234 4883 2583
249 1353 958
1814 2090 2397
1260 1929 720
1658 2053 3933
3544 4784 4391
491 3319 3410
3408 4345 4293
324 921 127
2309 3632 788
2981 4684 4551
2837 3003 3235
206 4344 1415
4213 4413 380
4000 4437 1187
1055 3223 4937
4837 4857 2349
596 1640 145
2324 2937 989
1140 2126 2540
293 3811 1731
1547 3766 3851
818 3858 4232
332 2511 1257
3006 3056 675
1631 1634 1593
3621 4245 3098
1894 4139 1059
3614 4939 4854
1478 2314 2392
1341 3077 1978
3573 4704 361
4633 4976 3362
693 2286 1210
1580 3923 3003
4712 4958 2810
3372 3447 2931
3422 3920 1070
3234 3603 1667
1729 4217 3030
2822 4451 964
1230 1539 4112
5 685 1117
4314 4401 1225
447 3285 1254
2805 3586 1752
271 1373 1313
2143 4385 4792
4813 4842 1473
1268 2658 2346
3887 4898 1504
288 3960 3868
911 1033 3636
2596 4071 2041
514 1301 3146
3657 4551 4847
4601 4765 2164
1329 2627 4362
153 2162 865
1049 2743 496
3434 3644 3607
3302 4438 3664
4748 4956 1640
4912 4916 524
4264 4266 2997
1546 3283 452
4537 4565 3411
3940 4766 2854
1427 3678 1731
2132 3128 4732
2143 3453 2246
1701 3987 3347
3364 4301 300
554 3369 3974
475 3921 1312
3046 3185 2434
1534 2986 4608
4775 4964 3967
1731 2402 1741
2123 4175 4751
1536 4294 1118
4613 4677 2803
965 2885 2693
4385 4867 2280
3493 3694 222
1064 2458 2481
565 671 4674
3126 4297 451
1869 3985 2168
1556 2251 4253
3068 4833 964
4945 4962 4497
3491 4039 3140
1930 2354 1868
2911 4719 4161
1478 1801 4056
2575 2939 1425
4560 4819 1928
1103 2237 2966
4621 4934 2014
4046 4695 2428
2646 4401 611
1332 4616 2398
971 1233 4452
2232 2796 3474
4322 4370 2199
4624 4832 2581
2396 2583 1878
2599 4360 2647
2714 3887 983
3542 3984 634
4853 4880 3792
78 2679 4940
2289 4729 2728
3948 4858 3012
222 588 1104
2730 4668 2721
4902 4979 2999
633 3430 3947
4136 4471 3025
2902 4089 3035
4693 4773 3321
2198 4730 2107
339 949 471
267 1008 1731
335 4729 489
37 978 1619
2036 3811 1677
4377 4904 3494
4453 4701 4210
785 3770 3751
1305 2897 2891
888 3253 4378
63 3978 1011
3584 4777 2464
703 1047 3113
172 1505 3845
3547 4299 4101
4305 4683 3546
2741 4738 4907
4974 4996 4076
3692 4133 544
79 1705 798
3864 4092 4695
4729 4922 2021
3710 4102 1634
2425 4154 1106
3277 4086 4269
4957 4963 2184
652 2979 2501
2846 3459 3693
1199 2838 1486
446 3493 748
400 4293 4729
4801 4889 1676
2812 4085 2411
4823 4995 4760
2906 3004 3801
3549 4346 2394
4888 4930 448
4300 4500 3131
557 2992 4483
2113 3449 3101
1882 3608 1653
1572 4922 1248
210 2907 1379
2147 3097 1733
1086 3119 4945
4959 4991 4199
4052 4116 3005
704 4258 2115
2636 3378 2682
174 4212 4082
284 4985 1389
786 3674 2547
2157 3679 4363
1781 1915 4972
3761 4989 385
31 2839 1497
4456 4794 2115
1410 2853 968
3368 4019 1460
2931 3110 4421
552 3032 4217
334 1872 1804
3288 3950 3691
2165 2544 213
353 687 741
2337 2648 4756
723 906 3180
2048 4018 1851
2007 3258 4362
529 2370 550
781 1978 2137
3839 4226 443
3737 4047 237
116 607 2929
4267 4373 3588
2122 2571 827
1550 1723 1300
292 2412 339
3963 4355 317
681 1739 3609
4689 4879 337
1036 4377 939
2470 4270 3762
2430 2956 3324
896 2359 772
1410 3494 207
4727 4858 2552
4791 4985 340
3846 4391 3355
1496 2546 2638
265 1097 3106
2821 3531 939
12 517 2949
369 4484 3414
936 2080 2759
3470 4753 1044
216 2959 1602
1987 4725 2068
4195 4976 519
2300 2813 4428
2062 4969 4810
3667 4697 891
3413 4154 3975
1889 2441 588
2554 3160 3716
4484 4569 3045
287 4989 4447
1870 2086 1884
2616 3508 562
4610 4935 20
4326 4685 1141
1583 3751 1371
4373 4966 3103
610 1421 125
1378 4424 1430
3000 4216 316
3894 4182 2120
4578 4848 649
1056 3134 230
579 4008 227
3263 4881 3016
3736 4918 457
3159 4717 688
904 3427 3047
4156 4397 2596
2703 3534 2559
3407 3801 299
4129 4425 4868
1881 2835 307
522 4200 3280
3932 4365 2021
4929 4986 3670
1843 4405 1788
2363 2923 4054
4548 4956 3513
1665 4393 4567
2791 4971 2041
1803 2104 3564
2485 4777 3082
3463 3759 3381
3166 3264 326
2392 4108 4574
4189 4277 634
579 617 4077
1187 2893 2429
3153 4802 83
838 3379 4898
3761 4230 3695
577 4236 185
2238 2521 4415
772 2680 3126
1265 4950 4139
1218 1657 3897
2396 4707 4462
2586 4725 3239
2990 4324 2691
1597 2513 3156
794 3854 2983
4945 4963 3345
2380 3268 3305
4188 4655 759
2732 3805 4025
4759 4877 989
3377 3685 3673
4626 4717 1031
1212 4948 1659
1204 3954 1451
2639 2779 3672
2062 2482 1229
4336 4420 3817
3844 3920 2963
2228 3983 3971
180 4751 4415
1172 4763 104
4702 4757 2269
1998 3771 4228
3479 4831 4229
1412 2325 1748
1516 1555 4432
1988 2109 1905
3795 4695 3421
2864 3848 1480
4981 4981 3966
4325 4891 2484
3268 4500 2828
4457 4576 173
3450 4854 118
3066 3293 3763
3610 4567 3678
333 487 4186
1185 1949 2576
2035 4413 1574
1531 1733 1282
2953 4989 3662
872 1568 1515
2646 4432 1232
3711 4662 1534
4094 4420 1887
3135 4340 4524
1789 3324 11
4242 4383 1798
1235 2264 2338
2810 2916 4309
4461 4826 3139
2453 3591 240
32 4707 442
3971 4200 2267
4984 4984 2062
1884 4293 4951
534 3792 4355
1309 3473 4643
3064 4440 4557
4731 4850 2955
2933 4354 4196
631 2808 2096
4808 4874 1678
557 1525 900
273 4242 2495
3430 4051 2407
1676 2062 668
832 4207 3985
3501 4370 4118
1613 2522 4630
1663 4011 166
1897 3439 2786
1826 2075 4291
3066 4477 4019
3056 3888 2963
1440 3124 2849
3267 4904 1688
4901 4965 115
3390 4351 2682
3397 3996 1557
4331 4515 605
1011 1254 3304
1085 2039 1388
2854 3521 3273
3621 4201 1729
2057 3235 623
3971 4280 342
3516 3761 3907
2102 3937 4562
4950 4981 3653
4711 4971 3290
358 4213 1535
3041 4110 1958
426 4542 4533
2224 2829 4096
1579 3191 3700
902 4358 1611
287 4719 4130
2061 3236 2956
793 4665 2991
1796 3734 3467
77 644 1490
2738 3252 421
2063 4379 3861
536 1275 2380
3084 4105 4630
3345 3568 3034
1703 2406 2036
2609 2875 2732
4876 4892 1441
2309 4800 4599
700 3113 1320
3069 3073 3392
1979 4726 4416
4219 4678 2468
3842 4299 945
1248 2905 467
4759 4840 3532
4072 4357 264
1252 2686 1943
686 2597 4524
4231 4686 1170
4661 4901 2653
973 3885 4023
4815 4919 538
511 2777 719
2823 4236 4818
1235 4808 2912
4045 4996 873
1823 1982 2677
4325 4968 4042
2335 3770 3485
4620 4975 3906
1918 2545 1914
2502 3726 4947
4294 4692 2618
666 4140 607
589 1528 4753
256 2861 2710
2379 2469 1608
3401 4835 2127
4937 4966 1458
3500 4081 1512
3548 4942 4920
3713 4421 1566
3789 4146 2829
2790 4193 2491
756 3360 3298
3027 4649 2756
1892 3585 140
3834 4444 1146
1127 1724 4659
1528 3540 4922
2765 3610 1979
1354 2070 3722
3454 3541 3910
1446 1817 923
3762 4459 204
4999 5000 2613
2066 4574 1576
3241 3268 4363
1250 2453 3828
2614 4574 402
3589 3680 2588
84 936 4120
1915 4100 3105
717 3428 4140
1559 3726 4653
4313 4446 3812
941 4856 4924
1667 2787 340
3986 4279 3563
1750 3891 1321
4476 4918 2798
99 1995 3771
2750 3639 1643
1248 3323 2443
209 2437 3449
2665 4940 1371
3777 4256 3474
1023 3028 91
1332 1570 2978
4244 4336 3880
1367 3580 4621
3449 4607 3741
3616 3772 1190
773 3607 6
211 2586 3969
1163 1483 127
3561 4583 4326
2579 3344 3313
4520 4860 3019
2224 2232 2845
155 2267 2370
1582 4021 4726
949 2880 1612
681 1268 2047
666 3530 4048
4349 4970 844
1163 1661 4249
4404 4804 3772
3385 4789 2696
583 1891 3688
4831 4907 1475
2966 3079 165
3420 4965 2210
1827 2513 1766
1288 1995 2438
2882 4486 3471
2574 3213 4677
1605 3833 330
1253 4528 3605
3569 4846 1424
3158 3423 1570
209 4791 74
1242 2882 2004
2224 3524 4978
920 4013 692
204 3266 4935
1077 4375 747
4717 4835 1631
3118 4728 4532
329 2270 1781
4883 5000 4648
1465 4223 2852
2890 4335 876
1277 2412 2928
2351 4721 1769
1264 3168 4508
1141 4579 4947
1965 2908 382
3100 3555 1783
4065 4454 1099
141 2037 4254
4834 4863 2212
3030 3888 2162
1264 3012 1358
4544 4648 234
2917 3670 4800
3674 4160 2436
4634 4792 553
1342 3544 3809
2066 2713 1298
1561 4254 3611
3175 4184 3283
3087 4370 98
4040 4153 1568
1337 4566 3839
3433 4471 3782
347 3722 4824
3654 3787 4489
2330 4518 3843
1848 1937 118
738 1367 2000
3415 3855 3210
4454 4611 2330
913 3663 1098
1758 4702 1297
1035 1876 2144
1351 3933 4632
2562 3676 953
3535 4987 3279
1268 2353 1922
2229 3853 217
509 735 499
1063 1118 1335
2346 4418 3882
2622 2733 1213
1187 4351 3924
3830 4742 2884
2976 3074 4495
278 1743 2217
4960 4999 4566
3627 4646 2238
3933 4665 1851
4767 4909 1814
1901 4518 3353
210 329 2620
4651 4893 3195
759 3236 1189
410 3588 3118
2664 4819 1113
3735 4593 938
2872 4347 2896
4227 4606 3675
3084 4871 2845
4470 4905 649
1502 3310 4242
2953 3048 658
3035 3681 1305
3648 4688 4016
4156 4967 449
2092 4138 151
2914 4572 4924
4132 4944 4198
579 1582 4539
272 4698 1331
4346 4443 1661
265 4879 2920
2546 3874 1044
1857 4333 1967
3300 4328 4938
3239 4712 2414
1924 3567 2496
4375 4390 211
160 4782 4349
1446 1685 4070
4806 4906 354
4538 4998 268
2572 3688 3329
1727 2994 4692
2364 4259 2955
1925 2812 4142
465 714 3825
2741 3089 234
1064 1709 19
2017 4117 4211
375 3023 1244
4274 4338 2355
2324 4596 3007
3574 4221 4544
4832 4957 4126
3640 3907 4812
2711 4143 1957
4213 4408 4812
964 4454 4142
3418 3996 184
4612 4917 1354
4870 4892 592
2923 4907 1389
3598 3615 2576
4662 4950 1215
3455 4456 4922
4804 4913 3863
2618 3402 2675
1953 2513 825
2208 3748 1947
1888 4793 4952
2026 4723 4316
1750 3130 2955
3360 3712 3680
4691 4854 3013
4547 4988 4052
209 468 705
2053 2197 1330
677 4483 1419
4890 4935 1166
60 1681 2456
4445 4557 1416
1104 3631 2226
2908 3710 3539
172 4982 4600
1825 4921 4064
4329 4885 4156
4949 4986 1541
2096 3417 1579
2437 4957 3314
1845 2247 4854
4518 4692 728
637 2279 4420
2299 3222 4832
864 1946 1053
4008 4851 2118
692 3856 2849
3438 4242 334
3489 4474 3047
3713 4661 415
2235 3866 299
2728 2728 66
2594 2797 4363
4957 4983 1684
2483 3448 2725
3295 3372 2017
1163 3362 831
2111 2475 2653
33 1423 3440
864 3684 651
3303 4017 57
2762 4299 4415
1860 4835 1674
1909 2654 2456
3972 4057 605
3325 4971 3070
2367 3394 415
2957 3322 1031
3478 4056 4867
3322 3900 428
1223 2477 4412
4868 4903 4213
2415 4765 1370
3493 3944 513
1147 2841 1672
4932 4956 4695
4345 4731 1482
1489 1875 1180
1699 4397 3053
3344 4819 3688
1806 4987 698
1333 3442 1429
2542 3780 2473
2212 4972 1214
3868 4676 1195
2569 3372 4684
2429 4716 1371
4459 4895 403
2965 4909 329
2602 2685 1486
4626 4951 2335
575 960 4077
3956 4661 2132
140 1234 2747
2339 3215 544
3663 4176 2001
124 4023 524
1121 2663 4680
2342 3436 213
1641 4594 951
199 4130 4042
303 3600 4470
3238 3798 551
3573 4669 277
194 1368 301
4074 4625 3157
2981 3753 661
4665 4899 3439
3374 3467 727
2129 3704 2284
175 2594 2703
1407 2761 2119
4792 4905 2102
1612 4616 2219
4824 4975 1899
388 4675 2061
954 1535 4059
442 2802 771
1042 1968 4231
4496 4939 3110
4109 4836 3389
98 1057 668
293 374 1388
3150 3518 3383
2829 4133 850
288 4272 4415
4211 4231 4521
4186 4558 3924
3784 4273 381
3614 4553 4631
2090 3383 1358
4570 4985 4544
96 945 3256
1046 1421 2846
1797 4610 2090
938 1389 363
2015 4985 1548
13 1170 2010
1016 4717 73
1329 3370 233
4995 4995 1649
3643 4468 3315
1342 2576 4134
3740 4586 2171
4795 4860 1936
4444 4666 4088
1694 2764 2809
2330 3526 4039
574 1196 1846
1351 3779 1993
1130 2442 175
559 3766 4726
3068 4758 1254
830 4583 244
1581 4140 1430
4226 4625 3034
4267 4916 2615
880 4078 2420
100 3885 32
527 2475 2022
1074 2088 1880
3711 4087 1091
2310 2765 4567
4829 4959 1689
3704 4923 788
1083 2929 428
1646 1676 1214
2272 2990 3912
1880 3571 3279
4726 4800 2332
718 4158 1645
2975 3371 2843
902 3856 3442
2982 4544 4407
1068 3659 4255
2470 2470 2760
881 3758 1098
1817 3344 4305
2618 4808 1476
4202 4900 1160
2259 4248 2356
1549 4697 2034
11 4615 764
2758 3810 2343
3823 4708 1917
2448 3108 1418
4303 4817 3089
2466 3163 3982
3367 4257 2938
19 2923 4583
638 4483 1233
3803 4661 4197
1944 2503 600
4664 4986 2342
4450 4572 1710
1164 4241 4339
1363 4898 4457
2610 2896 1221
4684 4913 4541
1621 4119 268
686 1823 1994
1199 3593 641
1443 4686 2745
4876 4962 3936
3011 3216 2739
4807 4935 2045
1360 1586 1327
3909 4880 4976
1667 2543 4134
2741 2919 1745
1386 1814 959
3915 4747 4273
4332 4354 118
1037 1453 3284
304 1378 601
4737 4811 2085
2826 3484 2653
321 2306 3734
2819 3392 4774
3487 4629 4931
203 3833 1340
1077 1636 1805
1957 2838 895
1794 4494 1538
2617 3296 3123
749 2571 1590
2042 3176 673
3092 4120 494
3894 4128 1137
535 1221 4857
1068 1484 4143
786 3933 3257
1964 4548 1642
4867 4924 949
4117 4664 347
4010 4644 1892
4947 4989 3399
449 4311 4675
3254 4384 3581
4846 4872 665
1985 4105 2767
4301 4469 4629
1460 1591 576
3449 4648 2379
4265 4298 923
1661 2020 627
4615 4652 2433
384 2286 4976
2817 4016 4551
4827 4946 1416
3756 4645 4351
2361 4298 890
102 4969 3922
2691 3177 865
770 4947 1737
2166 4140 2706
1762 3645 807
1439 4585 1672
2413 3674 2744
646 1346 212
2493 3711 3436
688 1508 3787
3014 4289 4631
197 4491 1538
4749 4774 2489
4325 4962 363
496 2041 189
3820 4239 3852
572 1112 3725
421 2895 16
1635 2498 2660
2723 2898 4496
964 3686 2544
4683 4975 525
3335 3710 1697
193 4039 798
2546 3135 1132
4014 4284 1703
1019 4628 4717
418 1008 1353
3646 4104 1856
190 1744 3005
717 4967 2442
1732 3747 2836
4480 4502 1730
4373 4551 4026
349 4177 1960
4536 4717 3819
2687 4315 1391
3731 4303 3422
2048 2461 2477
1636 2172 4997
1992 4902 1018
2198 3494 404
1598 4241 610
2587 3842 2055
2358 3705 3959
984 3638 2023
1185 1661 2008
2047 2967 3498
1437 4507 4492
1918 2925 109
463 2219 535
3689 3776 4104
2734 3502 1812
4233 4824 4807
3520 3684 3551
29 165 3827
309 1406 4997
2796 3641 1367
242 351 1890
4184 4414 2021
2951 4607 1005
578 1685 4162
4078 4689 1485
2684 3365 4435
116 820 4342
4137 4612 4937
1631 1964 3084
1222 4465 4072
479 1965 1318
632 4226 337
8 2091 2813
1299 4142 4959
2312 4271 2378
1086 1310 292
1420 1718 4135
4721 4844 38
4711 4841 631
1366 4633 4950
4441 4561 3307
2461 4303 2119
4328 4982 1827
147 4568 3976
1544 3794 3509
1031 4285 479
1369 4268 1389
4697 4901 4658
2606 4238 3467
1683 3478 2074
1789 4690 2677
437 2781 3515
4589 4727 3556
26 1150 678
863 1186 959
641 2552 1309
1624 2497 820
137 3781 521
3212 4905 1929
3317 4877 559
3046 3478 209
4732 4827 1715
3365 3892 3900
1080 1942 1468
3876 4385 329
4723 4878 3996
991 3176 4513
3883 4286 1432
1379 2586 3603
1249 2825 1938
4444 4486 4003
3688 4192 2314
2410 4864 4633
3645 4381 4572
2651 4367 2306
721 2374 2964
3081 3205 2295
478 2999 1667
3423 4123 1734
1332 2808 3590
4102 4712 3242
2147 3547 3674
4523 4808 4222
2037 3362 2813
3276 3291 1175
552 1724 4666
810 1433 2473
4015 4392 4002
2510 4137 4855
2621 3855 2181
520 4152 3517
2844 4228 1529
3341 3710 4262
2787 3720 1659
292 1647 328
159 1848 3501
3028 4559 4524
2208 3158 3842
2319 4393 1224
705 3780 764
4196 4623 1807
1169 1395 2372
4051 4952 1286
4006 4164 2707
3159 3466 1244
3349 3619 213
3168 4110 678
3113 4564 457
1327 1380 3497
4882 4969 3825
2120 3860 823
1691 1920 1229
4801 4860 2762
1931 3180 3229
1901 3770 2000
2952 3703 4287
4500 4818 3185
1036 4582 4335
4986 4995 3190
3197 3684 941
4924 4938 1365
2078 3790 4958
2890 3710 2552
3941 4394 3900
370 2725 2939
2803 3388 1432
787 1407 3328
3677 4439 2574
3887 4346 3021
2355 3864 2031
3827 4445 782
2355 2915 385
3813 3905 3652
4374 4782 1891
1291 4716 4223
4574 4953 4133
4978 4997 3570
2290 3843 1214
2287 2390 1782
1400 4302 887
3329 4784 3934
520 2562 1220
2993 4999 1374
21 4601 4164
364 3641 3806
268 4089 3834
2316 4915 150
4366 4827 822
4717 4770 3905
716 2502 3431
31 455 2744
523 2804 4607
3693 3924 74
3668 4924 690
2662 3737 2223
2059 2328 2854
2949 3662 2049
4161 4920 2177
3099 4154 2860
2531 3554 4814
304 1775 3673
1651 3216 3121
3430 3853 1460
1980 4643 2410
3919 4218 1870
1417 2629 1405
2141 4043 1865
1233 2928 3331
260 1200 2376
4687 4924 2315
2222 4495 3962
2083 4318 817
3553 3656 2666
2463 4530 3405
1326 2851 492
4560 4610 3531
1581 4681 2830
4687 4760 4849
1476 3057 1524
4945 4998 4117
4747 4944 803
4499 4667 4770
1345 4872 376
3814 3865 772
3201 4315 3260
251 4580 3212
362 2510 3257
3629 4465 2516
3900 4593 851
2463 2691 3493
94 1101 785
3985 4839 1046
3653 4490 1940
384 1390 1647
2635 3799 3306
1110 4074 4682
3251 3763 288
571 1357 4366
414 966 3734
915 2391 3071
4803 4833 2445
1931 2681 1781
2244 4959 3251
3821 4433 3902
3868 3968 1966
251 2392 1872
1574 3086 2243
4633 4651 2863
1439 3813 4655
2706 4535 1309
3001 3271 3997
2221 4050 1194
3622 4189 3953
3516 4722 2421
2679 4606 4224
2254 3037 20
3786 3916 3665
4527 4746 4464
3424 4267 2031
1449 3670 1770
2409 4245 2136
2532 3162 479
4748 4911 1173
3378 3671 3069
1923 3697 461
981 1957 1128
2478 2931 1901
3245 4739 2605
305 4550 2033
4598 4682 718
341 1161 3325
2865 3458 1956
678 4192 1535
2886 3531 4802
2071 3763 4092
319 3829 1097
4448 4796 3346
4150 4554 1965
4168 4899 3177
4694 4978 862
3604 4228 591
1522 1648 4551
3054 4290 2872
1837 2037 3614
1569 3394 785
854 3922 4405
1505 1829 2274
1545 4878 548
1517 2402 2550
462 2605 1582
3377 3420 4739
4716 4942 4232
390 2060 2755
1630 2718 534
4245 4933 4189
360 3596 933
1322 3357 3604
4986 4986 2409
4393 4921 120
2526 4531 2760
509 4420 3308
2138 2411 4665
3441 4049 374
3198 3887 4262
3479 4730 637
1373 4026 2724
3145 4115 2852
4190 4650 2969
2195 2532 1231
1519 4936 914
422 3529 2718
198 1700 1209
631 4872 555
555 4315 3455
3708 4844 3364
3246 3864 2882
835 2326 1938
4997 4999 3698
4643 4814 1699
4302 4508 4981
2374 4521 4509
2676 3646 2061
3785 4704 4606
56 4451 204
3799 4304 3430
3671 4462 3612
375 452 2730
852 943 4360
708 1803 449
3872 4079 1257
1123 3829 3024
4255 4981 27
3017 3865 1438
3198 4157 4233
1093 4645 1356
3957 4162 2545
1667 4286 3980
1129 2790 2298
3177 4317 52
4872 4931 2114
1935 2570 2666
602 3859 3935
1419 1595 4401
1607 4937 4648
4849 4859 1821
1936 2770 879
2111 4469 1002
4118 4468 84
1433 4809 297
3526 4931 2601
4925 4952 3746
1344 1829 5000
4859 4966 2908
1364 2155 1723
4134 4257 2843
3620 4586 2164
4807 4929 2029
459 1652 2184
3719 3930 3091
3993 4441 4522
2379 4569 2029
3410 4626 3764
4756 4979 2233
4150 4746 440
286 1793 3828
1864 2563 924
4089 4556 2338
1092 4941 2220
949 1316 2790
4428 4979 1916
2666 3330 3911
4993 4996 2094
1757 2127 3641
2106 2892 535
1313 4225 401
3353 4734 2832
2504 3239 315
856 4473 3275
318 1623 3375
4369 4749 2999
3293 3419 2589
4958 4970 580
3180 3415 3920
3024 3443 1033
2703 3752 2497
4980 4986 3872
1460 3893 1296
4643 4757 255
908 4279 2569
509 1111 70
3457 4817 3607
4622 4831 4240
4138 4369 4423
4020 4989 4955
2071 2319 3603
1096 4125 3306
441 4215 2841
3850 4701 617
2127 3663 2206
869 2054 3632
2257 4096 4030
3711 4546 3611
686 2390 4042
4094 4738 4186
2912 3996 4121
205 3331 4379
4364 4484 3635
1484 4049 4688
2157 2563 4094
226 3701 946
102 4975 2
2591 4618 4799
1661 1889 1244
3920 4673 2908
3707 4238 3927
3256 3812 25
321 3363 1077
1494 4381 2346
1961 4935 4530
4513 4942 1350
4717 4816 4639
347 3696 1948
44 934 3580
1791 2635 967
3342 3432 1623
907 2752 1324
4304 4660 2965
3500 3669 1662
3949 3973 1354
3602 4533 4304
2987 4364 3416
2105 3212 3535
625 3562 2146
241 2499 2060
1774 2964 1490
3244 4903 4823
4907 4971 1097
2478 3317 3801
3314 3828 1487
152 1073 3385
3207 3559 1653
2495 3659 1486
172 1143 1841
4441 4949 3983
2478 4083 3078
3561 4284 3760
4122 4355 2978
1651 4665 1244
703 3166 1065
4362 4424 1128
3097 3304 791
1947 4458 820
1356 4134 2642
478 3733 43
3743 4815 3724
2350 4654 3823
3936 4999 1602
3478 3508 1311
813 4985 3047
3471 3609 2010
103 389 4412
4824 4913 3149
181 1759 258
1450 2361 238
243 4332 2248
3339 4555 2132
282 3401 3119
3232 3480 141
2682 3177 143
3101 4614 121
4101 4362 1028
2062 3818 2199
1115 2087 570
4717 4734 293
1979 2296 3218
913 3458 3381
3048 3490 2370
2706 4911 3746
722 2854 520
1131 3140 3701
2782 4460 1440
3844 4535 4296
4135 4271 4391
4937 4992 855
2742 3825 1950
4727 4938 3382
1290 1484 1378
2341 4951 899
4122 4307 2407
978 4945 1216
179 2079 2123
2073 3766 4680
771 2698 425
3412 3880 2015
1081 4522 2109
456 4791 2288
4984 4991 3815
2028 4167 4992
1752 4229 4794
667 2255 392
225 4836 2446
1465 2736 3017
3137 4964 2942
2405 2500 2170
3286 4489 3413
4247 4522 3753
3361 4907 1829
922 2814 3342
3890 4496 3109
3163 3317 4854
2714 4998 3039
1077 4706 2401
3515 3738 1241
931 1124 1085
4473 4687 4488
2351 4558 4037
429 2889 1630
4830 4901 2675
956 3786 2947
4476 4668 4022
4022 4964 3232
296 4170 1595
4698 4862 593
1962 3764 1971
4622 4987 2819
2922 3100 1860
1907 1954 3434
218 3839 2108
3059 4076 195
1437 1596 4107
4957 4978 1646
2535 4977 211
2960 4837 370
3794 4308 3957
1831 4288 3951
3485 4257 1055
2407 2857 1054
1673 2107 2945
2889 3414 665
2441 3035 4713
2075 2787 1582
3848 4368 85
543 814 4977
4743 4951 530
2413 3707 710
847 1249 68
3252 4403 652
4316 4600 1583
4973 4995 4989
2724 4668 1047
2701 3386 2207
2224 4342 1308
2503 3765 3264
939 4516 1439
1843 2842 1577
3241 4910 4889
417 4924 867
975 3083 1531
3823 4238 3898
873 2241 1067
2533 2981 3715
3647 4384 1975
2153 3952 4351
1666 3833 2445
4037 4740 2048
2501 3811 93
2759 4430 3460
3553 4636 3318
3032 3626 3510
4693 4971 1994
854 3831 4667
117 1452 4024
2474 2665 2804
1358 4371 227
4424 4761 1955
568 4955 4479
2059 2149 233
357 4822 3512
698 3575 3367
3104 3619 1296
1605 1689 2869
2941 4276 91
3780 4672 1945
2123 4744 2788
406 3413 4943
1353 3893 4786
4053 4735 1682
2236 4513 1682
512 4753 1579
1073 2999 2050
1773 2272 3500
3842 4826 4369
4328 4944 2118
2518 2670 4976
3206 3568 784
41 2688 4015
1149 2664 2143
252 2673 978
4433 4604 2941
1771 1871 3101
2769 4020 373
2172 2429 719
761 1627 3423
4555 4650 665
1136 1505 4980
470 2946 3952
1557 3871 422
4783 4954 3917
4644 4950 198
2161 4156 2594
2142 2884 3507
3858 4572 436
624 3209 2420
2210 2882 2934
2738 3761 2086
1880 2151 3170
956 1908 3562
1125 1482 3686
3935 4043 2144
2337 4916 281
1542 3788 1989
1694 4183 4785
2442 3912 2543
4812 4832 2249
4124 4922 771
2906 4688 731
1524 4442 2668
1520 2057 675
669 1960 678
4986 4992 1405
2234 2789 264
3693 4597 1968
366 670 4335
2214 4456 2007
2573 4042 3481
4650 4903 824
3099 4263 4939
1449 4197 3184
559 2988 4716
529 3544 3845
4220 4732 839
4266 4618 2602
1951 3274 3330
4353 4920 3295
1678 2091 2462
4215 4592 1956
2733 3511 285
156 791 4895
2473 2677 673
1162 1814 4383
2930 3410 3577
1127 1398 4934
1153 4175 2203
1570 2435 4534
3150 3615 596
226 2369 1811
4291 4432 990
850 1579 1667
3607 4781 103
1710 4471 2932
3050 4500 3975
1588 3167 2863
3143 4728 4031
4153 4659 1595
2399 3133 4165
824 2886 104
2253 3657 2124
1888 4954 4277
4373 4816 4654
176 634 3726
2141 2413 4072
968 3025 3546
3767 4082 1639
1786 2088 1211
138 4528 1895
560 1236 1176
3015 3207 1792
3943 4894 3010
2387 3089 406
87 1274 1324
649 2476 4547
2320 4113 3928
4300 4981 2249
3777 4275 2312
441 4947 1232
3217 3520 2760
3591 4228 4326
521 4589 2280
1707 1939 2131
2175 4066 2435
2069 2531 2905
1180 2678 1758
3526 4615 1604
2942 4111 4176
3574 4743 4622
3636 4004 580
3318 3613 1084
3860 4725 1880
529 731 1298
4277 4728 3516
1662 3060 4276
4235 4597 4484
2857 3037 84
3715 4127 545
1930 3601 1370
1226 3752 3954
1947 4307 1886
765 2598 2509
4864 4934 910
1992 2808 777
1514 3104 3871
4190 4426 2676
4309 4552 720
3499 4162 1243
3581 4351 1308
3014 4087 547
1758 3093 3592
2640 3835 3693
2095 2112 3723
424 4265 4305
1794 3413 2878
4865 4940 1407
4947 4964 33
1540 4200 766
3840 4538 1517
1844 2054 3263
3789 4684 1563
521 3054 1375
4524 4665 4473
2875 3469 3971
4923 4995 4033
4435 4528 1312
3466 3965 3756
4013 4803 3503
4441 4568 2402
2886 3376 2505
3060 4274 2219
3615 4101 4663
2915 3052 4719
1318 3252 830
1040 4174 3182
1798 4853 2259
3665 3966 2133
732 1216 2664
2451 4240 2001
2607 3742 4371
4221 4727 208
2922 2982 1728
1166 4024 1740
3425 4658 3198
829 2640 3179
2100 4948 4878
3794 4357 2169
4458 4917 228
1199 1801 1900
4776 4926 998
4424 4497 1228
1489 3155 3018
665 741 2147
3749 4173 1387
3016 3102 3701
2170 2976 1847
1923 2229 1710
964 4908 1939
1990 4709 4452
1926 3050 3002
1155 2306 2153
836 3139 3358
3771 4732 869
3200 4833 269
1780 2221 1443
2246 4715 4777
1041 1714 4895
1754 4629 4826
2965 3140 3943
1783 3165 1751
3132 3414 576
718 3216 1269
3383 4774 4971
2041 4720 53
684 1939 4161
4473 4551 3512
839 3353 4398
3572 4007 4359
275 1379 2566
4230 4709 2255
12 3734 155
1523 1676 1989
1638 3724 4267
1267 3691 2891
4123 4193 4760
272 3677 636
596 1243 4629
2131 2467 3355
4902 4936 2477
3609 3878 4444
1746 1871 1875
589 4492 1930
949 4633 1699
24 3948 4378
4695 4793 4062
334 1263 1795
1064 2097 239
2953 3438 2233
3266 3729 1541
3863 4360 2539
3827 4447 43
1783 3624 2774
2211 3307 2777
525 3865 591
1113 1583 4938
428 2731 2686
20 2465 493
791 3931 937
2073 2467 1521
879 3122 4931
3740 4246 2746
3620 3994 3668
4987 4994 4401
226 655 664
2458 3917 1150
537 4056 3119
2050 4954 4744
4912 4969 4105
4357 4432 4244
2681 3047 3236
4804 4822 2234
2075 3342 382
3422 4376 1286
1718 2514 102
2249 3095 3501
1297 3930 2681
4758 4979 1609
1280 1679 4287
1142 2799 1198
1094 2903 3060
4925 4964 1131
3109 4010 1248
3366 3370 4885
4129 4905 4195
4729 4969 4551
2794 3586 151
4874 4999 821
1706 4746 1723
4338 4983 930
1834 2814 4947
1466 4194 2607
1675 2054 4690
3942 4341 3168
1310 1893 3763
4342 4471 1341
4856 4993 1221
4414 4495 165
2073 4145 678
4415 4687 341
2108 3670 1060
2260 4188 3637
4715 4837 3804
4366 4699 107
2666 2831 173
360 4867 2820
3206 3220 3072
3015 3172 1471
4601 4766 1653
184 2311 1327
3928 4131 4277
2460 3221 3243
1530 3792 1727
1234 3854 607
4910 4968 3233
235 296 3731
4488 4980 846
1707 1793 3997
2263 4505 3722
1038 2467 4700
1521 4384 3564
3191 4903 223
263 2836 3639
4648 4722 2233
3872 4104 3414
4028 4950 3976
4987 4989 2622
1910 4871 3351
539 4624 4525
807 2720 1564
4899 4932 4362
1759 2243 1623
1936 4498 1621
3318 3858 2478
4026 4787 834
3849 4423 3321
3782 4659 4095
286 3207 3529
3162 3853 1140
1973 2533 3309
2894 3214 1809
3748 5000 2591
2982 4903 3662
738 3294 2087
3420 4706 2134
1890 4460 222
4501 4523 2287
3404 4276 3063
3569 4194 3695
4224 4584 243
1570 2947 3569
195 4388 4300
3431 4723 2640
2844 4555 2339
4867 4956 4971
1407 4976 1977
335 4558 2427
2732 3284 1629
4315 4919 2172
1856 4286 3836
2566 2876 3327
3894 4831 3734
4155 4935 4174
4823 4906 1054
4536 4583 2857
2272 2539 4338
3442 4842 3538
773 3588 1369
2991 4948 3015
4171 4465 3325
1289 1992 3446
1228 4773 4618
2525 4587 2692
2481 2502 3113
3883 4098 4174
4152 4816 453
912 4259 961
718 4552 2528
2724 3526 341
3381 4376 118
347 3246 1566
1047 1420 3847
2552 3153 1487
3543 4790 4774
4831 4968 1990
1458 3058 1710
3696 3715 116
1012 4200 4240
3814 4183 2540
4208 4779 829
1466 4126 1532
125 789 2745
1956 1973 4234
4174 4447 3803
3349 3943 4889
2537 2859 885
3597 3804 2550
4630 4736 4590
3547 3711 3062
2490 4167 2598
804 1919 1376
4168 4701 3109
4787 4848 2616
4311 4500 1252
2151 3106 1770
2570 4632 2153
687 2658 4305
1656 4504 1069
2255 2750 3402
1769 2594 1830
2354 4986 1327
191 3871 1288
3276 3942 1002
2693 3359 4867
4038 4677 3507
3180 4461 4720
4350 4471 4667
1049 3841 556
3966 4257 1165
1607 2267 3795
3107 4542 611
2756 4868 2742
1901 4448 3126
3199 3760 1290
4562 4870 4019
1009 2005 1867
2289 3746 2996
2791 4103 4273
1319 3076 3055
4513 4847 2633
3901 4911 2084
1696 2982 2443
1475 2886 2727
1038 3854 3850
4273 4572 2359
1234 2017 2506
2501 4905 4856
1409 1746 1598
2159 4050 4053
4200 4855 4421
349 4160 3354
1542 3003 2500
4308 4373 366
1025 2207 3487
3010 4607 1449
1222 4627 1907
1883 4060 461
3692 4834 1604
1281 2463 445
3791 4335 469
3757 3955 1174
1798 2408 241
429 4695 264
2631 2651 2390
3037 4698 1771
55 2849 2228
4682 4683 2325
3457 4048 1384
1797 3792 1104
4989 4991 2114
3274 3597 4573
1989 4995 2935
2851 3746 2773
3669 4037 1962
599 4579 1948
4225 4438 922
3781 4958 2080
682 4460 2935
753 4088 822
4350 4776 1427
4264 4675 4196
3479 4267 61
697 4599 3682
4101 4340 2824
1696 3099 1560
1395 4135 4951
341 3027 334
2287 4164 2968
1627 4442 3675
3885 4728 2053
3559 4511 4223
4654 4930 2749
1080 4935 2633
489 1633 3095
4530 4777 4892
2685 4489 201
1957 3192 1217
2495 4453 1931
823 3616 4044
2917 3986 396
4659 4857 2252
4159 4649 181
2639 3544 2226
280 431 4620
1419 2705 4259
4891 4969 2208
448 887 2664
2270 4831 125
4662 4747 3474
3260 3418 477
1943 1984 303
337 2788 3179
1893 4124 3987
1706 4915 3638
2112 4076 2185
4765 4880 3577
1425 3608 84
2314 4856 2960
1565 1773 2217
4566 4989 3144
4889 4894 3107
2345 2391 1052
268 1245 2248
315 2745 3830
1926 4643 1324
635 4401 1004
2784 4563 3693
4658 4783 1356
3912 4971 42
1417 2862 2163
1623 4544 1432
2568 4727 377
3857 4947 739
2634 3940 3992
1569 2747 1179
1514 2023 4298
927 1310 1174
242 881 1448
744 4692 3352
4319 4516 36
424 3745 589
4642 4762 4858
1909 3572 3661
4514 4937 3538
1503 2929 4220
560 2013 2533
581 3051 2877
2308 4524 1133
1784 3320 1279
1515 3094 2267
2947 2963 1851
4545 4960 4114
4505 4769 2389
2085 3068 2734
4398 4604 4012
2730 4686 4375
4676 4819 1279
1799 3846 2965
2419 3249 1215
4777 4830 4652
4458 4650 2554
3717 4032 2359
446 824 2176
3965 4961 2591
3695 4572 2122
996 3833 3127
2772 2939 3728
3860 4930 1456
4628 4880 692
3851 4059 1659
2805 4397 1140
3569 4114 4909
3748 4562 3760
2467 2698 1800
2922 2989 766
3879 3955 1291
5 1353 1084
2919 4937 3761
2956 3303 3551
4234 4582 295
77 587 1403
1132 1384 2963
4051 4076 2392
3003 3578 1364
4026 4679 1919
3509 3884 684
2716 4367 4849
2539 4425 4187
2788 4099 672
4696 4785 3822
4302 4649 591
3544 4968 306
983 3596 866
3238 3399 3864
3882 4570 2951
208 1233 3067
2508 4975 3360
461 930 3859
2437 3060 700
4445 4779 3732
995 2428 4909
3612 4242 3419
3022 3514 1088
2758 3735 3182
211 1085 508
1338 2112 1277
4070 4976 1822
2525 2743 746
778 4478 1281
2816 4051 125
2588 4624 2039
1951 4567 3495
2196 2863 1586
1668 3445 561
4497 4973 1069
2618 3344 3165
4141 4821 719
1558 4723 2095
117 4307 2314
1855 2974 4146
3707 4578 4140
749 1448 1956
6 2054 2027
4472 4789 4215
1019 3917 235
2701 4191 1190
3308 3351 1074
4252 4254 4394
2514 3801 3690
624 2273 1762
2333 3726 429
2846 4659 3772
799 2961 505
4004 4427 2924
1416 2762 1049
2494 4469 556
3155 4485 1305
912 3570 3867
611 4416 931
4982 4986 713
4213 4813 4117
3609 4113 1027
3740 4009 1655
2702 4941 49
3898 4822 1800
266 4517 2699
1545 1777 1712
4545 4796 2836
4438 4675 1882
4464 4925 139
1797 2655 4602
553 2212 2417
1556 2553 889
1692 3520 3768
844 1066 852
1434 2883 2966
2542 4488 1851
2528 2566 2817
3288 4524 3853
3890 4243 1324
4498 4671 3791
3792 3880 4074
1265 2749 3562
2856 3238 2521
3130 4654 730
4312 4781 123
3325 4211 2396
2863 3864 1146
374 2202 4181
684 4200 4584
446 4843 3689
892 1840 4977
3162 4703 56
1532 3513 338
2639 4020 2362
2709 4088 2071
4057 4486 1722
4743 4871 3137
2463 4628 4981
1883 3896 3521
3266 4062 3187
3506 3579 4311
3058 3376 3862
4474 4818 4750
3633 3899 3958
1644 3649 1825
194 4468 3240
4007 4678 3552
4029 4858 1952
1755 4849 1972
3514 4092 3944
4604 4738 1328
1138 4787 4615
4685 4926 1895
4150 4603 4650
2830 3343 3895
521 1595 2922
2884 3195 2967
4370 4623 1806
730 919 1381
755 4709 2118
4043 4555 3322
1921 2871 1212
2787 2794 21
91 1960 4780
2451 3990 3014
4709 4943 3197
2473 4605 2091
3177 4268 1346
1049 2874 2574
228 764 250
3060 3913 1091
1122 1136 123
2963 2998 3634
4871 4949 2763
4451 4987 1871
3671 3671 1363
2381 4911 4930
687 1080 1525
1704 2580 4381
4645 4690 4078
4184 4308 991
4022 4959 3322
3564 4070 638
1110 2392 87
2844 2905 4492
701 4360 827
3855 4594 2755
3662 4981 4075
4603 4671 51
2929 3697 839
1229 1680 4839
1474 3702 246
1291 2777 2635
3042 4224 3241
3225 4004 1625
1755 2093 1417
4810 4825 3151
4925 4982 4067
1530 3829 3978
794 974 2568
1215 4360 3616
2854 3488 3925
4629 4799 4523
4108 4444 757
486 1413 3900
2016 2394 1086
2475 3729 639
2388 2542 507
4317 4593 892
1275 3633 1898
2832 4591 3001
422 3777 4849
1775 3323 2843
1523 3081 3255
2412 4169 258
3328 4226 846
3988 4096 2521
4439 4839 4439
3290 4267 528
3599 3698 4997
3605 4545 746
4416 4816 627
3003 4195 263
3314 3365 3073
4623 4826 3466
884 1815 4574
4071 4389 2971
2693 2703 1432
3330 3333 3325
28 2405 4721
4164 4539 4572
3460 4087 3080
3836 4031 1119
1248 3406 3011
1938 3421 3026
329 3756 3566
4087 4594 3606
2323 2809 2106
964 1130 3344
3710 4327 2010
4327 4743 3422
4320 4805 4018
2 3809 3423
1884 2514 160
136 2202 209
399 1164 1932
1661 1772 308
4778 4809 2677
4019 4273 2507
3697 3909 4724
4105 4165 195
815 4575 3604
4595 4670 4954
262 1347 3801
4751 4952 651
4901 4967 2511
4923 4930 3762
2795 2883 4055
1017 2926 4245
1901 4135 3880
3180 3701 674
328 4685 1984
4346 4357 3508
3292 4238 2870
3165 4984 1865
4718 4762 2724
3771 4871 3637
4025 4944 970
701 1017 792
4350 4599 2559
2382 3321 1258
890 2000 3210
287 373 816
589 2392 3557
4378 4691 3888
3850 4746 4946
4247 4730 2721
1653 3915 796
2565 4931 1739
1911 2287 1823
2908 4453 3401
3235 4322 2233
1228 2276 3889
774 2813 711
1245 2947 3516
1703 3879 1963
3265 3962 1126
1015 4175 3664
2801 4990 4824
3357 4181 4054
1165 1419 184
2987 4925 2242
538 3599 1260
3038 4630 1141
900 4753 2913
4705 4834 1244
1917 3679 2204
4093 4578 4704
176 2504 486
184 3990 4997
4013 4606 4243
3455 4904 1227
2531 2709 944
1820 3062 2379
375 829 2576
3651 3941 305
1217 3231 375
4230 4873 1897
3595 4594 696
4519 4688 2349
3156 4978 2152
3617 3630 814
3487 3969 3527
3625 4948 2072
4732 4921 2702
2753 4426 1574
2448 3945 2679
9 2781 443
4266 4639 2891
3170 4964 4668
550 2767 1420
585 3061 3815
3223 4988 1089
4779 4941 3221
4754 4880 2481
3812 4463 1180
3403 3839 879
1013 2846 3188
384 4108 4543
19 114 2912
1813 1864 1132
4875 4932 1607
627 1149 4489
534 2131 4019
700 1556 1463
1960 3880 775
1550 4225 4827
1670 2303 1319
3657 4391 2989
4650 4669 2771
845 4070 555
2482 3071 253
742 905 3288
1705 2597 901
135 3893 2715
1079 3629 1765
4468 4894 127
3460 3770 458
1360 2719 3580
987 3904 4114
494 1272 2116
1293 4348 1790
766 2259 38
1927 2134 2012
1234 2164 2187
2632 3992 2537
558 3345 4055
2606 4500 4888
530 988 944
2976 4561 1227
2299 2613 774
3178 4678 2096
1287 3641 4709
819 2153 4741
865 4364 1997
621 1767 3819
381 2676 383
870 902 1335
3727 4511 2165
4323 4976 2743
1501 3746 4366
3652 4913 293
1803 2780 4882
4509 4785 2647
408 2694 459
4453 4921 1834
3027 3720 4709
3801 4533 1925
3145 4379 1377
3906 4667 2677
2507 3934 4882
4663 4669 138
629 1856 1423
3323 4907 3535
3549 3783 2086
353 3552 2736
2507 4289 2541
1908 3252 2458
4990 4996 765
3735 4142 398
1287 3163 1652
421 914 2883
1237 4222 2259
2211 2435 1253
3549 3579 3083
4008 4560 3243
3011 3983 1745
65 2335 3822
4292 4703 1622
3598 3784 4468
38 1351 3511
687 1418 2260
52 739 4457
2002 4913 1077
338 1189 4118
4060 4685 4383
1384 2308 4972
4751 4836 3917
4921 4991 3918
4274 4541 1137
2069 2124 3551
4412 4858 1650
4106 4901 3035
345 4559 4562
4062 4413 306
2583 3361 4095
2537 3749 724
264 3982 4810
2793 4254 3547
3248 4460 1527
4822 4834 2922
2115 4741 3262
1091 2735 921
2993 4135 2927
4660 4973 227
4981 4985 2517
1106 2935 2528
4066 4222 1790
3231 3472 4261
2421 4694 1239
1341 4996 4328
2356 4685 708
2021 3276 4274
1916 2348 3680
1940 3494 2092
2732 3276 3424
361 1539 4058
645 3191 3661
1060 2180 1481
2574 3397 3441
4122 4250 2874
2592 3011 2504
1479 1631 4554
2895 3080 2071
3552 4597 2073
1034 2160 2355
838 1130 520
4671 4815 2865
225 275 4397
3382 4593 2596
349 4197 1054
4793 4856 195
334 2177 4073
948 2450 699
1706 1961 285
4171 4268 4383
2718 4642 3459
2832 2881 1584
2291 2697 4930
1995 3007 3963
3247 4587 4582
4266 4274 3578
2858 4306 2222
847 2374 294
2322 4557 2866
1103 1567 122
418 844 2978
1408 4187 69
4524 4652 3511
4528 4676 858
1932 4858 682
3897 4430 1061
2715 4421 2086
2058 4154 479
465 2103 2203
4175 4511 1740
4932 4944 3063
3040 3691 259
1876 3778 1926
3572 4932 3380
1948 4837 4640
4262 4322 4102
1623 3311 4519
851 2392 827
327 950 2691
1634 3561 4389
1534 3505 4060
977 2101 4312
487 2709 2019
3975 4066 162
1212 2992 1116
3865 4766 1746
2745 3246 3623
1304 1969 1646
2463 2933 1396
1073 2029 4027
914 1611 3555
2520 4405 3213
629 2212 49
1211 1882 3348
407 1574 2445
330 766 208
3111 3355 1094
1532 3888 3487
1106 3702 4566
2330 4355 2143
2807 3044 4999
145 2844 3460
4261 4643 1437
109 834 2798
3028 4640 4735
2067 3231 4372
4948 4982 4918
735 4027 1732
1237 3195 2227
324 2657 4269
881 2398 3574
1209 4469 378
2322 4598 1233
1231 1409 868
219 2543 2382
3917 4006 4426
179 2463 3996
723 1365 141
4112 4943 641
2487 4671 1041
874 2948 4762
419 2754 2947
1529 3101 4489
997 3763 2020
353 3266 2460
672 2310 2620
1377 1441 2752
1057 1550 3468
4621 4910 4858
1410 2378 4820
154 3309 620
2666 4347 2020
4015 4753 4275
4212 4217 2164
1239 2237 254
4897 4981 2304
1274 1832 4731
2228 4173 2713
4211 4438 3672
3787 4359 1972
4656 4736 4748
2640 4041 4883
4199 4925 1513
3079 3387 1546
2513 3152 373
4788 4922 4389
680 4588 2589
545 1938 965
4013 4147 2594
2907 4165 2853
4342 4443 3785
3710 4570 3350
101 2515 4342
1410 1879 249
3939 4741 4441
1316 3235 2604
138 1203 2893
1935 4933 367
103 3272 1820
731 1637 4645
3804 4089 489
480 1283 2396
3734 4997 1063
3396 4634 667
2738 4396 1489
2461 4096 3505
4988 4999 3944
3243 4872 4878
360 3356 800
1539 1649 3130
820 1670 3664
3793 4548 3254
2301 4032 2825
4448 4793 646
4125 4729 639
2707 2720 4323
657 4914 2778
970 3746 1975
4171 4438 3215
1180 1185 3467
2657 3534 489
2099 2583 1641
2338 3508 2736
1641 3555 926
2136 2401 959
3778 3814 953
1253 4962 4680
1566 3264 4866
545 4207 4444
1826 3594 4738
1810 2714 502
4077 4229 2896
422 626 951
4324 4698 750
576 2822 440
3276 3696 3920
3620 4862 1043
3728 4113 3259
3232 4222 1273
3455 3617 2075
1206 4740 4961
3943 4651 2608
921 2145 2540
3250 4397 630
4488 4906 4265
4196 4637 3453
574 3874 3251
1156 3178 2508
4608 4895 1696
710 3483 980
1720 1756 153
842 4628 1459
666 2359 4582
103 3448 3739
2650 4152 1444
3191 3985 3340
2415 3438 4922
1572 3984 479
4498 4890 4829
4165 4320 4472
1283 2747 3844
4985 4998 4202
4363 4435 4798
2897 3018 4182
3116 4313 1586
4645 4836 4449
1806 4699 2544
1389 4562 3329
1815 3156 3717
2515 3494 4042
4105 4902 4164
3632 4852 2816
2053 2517 765
1221 4703 2483
4564 4761 2594
4067 4986 1398
1037 2890 3121
993 1888 2095
2013 3483 2753
1236 3146 4801
4435 4972 2879
3489 4135 1574
4845 4945 1055
3770 3959 3097
150 2780 2105
4121 4678 91
759 1067 4581
2629 3996 2905
862 4154 1215
2445 3839 193
4717 4975 451
3712 4657 2387
2557 4722 3002
3100 4621 1489
601 2012 2250
1554 3902 3687
3495 4082 1813
4602 4660 432
913 4640 1622
600 1930 1963
3365 4526 540
790 2897 1665
3716 4836 2292
2350 3802 1915
3412 3785 612
3232 3588 2660
3327 3493 2471
2993 3489 22
1996 2808 1835
1226 1909 2539
3506 4410 3965
7 3638 1001
4866 4948 2942
488 3796 4409
2292 3217 1353
2514 4875 4801
3749 4093 344
962 2786 1389
2891 4964 126
3594 4014 166
3747 4612 4849
4588 4631 2822
2163 2864 434
3507 3778 2009
1813 3429 4300
1404 3549 3589
2943 3015 3477
4105 4989 100
970 3004 358
3811 4069 1008
4115 4630 3709
1697 2727 3307
3227 4905 4849
4774 4931 696
4639 4862 3775
4477 4984 3095
3060 3277 2402
1934 2364 4456
485 1834 2818
3888 4097 1448
1443 1504 1142
3218 3622 380
3176 3567 436
4782 4809 2298
3560 4550 2820
805 2153 3815
3073 4064 725
4639 4910 3863
720 892 3821
787 4858 1242
3136 4957 3503
4640 4845 21
4002 4259 2507
2566 3541 4202
1385 2353 4113
3923 4059 102
3999 4443 4951
1707 4949 3765
2738 4536 1656
4911 4961 451
312 1724 1937
2357 3814 3194
1056 4582 2197
3649 4458 3302
1389 2702 3833
1447 1795 412
2809 4882 2762
3171 4124 3709
2269 4852 3644
3796 4614 2411
125 4122 3856
4019 4250 270
2772 3660 226
2579 3634 1947
626 3059 4958
3527 4482 2760
3789 4254 2356
4830 4900 508
1781 3711 2653
3549 4750 3042
2804 4343 1148
26 1244 1930
3850 4830 13
2911 3359 2127
849 3333 1195
3243 4136 1122
2208 4457 195
3734 4589 2705
2067 3562 4231
3998 4531 1969
1671 1811 2591
600 3415 2365
1261 1305 359
1389 2865 2125
3214 4997 2699
3389 3408 4200
3363 3702 1330
4391 4660 1451
3715 4702 271
2409 4223 2724
1423 1629 1016
2842 3429 3455
3084 3719 624
1355 1768 4619
1214 3921 2163
1968 2415 4401
1740 2148 1958
4463 4966 3997
379 2938 791
1131 1700 3988
1187 2551 2141
1619 2360 1873
1588 4708 3628
1223 4100 2976
339 3570 1422
2483 3541 497
4096 4100 2842
2245 2828 1666
1082 3783 2290
4922 4928 3747
3089 3631 541
692 3964 1813
1996 2761 4174
1096 1239 1206
77 1793 4548
4245 4896 1490
832 3934 3042
999 2356 2942
2981 4578 3480
21 2119 1131
1312 2922 4847
229 4103 1074
1887 3975 3397
811 4595 2777
267 3999 4934
2385 4059 1001
833 1777 951
1636 2445 220
4819 4950 1171
133 2153 644
1784 4396 2856
3950 4558 4861
1362 1559 4748
2563 3288 1325
4622 4756 651
3255 4122 109
782 1661 4865
4153 4284 3122
651 3116 4857
2221 4396 3768
1706 4902 4767
1313 4526 4535
1630 1899 3386
2475 2841 4298
3247 4323 1161
555 3143 1763
3782 4259 1647
846 1343 2782
885 3171 3887
4650 4842 3148
2287 2819 3474
4321 4667 4815
859 1017 134
1788 2453 1730
2853 3578 1359
4900 4947 4386
2241 3028 3893
1217 2543 3439
2542 4422 2975
1551 2610 2806
4033 4656 2296
461 4893 3721
2495 4732 2179
3564 3768 3007
1032 4005 3048
1647 4567 683
2383 3489 4903
3712 3784 2621
2812 3587 3073
4431 4784 4307
3758 4224 1845
4951 4969 436
4929 4984 4876
476 1065 4055
2462 3820 3660
1802 4887 1560
3342 4496 2769
2934 3113 617
4254 4901 546
2488 3776 222
3057 3565 3849
1920 3602 1728
3804 4111 4471
2474 4039 3865
4888 4955 3727
4769 4850 1572
4282 4486 4821
3901 4708 3778
142 931 1970
4715 4750 3842
172 2709 1049
3484 3888 834
2849 4325 3683
3901 4142 106
3721 4638 4556
363 1728 1498
2445 3742 3781
4117 4619 820
2394 3686 2811
2081 3971 1175
3420 3889 607
2708 4771 1060
628 643 4390
4869 4895 4673
4335 4442 2781
2490 2711 195
3124 4245 4429
3497 3727 3925
4891 4963 2297
137 3784 4001
462 4535 1836
2673 4031 1084
286 4895 1563
146 1457 3823
4951 4958 3114
2005 2755 2195
2487 3459 4470
884 1174 2583
3104 4586 111
67 1431 3666
3561 4230 719
3170 3774 2085
2657 3048 1199
2550 3826 3222
3042 4834 1435
1321 1772 4180
2648 4280 2769
399 2579 312
1035 1373 3252
1044 3664 1595
1085 2918 3057
3100 4134 2376
3275 3313 464
4716 4908 742
502 3680 4336
4750 4802 2796
1974 2567 4188
1697 2983 223
2053 4392 3949
3372 3451 3114
3443 4644 4457
868 3953 2298
2040 3596 159
646 1563 2801
438 4274 1530
3601 4857 2188
1511 3545 4001
3936 4615 1327
1545 4762 2860
4223 4423 801
404 1035 4471
621 1436 2358
4720 4775 4895
725 1037 4777
2790 3928 3789
3101 4187 1025
3287 4309 95
768 840 2423
2701 4784 4852
7 669 2921
1267 1778 4326
3471 4425 1179
1119 4571 87
2256 3079 189
4940 4940 3665
1237 2416 1407
1904 2141 1109
1551 4915 3268
2074 4761 2861
3642 3821 4754
3317 4185 1129
2970 4529 645
2842 3305 3448
662 2643 384
2289 3616 3684
3678 4636 280
3664 4217 3078
2916 4450 935
1083 2081 2654
2759 4629 1848
3405 3629 4797
1461 4267 2290
371 1793 142
1379 3838 3585
822 3276 1556
3122 4461 3771
4730 4900 2772
3140 3805 1465
2138 2907 3593
3203 4183 3422
2482 3582 3696
2600 4224 4192
1381 3243 2446
1041 4060 3038
2158 4667 3858
2874 3968 748
274 1264 3478
4601 4787 741
3279 3470 4575
1797 2949 4112
3018 3446 1768
2615 4294 2438
3794 4498 3475
829 3468 3864
2725 2847 3878
3146 4562 1034
3920 4218 4613
1204 3925 1019
1167 2953 3505
3046 4910 4588
4754 4795 4591
4701 4734 3206
2191 2869 2297
1945 2952 919
3516 4500 102
618 4943 3750
4426 4951 2575
2108 2676 4786
1878 4092 3274
1466 4886 2441
959 4166 2073
4216 4299 3439
2019 3828 1040
3306 3619 2232
170 1294 1633
409 4579 4492
1150 2864 2821
4963 4986 814
2638 4207 4720
4550 4659 2789
244 1748 3660
51 1115 2798
787 3812 3081
4780 4893 4623
2582 4619 842
3786 4232 372
3294 4483 4431
1572 4336 2632
2854 2966 4472
2231 2892 973
4299 4375 1475
1503 2334 490
3402 4135 3007
2488 3160 241
368 2854 1227
3052 3860 1031
3216 3230 3974
2464 4151 3672
698 3888 2813
3740 4174 868
4494 4728 4014
2307 4933 2767
3663 4286 812
3633 4707 621
2563 3386 771
2998 3699 1358
1923 2961 2253
3958 4890 3298
4116 4825 45
2880 3319 4779
400 4229 885
2572 2769 752
4599 4899 795
3830 3836 2680
112 4924 1067
1388 2464 3252
4820 4939 4759
1121 3114 1087
3169 3338 895
4003 4273 1986
1441 3783 1229
3621 3622 4696
3669 4386 2476
2761 3230 4952
4478 4816 4153
4138 4186 372
2672 2716 307
4440 4626 3853
4009 4833 2805
1270 4090 2938
3503 3822 241
2953 3807 4945
4005 4183 3299
646 2967 3435
2287 4929 3682
1623 4602 379
2398 3311 4324
346 1092 1124
4008 4665 2676
1965 2769 967
4979 4990 2862
430 4713 4080
4994 4997 4270
4365 4631 3805
2419 3891 3093
4084 4846 4802
2811 3909 3072
3557 4109 3458
1996 2406 1367
3332 4177 1946
1812 4891 508
2492 3505 2273
3566 4877 1974
794 3489 1593
4922 4944 3227
603 1899 2813
3803 4066 1257
3640 4185 3644
35 921 2892
1169 4818 263
699 2992 2304
2355 4088 3929
1337 3825 109
1635 2267 58
4716 4944 3675
4781 4804 4075
3262 3782 1270
4047 4391 602
3191 4539 4911
1912 4143 2876
3050 4587 4894
132 415 4837
1827 3372 1318
4338 4918 2241
1526 3934 617
2763 4458 2587
3264 3460 4342
3125 3696 836
4564 4657 2211
1126 4144 2119
1067 1099 2058
1701 3326 4265
3347 4812 3414
4440 4463 223
2042 3790 3859
616 2308 2978
1040 2816 2222
33 150 3599
1223 2516 4303
2226 4312 226
4101 4657 852
3471 4005 1974
3289 4045 57
633 1403 4780
51 2233 2445
376 997 3250
4345 4717 3820
3082 4015 988
3803 4683 4251
795 1508 4745
3753 4841 4179
2812 3849 3343
4996 4999 3393
4950 4968 1791
2843 4108 857
4939 4989 102
24 1832 8
1744 3386 2134
1772 3535 557
811 2405 1788
3628 4577 4677
4680 4863 2715
657 2755 4096
1216 2695 2482
72 1004 3531
1798 1972 295
1767 2389 2535
3207 3286 570
743 3594 4942
3198 4791 2788
421 1524 1527
3487 4799 2329
1010 2964 64
2826 4469 1629
2830 4051 2593
808 4072 894
2716 4092 1942
4687 4737 1908
1306 4965 1204
3531 3813 4885
4977 4992 68
3086 4411 2569
4838 4958 1012
1908 2186 964
1854 3305 4251
4497 4774 273
4964 4971 4781
703 3266 681
1090 1571 4520
1458 1951 3980
741 3265 4063
4644 4733 3982
1798 3028 3207
1163 4670 2165
2930 3605 4346
3776 3949 2251
2700 3723 2813
81 3645 3956
2223 2736 3964
3772 4916 2111
176 3055 1044
4867 4984 3618
4564 4623 3785
1247 3797 587
800 1157 1353
2792 3232 1751
3573 4132 3138
391 1110 2979
1939 2789 702
1035 1202 2565
1148 2394 4599
4252 4734 3102
1716 4697 2350
532 2483 670
1852 4773 645
309 3971 188
3725 4369 4849
4186 4330 638
4467 4826 2387
1995 4602 2278
3614 4061 595
119 4771 3959
2279 2941 267
847 2028 920
1256 1571 3166
3458 4992 2837
299 4411 3777
1843 3660 1917
4579 4884 4771
3625 4673 4301
137 2836 3104
3537 3853 4742
1292 1557 2403
1310 2449 4900
2758 3574 302
1595 1875 2859
2647 4508 1718
3078 4520 4761
1760 4539 21
2624 3908 150
4847 4950 3272
4979 4993 4231
203 4354 2991
379 1049 260
3424 4113 2081
2809 3062 824
1616 2721 840
1628 2106 2606
1087 4550 3715
3829 3952 258
4883 4927 2312
2201 4534 2538
2664 4463 3457
2556 4174 1187
2825 3346 3141
54 1857 3747
1790 4026 4347
230 576 2232
3268 4698 1461
2788 4085 2437
3120 3944 1217
4652 4811 180
324 3891 3976
1963 2246 393
1971 2713 4627
3191 4058 4001
3816 4577 3984
61 2964 2751
367 2587 4079
1565 1622 1772
3521 4931 3079
2359 4844 4127
1491 4318 1306
2474 4072 1639
3003 4626 3634
4303 4966 1872
4242 4938 4731
4140 4181 1912
1476 3089 3131
461 1388 1481
2966 3696 1139
4537 4598 4918
823 2774 859
3178 4786 1902
1525 3351 1911
637 4627 3545
963 3867 3820
4317 4503 2256
3925 4061 1872
1283 3318 436
456 1328 2476
2562 3727 3819
1017 3462 1320
2493 3219 1863
4411 4481 3480
1071 4666 1534
4645 4916 3834
3220 4073 3891
899 3238 4054
1065 2632 445
154 1063 90
2576 3338 4226
3761 4341 1163
2088 3007 1069
1734 2579 3701
4369 4609 2484
3877 4761 4422
1342 3961 1436
622 4008 1117
902 2426 4504
1970 3481 2500
988 4085 2750
3410 4745 1276
3075 4381 1754
4213 4294 103
3550 4406 97
4918 4922 2029
3533 4587 2245
3007 3563 883
1480 4194 4409
3676 3814 3717
4034 4784 901
2993 4101 4146
913 2084 2044
3036 4072 2165
608 1356 2394
1178 1294 4493
3425 4086 959
361 3234 3193
3686 4908 3887
2853 3254 373
1050 3478 2757
4138 4845 4098
1822 2946 532
4523 4955 2924
4838 4927 3034
96 458 4709
4732 5000 4350
554 4995 1303
192 3032 4617
282 1586 4597
2807 4536 2782
4736 4981 3399
3341 4968 2984
4385 4951 3976
3425 4517 4606
4443 4874 309
3631 4512 2590
2014 4182 3802
4914 4962 3951
4777 4805 4542
3278 4967 3562
1938 4910 3723
1932 2201 3034
818 930 3043
1779 2940 574
1624 3823 3237
2787 4038 4869
4523 4744 4999
358 3137 996
3152 3525 1334
4557 4686 4306
3466 5000 250
910 2525 4888
3614 4560 2861
1161 4630 1323
3749 4877 2293
1239 1402 362
1246 2762 533
2336 4374 3232
1344 4330 783
4292 4342 699
3930 4533 2122
3252 4987 75
4933 4949 2727
4058 4627 971
2259 3127 3304
3947 4303 3356
3258 4864 4826
2304 4045 1030
857 3477 2598
2843 4456 714
31 3577 4392
4584 4984 367
1862 3087 4495
1555 1789 4823
11 3955 4942
3234 4788 1531
1117 1759 1615
887 2411 1589
3905 4348 1875
4100 4608 2040
1961 2890 2802
3386 4480 4810
4697 4914 4398
283 3764 4643
3112 4200 929
1715 3207 681
4010 4585 2493
642 2424 3603
4196 4275 2212
723 4651 4001
4097 4810 1076
2264 2509 2331
4037 4979 3684
1443 2032 1047
1407 3790 2081
415 3521 2225
3344 4993 4903
816 1418 2690
4016 4790 3414
2915 4650 4715
1574 3967 1333
4705 4775 461
899 3267 2168
2404 3667 2368
1534 3769 3802
1231 1630 3611
2615 4319 1464
2106 4671 1846
4505 4835 374
3329 3333 3469
1226 3227 2828
1688 3377 2925
1849 2002 2186
2579 2726 2080
4841 4842 15
4828 4923 4408
212 3666 1355
3883 4593 271
1403 3157 972
3823 4791 2143
3593 3821 3851
1441 3361 2550
4946 4974 96
920 2923 2479
3381 3606 1366
4041 4136 641
1525 4360 2136
1996 3129 3268
36 3792 4207
2798 4753 3817
616 4663 653
1686 2684 3525
2499 3691 3447
132 3201 457
3803 4681 553
1417 3309 4052
869 1217 4598
3858 4639 1505
651 2754 3442
3813 4753 4672
2152 3398 334
2618 3542 543
4682 4959 1344
3530 4253 4729
138 4245 1893
348 2952 4918
4830 4962 4208
69 1352 2153
29 581 3324
439 2706 1743
3563 4648 3042
4909 4923 1479
3324 3853 784
1494 3886 481
2822 4121 3936
159 1879 3563
1366 1503 4956
694 2733 3115
2218 4428 1177
3291 4206 1319
4652 4842 4555
4986 4990 4173
248 2986 3002
4737 4898 3426
3924 4223 1520
458 2201 1419
2377 2452 3008
281 1701 466
671 4225 3841
1390 3605 2012
1990 4957 655
2373 4895 930
1280 3804 1902
2896 3752 2663
4523 4844 4724
3762 4237 335
4848 4851 1530
1985 3641 4071
1134 2491 514
4105 4491 217
76 4595 741
1010 3394 848
3467 4782 3583
3721 4151 2831
2235 3375 1868
2022 3183 224
1555 2085 3314
346 2857 2678
2555 2658 3931
2025 4973 3740
1719 2079 2270
1296 1717 4338
1428 4084 4469
2387 4329 2767
4484 4929 3532
3462 4469 4436
2690 3205 4048
3902 4991 707
4075 4080 2593
3680 4112 778
1785 4809 3534
3036 4067 146
2887 4821 4712
2019 3404 4496
2427 3553 2082
834 3522 613
693 2273 1135
3256 4504 127
3506 3677 1798
4711 4883 4883
3886 4293 363
1812 4883 31
4750 4872 839
2368 4390 1367
2635 3765 3397
1333 4434 4830
4929 4940 47
4794 4938 3164
1930 4281 4431
460 4842 1092
931 2911 40
3367 3461 1463
2461 4361 1971
2303 3158 230
849 2171 4558
557 942 1876
3375 4906 779
3664 4464 850
3275 4487 243
3575 4189 2750
623 2805 29
2943 3593 569
823 1686 1158
67 993 1962
4188 4753 4040
785 4367 1931
2055 4704 381
3125 3197 2911
1845 3167 2872
4555 4770 3310
4394 4857 3725
1660 4197 315
269 4064 3745
489 1060 828
498 564 3825
2959 4189 26
2928 3069 3207
2320 4355 4996
4118 4533 2136
4038 4895 1366
4382 4383 2394
2482 3287 2551
868 4147 1865
1767 3378 93
1420 3571 4351
1079 2372 2633
3086 4667 3863
4781 4967 282
1396 2828 3022
4265 4474 3691
4414 4492 4129
4925 4962 1407
3344 3910 909
4574 4703 2125
1571 4533 4654
3284 3611 2684
723 883 409
4650 4913 1900
2446 3097 669
1113 2283 4943
4207 4903 2805
1515 4176 4101
4516 4723 1038
3930 4806 123
391 2762 38
650 757 2903
2018 4706 5000
4989 4996 4710
3248 3726 2978
2982 3765 101
2266 4676 4910
3589 4477 4756
1068 1872 1992
708 2953 841
2825 4544 436
2089 4576 37
4535 4590 2947
1423 1720 3168
1077 3021 1985
3406 4453 1246
1396 3479 2515
4039 4956 2192
2974 4437 1706
3184 4777 963
1414 2160 2690
3270 4337 32
4549 4929 666
309 1435 3966
3673 4882 3249
3564 3577 562
4003 4512 1642
364 3138 252
409 1317 1082
4086 4671 951
1692 4894 3876
3343 4958 1242
4019 4454 4245
3950 4228 1210
1011 1394 2683
679 3606 3927
3298 4797 1205
2344 4404 2205
4738 4865 2475
3021 3133 4101
2175 4429 3174
458 2904 3007
3500 4062 4190
2939 4559 170
814 1176 2021
793 3056 1354
