5000 5000
4437 4801 4226
3944 4286 2526
2903 3859 2577
540 2743 3486
4986 4990 2213
2643 4504 3394
4712 4996 3503
3659 4263 2915
4635 4879 2534
122 3603 4645
1385 4355 3472
1379 2658 1739
3197 4517 3659
1561 3897 3028
3496 4607 1515
3001 4930 404
473 485 1213
2224 4501 4379
4151 4673 749
2894 4684 1845
313 1357 2687
348 4729 527
14 1852 4523
3382 4130 2739
3772 4219 2458
4220 4415 4169
2656 4837 3169
3710 4381 2028
2815 2944 4191
1949 4189 359
2506 4279 2839
1407 1604 872
2038 2794 4003
1440 3866 4434
1315 1790 2708
923 4960 1824
2424 3604 2640
3484 4024 4561
4095 4771 4775
4675 4719 21
4080 4333 3125
2798 3535 3147
1681 2186 4994
814 3197 1000
4667 4708 322
1300 3860 4342
4613 4618 3504
2045 4166 612
680 1637 1731
1957 3960 3553
6 4166 453
4519 4718 1073
405 2454 3540
3998 4117 1150
2104 3770 3501
1271 4140 3079
268 304 2287
799 3597 1844
3580 3761 2186
307 593 4500
1909 2216 4211
4421 4533 1423
937 2394 50
2821 3111 4417
2402 3190 4191
3651 3967 3125
32 4976 1070
608 4358 859
2010 3570 1217
2625 3775 559
3520 4037 1397
4337 4582 4623
4069 4487 561
4644 4881 2368
1845 3008 1309
3868 4319 3135
2169 3592 4814
3550 4282 3832
4041 4323 661
3231 3362 1186
2686 4076 1794
4442 4675 2821
243 1549 3810
4731 4933 2245
728 1836 1776
844 2225 1859
852 4723 495
1107 4122 1216
1649 2137 2158
925 4028 2387
3063 3252 2458
2753 3264 4481
4748 4802 673
643 4770 3653
1483 3816 4929
1079 4184 4622
2714 3011 4482
457 4860 1156
2481 3328 3631
1312 1482 2868
1346 3416 3525
955 3007 1873
4658 4890 658
3285 4214 4250
1168 3667 2515
3640 4530 3391
2416 4282 29
3313 4678 562
4799 4855 4486
3845 3874 3796
4326 4503 3000
3257 4247 1211
4938 4999 3132
2803 4678 708
2826 3382 2231
2303 2974 1735
4470 4523 2550
929 4724 3506
526 2698 2942
3293 3435 2688
2973 4978 2063
2040 4520 2214
2694 4149 480
390 4319 4492
1129 2572 858
4145 4593 161
4698 4928 2320
3527 4083 3829
2664 3432 3840
4219 4622 1346
1619 3874 843
386 3232 4102
4622 4980 103
1345 2261 395
306 1338 3423
1952 3526 3513
2065 2275 4014
985 2223 1169
1724 2726 491
3924 4381 209
4234 4774 2266
536 762 1602
2729 3114 4259
4797 4906 2117
4914 4947 867
4303 4879 2645
567 4121 1103
1450 2474 3588
4389 4923 3885
4180 4466 3018
2599 3634 3256
518 2683 1127
1973 3977 3021
1759 2143 827
3911 4558 1615
218 2344 3036
3904 4435 1811
575 1168 1310
2395 4432 2025
2976 3200 4416
1917 2506 2311
1272 3315 3744
543 4984 968
435 2284 1479
209 2160 2905
1438 2341 2288
4659 4887 1771
2352 3789 1037
3915 4157 3877
1407 2610 1151
3241 4995 3279
22 2015 2963
4946 4992 3244
519 1915 4471
4421 4861 4565
2916 4898 3246
3830 3895 1007
1049 3288 4831
1164 4678 4715
3870 4814 378
2811 4717 790
696 1302 363
2859 4234 3841
3699 4611 4161
1279 4114 4959
4787 4982 2572
904 1977 385
4687 4751 2049
533 2644 3184
3011 3063 4486
229 429 2869
2220 3472 2098
1847 4853 208
2520 4423 981
792 4467 3871
3288 4302 3776
3687 4142 1768
3985 4868 3185
225 1497 3254
1079 2706 1934
338 2713 4852
1798 2854 3609
88 2826 3889
1618 3616 578
2363 4158 317
1676 2919 2349
4078 4192 339
2304 3660 2351
1677 1846 2564
1960 4860 4627
4537 4919 1416
742 4050 1750
3743 3922 4209
1582 4722 4332
1310 2419 931
1672 4863 2357
3980 4196 1573
1420 3496 558
2240 4939 1869
4881 4931 843
522 752 3800
4006 4422 4591
4522 4862 1194
3487 4536 3626
2703 3428 1611
4259 4897 3058
1708 4786 3535
1617 3990 4550
4265 4478 4655
3246 4463 250
4436 4872 4130
3835 4326 990
3162 3630 494
2488 4629 111
2811 3949 4154
588 2635 3692
2707 3658 3065
945 4376 3958
3628 4573 3320
206 3572 1136
801 4248 4583
826 2242 3261
334 4625 4098
766 2756 259
4117 4730 508
1142 4826 592
3566 4875 3642
2429 4842 2557
1616 4419 3816
1870 4019 3722
347 3458 1741
1120 1787 2520
4146 4181 3217
4815 4897 2101
910 2526 4085
566 2142 1583
2198 3498 1982
2381 4051 830
2975 3495 4299
4423 4868 1369
317 4652 598
4601 4613 3045
2728 3493 1282
2376 3170 3384
2212 2914 659
221 1541 2641
4168 4731 3073
3887 4507 4016
4326 4969 1232
629 920 3892
2965 3851 1880
4 2537 1648
2288 4853 1699
2098 3219 3751
1386 2767 3458
1719 4548 333
4294 4422 3821
93 4088 3416
940 4168 4933
4348 4902 663
2917 4694 4772
1259 2908 3590
2158 3701 1404
1481 2160 1554
2346 3462 2858
2698 3326 1741
2633 4613 4732
4386 4429 1916
1954 3688 4753
4098 4335 3509
3407 3706 3782
2426 4462 809
1150 2677 3024
3195 3795 4103
4366 4871 3942
177 408 653
3514 4416 2056
4627 4715 1896
4259 4859 1843
1242 4088 3179
3876 4720 4109
2053 4546 903
4176 4338 2997
1536 3620 4902
215 2966 4728
1328 1632 3886
4006 4142 2046
751 4992 1876
3823 4972 2174
2208 4022 4086
28 4139 2132
3094 4415 471
1715 2197 4384
4956 4968 2513
2293 3818 2509
925 4368 2294
1922 2882 3854
2283 3381 3004
263 1659 3433
3859 4387 3114
3782 3837 3469
4527 4738 3644
182 834 2291
3525 4312 3714
1333 3628 4520
528 1991 3432
2717 3871 1548
3852 4811 2589
3012 4961 4293
3093 4917 2171
2798 4817 3192
3686 3699 906
1057 4662 1204
499 704 51
4115 4642 1954
359 1112 726
4007 4907 318
3930 4773 3523
3659 3670 3949
1101 4607 1698
2307 3306 1998
3202 3933 724
3128 3490 4366
3443 3850 506
2772 3698 67
1977 3120 1751
1164 1764 4100
4092 4397 3441
1574 2354 47
1563 3513 4850
2144 4756 2586
4845 4971 3607
603 1538 2005
4409 4984 4234
1401 4453 2247
3709 3932 4950
4993 4996 2247
3686 3854 2432
2041 4738 4216
1175 2111 616
2013 3585 2902
379 4984 284
2861 3502 690
4119 4559 3943
3223 4940 2530
2103 3365 4642
3512 3584 443
2102 2634 3707
1762 4605 1761
3994 4361 1179
548 4644 3312
539 4741 1785
386 797 3098
4087 4311 1501
2157 2347 1532
1281 4160 2395
94 3022 4833
3700 4187 2257
396 4279 3009
3145 4030 2056
668 1365 2572
2169 3214 4887
2528 3013 2955
493 4408 1661
1699 3799 2243
461 1261 3869
4875 4973 4959
4875 4893 137
3137 3939 3377
4417 4538 681
2046 4260 964
4170 4880 2494
1929 3573 4805
1752 4171 2302
2420 4727 2087
1023 2643 3919
4040 4434 834
4181 4193 2784
678 1741 2534
1252 2076 3423
933 1638 2131
4450 4870 137
1633 2779 2869
358 4362 1597
4127 4625 3529
4190 4610 778
3775 4487 3581
4244 4333 866
580 1541 2876
4883 4943 158
3205 3333 4980
4732 4790 3028
4846 4945 4241
3313 4498 2789
533 2716 2900
3087 3848 3175
2561 3076 1900
1984 2693 4842
4295 4568 4882
454 1307 3603
3786 4054 4898
532 2593 2525
4669 4740 3434
1252 3987 4194
1064 4080 4945
993 1579 29
3070 3666 1710
1575 4719 4696
2869 3371 2929
1669 4464 217
1020 1709 2122
2123 4080 138
4567 4788 1974
650 4354 4190
560 4300 3020
4018 4453 3502
1821 4665 26
4308 4338 3793
345 3096 206
4556 4556 2138
2133 2964 4900
2098 2780 1894
3072 4270 86
2725 4589 1824
1228 1275 3918
1728 4570 1234
3769 3997 2820
534 555 2927
3168 3342 35
4789 4873 2512
4692 4744 1690
3710 4342 2750
1877 2035 4291
3480 4175 4260
3461 4535 3337
46 2870 4097
1370 4603 1746
286 3952 2590
4462 4698 2561
3435 4364 4734
1612 2318 4808
1406 3816 1452
4157 4368 4381
1244 3016 2534
2281 2875 945
448 1642 4395
4390 4500 4590
885 2517 3583
1881 2499 3401
4973 4997 864
571 4484 3958
2641 3629 4167
3060 4488 188
3790 3893 3480
1035 2339 4261
4997 4999 2207
2431 4907 2129
3433 4726 3564
1497 2373 434
2630 3926 879
2938 4377 2332
408 1468 204
3589 4422 963
103 4382 106
4738 4988 223
1424 4774 4648
4316 4893 394
1239 4855 57
2592 3775 3774
58 3516 238
1076 1926 3332
4638 4935 3751
1480 3458 2714
3704 4732 4307
1387 4966 4470
2264 3034 3685
2671 3227 4099
1124 4850 4117
3908 4914 111
2375 3878 1345
2864 4540 121
2055 2856 2049
3021 3556 1580
4495 4597 3459
1296 4779 468
2951 4782 2467
3031 3668 4233
4084 4801 2040
1509 2593 4186
3344 3767 3731
686 2261 45
4489 4638 2326
3481 4258 1996
2142 2371 4627
943 2345 1074
2765 3059 4340
4930 4938 3163
4955 4977 867
4248 4794 1481
4299 4984 4829
4776 4916 4706
1494 4778 3318
2676 2683 909
4353 4725 1922
4440 4851 3060
4663 4759 2219
2354 4144 4187
4277 4667 3098
4859 4859 4078
4537 4659 4526
1676 4226 4045
683 3028 4294
3257 4549 526
1314 4394 798
1349 2643 2767
455 2392 4652
4062 4310 1361
1922 2043 1417
3980 4081 2811
4632 4645 1105
1728 4320 4004
981 3815 4860
105 404 4982
2301 3296 3826
3286 3342 3234
4621 4981 1549
476 3228 2201
1428 2461 830
3581 4077 1627
4532 4840 2274
1332 4867 1143
4009 4838 36
1550 3146 2518
630 823 416
3346 4326 2213
1470 2103 4481
3381 3758 4356
4428 4968 2675
3669 4358 343
2721 4551 4447
4828 4936 1882
2890 3714 857
2767 4908 3694
3915 3991 3669
713 1260 3738
3785 4079 3375
1650 2697 2076
2860 2915 161
11 3178 3234
310 849 247
941 3118 4328
3398 3887 4703
1860 3190 3693
2517 3867 2359
2339 3317 903
809 3560 1137
1126 1758 2195
3253 4074 2505
2557 2567 3464
2167 3319 3259
3073 4232 1291
1579 4283 3316
2005 4009 4541
4279 4850 1675
4218 4234 2867
3659 3954 4616
4266 4859 4161
2178 4994 1895
4030 4066 2589
1645 4430 1841
1594 4768 618
2732 3658 721
824 1609 3009
127 2007 2003
2898 4365 3158
1968 3158 2526
270 2298 4485
1331 1773 1055
3151 3246 2353
3782 4933 1818
128 1677 2140
1987 4856 3011
4908 4939 3508
1641 3409 504
2672 3549 2233
3953 4158 3828
991 1730 174
1915 3814 310
2900 4376 2826
4455 4643 1032
926 3263 2510
5 705 159
4111 4478 785
211 1863 477
1983 1991 1531
415 2381 641
2968 3521 3966
1653 4458 803
2179 3057 4721
836 876 2955
4137 4197 4183
10 1657 3067
656 2233 4357
1609 2675 3883
2856 3786 2991
863 1669 3076
3511 3807 4829
4785 4890 2570
4213 4912 1701
1929 3794 10
2580 3421 2577
3506 4602 1330
2211 2365 3752
2494 3021 4917
4782 4907 1139
215 1982 3287
663 1056 296
3987 4532 201
1163 1303 150
1634 2066 4556
3437 3577 4385
140 2758 3484
2593 3394 658
3932 4006 2690
1570 3212 2304
2931 3395 703
1509 1780 4629
3500 4220 451
2390 3793 413
968 2890 4931
4752 4919 3407
1148 3811 2439
115 4194 1436
587 4140 4214
825 4988 2881
1986 3321 1019
3374 4284 580
4325 4780 1949
2542 3043 3711
2113 2919 2786
2109 3140 2337
1604 4884 2119
2757 4464 2635
1887 4598 4958
303 4680 3937
236 1445 3398
3055 4340 1102
2453 3093 563
4565 4855 4471
2830 4073 4686
3126 4088 2786
3084 4485 4169
2528 2666 1990
2406 4833 473
34 2090 3027
910 4000 3104
4617 4811 4912
2150 3824 2000
1035 3994 6
773 3665 3118
2989 4948 473
1088 1543 4550
3767 4143 3768
1534 4264 662
4635 4831 1881
4763 4839 2862
1682 1978 138
2690 3116 3144
2198 4628 414
3687 4585 1062
1241 2869 1992
4255 4746 3969
553 1126 3232
899 2174 3952
197 3474 1159
1618 2472 2454
3442 4317 3155
2219 2686 4319
3216 4019 893
1174 1860 1451
4285 4811 503
2963 3260 4964
1293 1464 286
4571 4777 2922
4012 4715 2854
4901 4974 765
2873 4646 639
934 2054 4603
2413 2659 3376
3269 3731 3704
4649 4784 3811
812 1568 1816
658 2614 598
3296 4307 143
1367 4793 3086
172 4834 3794
701 3307 2588
2554 3202 586
2111 3579 3719
4205 4259 2195
2152 3212 1148
3780 4158 1787
1573 4597 2025
158 3288 2274
3384 3738 551
3601 4552 1449
3185 3296 2168
1664 4021 4733
4617 4847 4414
933 1438 2886
4586 4984 1942
896 2832 601
2899 4337 4047
988 2607 2010
1846 4027 865
4967 4988 1155
4926 4941 3454
2957 3008 4861
758 1990 679
3210 3456 3888
136 2203 754
2597 4502 2854
3031 4035 4258
3574 4661 4177
5 3249 4335
3653 4469 343
2145 4362 3735
4903 4991 3357
3606 4320 2892
4001 4786 1414
4252 4321 3604
4307 4650 4790
4554 4818 493
1311 2261 2065
3091 4958 4795
1395 4853 3074
2216 3337 2688
4133 4866 855
4425 4826 2279
818 4127 4246
3616 3859 3166
3817 4551 3641
2603 2645 1220
3376 4583 2015
1046 4535 1083
2528 4934 3361
580 4737 854
2209 3542 4938
4027 4468 3324
4003 4944 3245
3859 4485 659
1983 4581 2004
3684 4449 2922
978 1878 3701
3136 4600 3629
4167 4628 4040
4469 4930 2931
732 1513 4617
4370 4661 545
1727 3171 2785
2569 4747 4498
4995 4997 383
3587 3908 1841
3168 3511 4892
659 1606 3662
1213 4127 858
4537 4968 1860
1263 1400 1031
3677 4128 4401
2148 3467 4666
4507 4877 4856
3001 4896 552
1640 2064 1114
1363 4656 151
2835 3384 1638
1796 3630 2675
2133 4082 1975
1072 3795 3307
565 3133 3030
243 3687 2473
1186 3132 2595
1338 4506 1049
4195 4197 2668
2704 4803 53
3245 3612 3862
1918 4001 2769
1765 2026 3033
733 2154 4785
1250 3597 2519
797 2564 4823
2237 2267 1364
4821 4957 3313
1697 3591 4078
2246 3873 1454
4071 4314 3603
854 1178 4959
1550 3938 229
4134 4347 3359
4642 4772 1503
3511 4849 3165
4227 4833 4533
4774 4877 1372
404 4412 3676
580 664 3894
2551 3640 1456
2369 4860 22
4822 4875 4689
3641 3950 1866
4050 4543 2487
263 4491 2208
1922 2486 703
4870 4992 1312
3835 4289 4456
38 408 84
3473 4486 4054
279 4433 3914
3554 4696 2827
1727 4364 4305
2232 4666 3102
4307 4584 2727
4419 4497 4792
1507 4858 3954
2712 2864 712
1090 3368 3352
3467 4336 1311
3779 3898 1937
2357 4773 4874
2552 2701 2688
3666 4215 2002
820 3899 3630
2567 3530 3369
2644 4506 1302
1349 4040 919
1920 3347 4813
2043 4404 2608
3307 4250 3048
2209 4305 4413
1767 3776 392
2605 4553 3620
4669 4926 3727
4253 4988 1980
4378 4395 4175
559 2942 307
4160 4985 1943
3669 4109 4183
3392 3993 1215
2686 4558 2024
4082 4623 3651
4944 4950 2775
3558 3897 3640
3633 4492 2912
3571 4228 2437
1805 4146 4562
2087 3824 3286
2464 4023 2777
3341 4194 4740
3498 3792 4317
1975 3472 1368
2656 2684 2885
3222 4859 364
1616 1840 4569
918 3555 4478
4268 4368 2878
1781 3323 3723
2013 3757 3208
2009 2762 1903
422 1881 1604
2594 3432 3232
990 4172 3572
873 882 1224
2457 3243 4371
1378 4180 4455
3384 4546 3370
4629 4746 3237
1609 4622 176
3075 3827 2977
176 3060 2545
4917 4930 1485
195 3216 2185
1352 3964 3261
3658 4587 426
1393 4093 901
3829 4631 4467
1451 1611 2821
24 915 2708
2441 3858 4845
4156 4417 3422
4476 4921 2262
442 826 2197
2242 3812 3295
1141 4426 3190
1392 4396 4450
640 2253 4797
868 2465 1892
2439 3213 683
3382 4238 1548
529 2220 656
1631 2247 4546
2810 4904 4656
747 2601 3073
947 1395 2018
219 1735 1697
3846 4010 2983
475 2097 951
2676 4885 3133
4174 4572 1242
4238 4544 3791
3300 4351 1305
4399 4751 3392
921 1099 1613
1505 4575 1824
3629 4414 739
1487 4305 1692
217 2577 4293
3635 3788 1471
2641 4912 4089
3959 4925 3370
2427 2999 2854
1130 1745 1551
1454 2594 2417
3048 4635 855
3472 4746 4251
1101 2742 4285
3306 4347 3860
1691 3101 1721
3624 4315 3755
4062 4821 4124
2263 2830 902
2988 3341 15
202 4629 1940
2077 3016 2589
5 475 1467
512 2254 3311
1536 1653 4669
3132 4622 71
4350 4997 4612
3621 4773 4419
2614 3761 3805
1080 3461 857
2457 3125 1487
546 3518 3382
4621 4958 356
2562 4588 1779
696 4300 1167
762 4085 3234
3689 4643 4338
1340 2526 3952
915 3771 3833
3645 4751 2515
1837 2645 589
500 1049 663
951 1262 4764
3418 4453 2228
1531 2257 3921
2331 4211 1572
2560 4140 1511
1890 4491 4233
1128 4750 2540
1760 1934 840
3582 4628 2194
2812 4776 2602
3733 4430 2161
4798 4822 2508
940 3847 3293
2847 3438 940
898 4782 848
1975 3668 3405
814 2815 2940
626 2351 19
932 2809 1688
935 1915 3911
2076 2932 1733
2287 2833 2719
2111 2406 1184
4446 4524 4506
3321 4901 3897
2017 4747 1111
2611 3859 2632
1253 2509 2117
4985 4997 4846
833 2428 2857
1618 4725 107
3430 4459 216
4452 4705 1907
217 4465 4402
4062 4832 1287
521 4633 1102
2380 3407 2535
2109 4094 1270
2636 4789 2178
2356 4846 4084
2377 2836 269
3978 4227 4581
1068 2160 173
2102 4698 1869
73 4809 4163
2474 2807 895
4261 4740 2178
4445 4708 2807
1963 1979 344
4165 4911 2455
2123 2421 352
128 3791 2415
2311 4755 2629
1258 2079 1071
583 1501 1546
1449 3885 1403
2050 2488 957
4609 4987 1153
4979 4980 1404
4134 4712 3247
4241 4309 2554
551 2020 342
1916 3347 1245
2506 4369 1265
2262 2348 1547
1143 2963 4220
4328 4391 69
4407 4512 1415
636 3240 4113
548 2689 872
4769 4848 2197
2575 4382 3035
4943 4948 3459
1785 3977 1997
4459 4520 2097
670 2371 2897
266 4074 498
2302 4248 3064
839 2031 4417
3636 4224 1547
1143 1859 4497
2879 4803 3902
148 3092 1279
3117 3384 221
7 1198 4936
1852 4295 4961
2425 3809 3200
4861 4878 214
3485 3782 3038
1452 4356 1779
1746 3517 3653
2573 4198 764
627 4224 2183
3607 4657 1633
1714 2104 4475
1407 4836 1774
3308 3848 2953
954 976 2697
4504 4606 4412
3655 4059 1621
2682 2794 4185
456 2477 2310
1041 1366 3044
265 1419 631
4299 4668 1397
2726 4560 2520
4513 4847 4469
3284 4376 1097
637 3703 2388
3350 4657 1721
1258 4908 2008
300 516 3895
35 3673 361
531 4724 4615
823 4138 2047
105 1651 4393
1983 3619 207
2881 4718 1376
1040 2400 340
1543 2224 1685
1981 4790 171
3688 4443 1436
330 3037 3283
2552 2999 2589
4202 4588 1578
4468 4603 2498
205 4072 3479
20 765 1617
3755 4863 4647
4536 4958 2651
4171 4640 188
4631 4749 369
2507 4369 2802
4185 4279 4916
2658 3631 295
2428 4043 1585
167 1384 687
2118 4882 1979
4187 4274 3938
2751 4866 3118
142 3676 4569
3552 4207 2441
2035 3480 1001
1618 4185 2831
2921 3456 4272
3397 4491 3169
3671 4592 1569
4156 4430 4700
1504 3372 1136
895 4787 3879
1053 4954 3176
2446 2627 4788
243 4983 2995
2811 4762 1754
469 2617 4085
4238 4409 1370
1988 3072 2047
256 690 2265
2918 4243 2375
4630 4877 2906
117 3646 2630
889 1359 4584
1482 1566 364
3660 3700 2064
3686 3925 1925
2781 4604 1564
4698 4781 3246
2383 3415 1742
2027 2097 2548
1780 3689 515
608 3675 4677
1518 1547 974
1910 2836 1307
1663 4629 4378
1092 1796 1618
3565 4139 117
2236 4826 1459
4829 4989 2813
4787 4852 2630
4782 4934 759
1700 4051 4754
4975 4976 1707
635 2353 2790
1106 1262 3762
656 4632 1663
488 1464 2489
2946 2974 4029
4415 4750 3703
3025 3219 2192
245 277 1720
3001 4366 3656
1102 1133 3780
2637 3130 2218
598 3733 2742
643 1893 1222
1917 3309 463
1272 3473 3575
1512 1983 438
1293 4278 180
4591 4723 3106
943 1192 3552
1995 2635 742
2465 2935 4187
2493 2592 3749
3059 4237 3377
418 3465 2311
4873 4957 1857
159 4302 735
3963 4170 2975
3249 3585 3978
1719 3845 3587
1616 4901 1185
2167 2267 744
2839 3469 1328
1336 4325 2706
2088 4014 892
954 2533 2673
2949 3029 768
4438 4596 2296
3213 4573 4979
1324 2909 1157
2328 3955 4999
3640 4257 3992
3583 4197 775
4004 4473 3379
4719 4840 652
109 664 393
1370 3026 2538
171 4509 3266
2166 3323 4115
4866 4942 417
4309 4547 782
4478 4900 4352
4867 4948 3858
3905 4798 4506
2254 3428 3193
4629 4949 4180
1438 4661 4088
2082 2739 1967
3593 3834 1182
2157 4611 625
3929 4882 232
2667 4819 1998
3450 4408 2501
1323 3194 3993
2516 2851 3431
3994 3995 568
3117 4320 1966
3794 4572 1406
2319 2867 1856
1631 1898 2587
1454 1662 3391
4065 4865 512
948 2146 2638
3025 3396 1881
4363 4740 209
4602 4860 431
4533 4578 472
878 2087 3783
3264 3647 4200
3364 4254 2638
1332 2354 1325
3141 3655 4786
3102 3387 1842
2230 3870 2440
4120 4611 3323
2431 2734 4872
2041 2569 416
4023 4385 4530
3004 3699 3184
2009 2170 4400
742 4690 3060
4881 4976 703
2384 2531 4824
441 1649 3718
1083 4741 2590
4448 4618 3840
2107 3954 1220
4440 4808 2346
1598 4978 215
2176 3218 4221
1547 1907 4240
2708 2816 64
4454 4928 291
1311 4940 1398
901 3380 424
4923 4950 4270
2810 2942 841
1449 4451 3545
4160 4191 2128
3708 4469 920
726 4963 2615
3574 3699 463
4200 4828 1795
151 4853 1425
3594 3710 1529
4978 4994 1878
4853 4974 2114
2790 2859 1778
2555 3726 1113
1263 3122 215
2191 4106 4167
587 1532 1512
88 4140 437
2075 3201 2206
3196 3460 2456
2971 3152 531
1727 2727 765
2970 4567 2457
1896 2856 1848
2162 4636 1065
1792 2203 2898
1747 1880 1299
2450 3302 3470
2921 4888 3083
2954 3745 1273
4973 4990 780
3775 4217 1557
3490 4370 4931
293 1869 4108
385 2234 77
4120 4465 3669
277 4259 174
3226 4044 3605
3226 3972 584
257 1717 1654
4136 4509 4258
3262 4164 210
2116 4783 1016
1700 2153 3311
3896 4264 64
4991 4999 3782
709 2358 2319
4726 4817 3266
4850 4957 4039
873 3909 1433
3924 3951 3911
310 2533 3971
3638 3724 2748
3821 3852 4789
4722 4854 1393
4885 4946 2154
1008 2119 1296
96 3567 4991
3971 4788 4470
2353 3490 565
2016 2823 1878
469 4295 3321
1070 4363 1176
99 522 1469
3876 4500 1667
4954 4982 151
3344 4110 4168
477 4719 1923
2660 3990 4680
1499 3998 587
4644 4741 865
2687 3564 3251
4115 4593 1291
1109 2332 3415
4447 4625 4512
1712 3337 3497
4321 4438 4350
4525 4937 1175
4881 4889 791
3448 3611 3390
2660 3228 2653
428 1184 3918
2990 3594 1025
3678 4515 3876
3970 4469 2525
1273 3686 103
1131 4192 2584
4368 4987 4930
1232 3340 3691
1894 1911 1966
2544 4146 4877
4726 4748 3979
885 2874 3707
2836 4612 3111
4781 4975 2678
3950 4632 1436
2663 4592 4132
3969 3984 4220
1189 3367 1766
967 3409 2246
1461 2036 2633
3156 3709 98
1178 3597 3326
3040 3243 2915
2088 4375 1054
370 1843 2999
3107 3410 3361
2183 4226 36
2267 3660 4849
829 1281 625
30 118 2905
4652 4751 1552
2769 2960 846
600 1771 775
332 1582 2412
3036 3463 2556
1318 2665 1127
4632 4804 2857
3830 4050 3345
531 2764 1765
676 3341 1130
543 1207 4695
4277 4879 2351
901 1507 3957
3476 4721 4057
917 4987 1085
3232 4113 257
3540 4781 431
1762 4950 2173
962 2746 3189
1667 2684 1537
4993 4996 398
3760 4766 1296
2523 2587 1372
2220 4953 3370
4524 4964 2059
3120 4391 1385
2125 3305 3325
4649 4682 2456
3351 4158 3085
3688 4196 4064
849 1916 2084
2613 3204 3890
2568 4290 3040
449 4607 2400
743 2455 1589
2491 2735 3354
2152 3295 1665
1252 2854 833
4281 4662 4668
3113 3474 3786
1902 2300 293
1415 4096 3522
2404 3594 307
1175 3976 1292
1642 1760 2188
2093 2908 3495
4735 4804 3097
4125 4135 4359
2057 4519 4439
4455 4621 3058
194 816 2034
1415 2544 2626
964 3402 2589
1468 4512 77
1640 4177 2442
483 4797 3306
2760 4005 68
4645 4994 2384
4778 4809 904
4561 4707 1128
329 2411 3302
1687 2899 56
3852 4863 4772
2497 3954 2019
2229 3579 3638
4255 4837 4127
1334 2178 2627
105 2580 4932
4446 4629 2961
545 3379 2533
1250 1781 3096
1608 1869 1772
3008 3525 3491
1985 4099 1339
2870 4116 2150
2131 4431 4016
2790 2828 1233
362 3307 1513
4952 4970 4993
598 1780 464
2789 4450 3334
3795 4508 1333
4484 4818 2375
2055 4814 60
2710 3774 681
529 4624 4581
700 1729 3892
4443 4546 312
2334 3949 416
3229 4842 2798
152 4248 2014
491 3506 17
4596 4798 2355
3503 4225 2077
2364 2494 3595
2947 4657 2589
3298 4452 3478
2579 2789 4057
1260 3092 1084
12 2520 4709
1173 4477 4758
2689 3094 4166
3564 4718 451
849 2835 3050
140 1628 1698
141 4565 3326
4214 4754 1775
2701 3078 106
2148 4133 1390
243 2901 998
4079 4156 833
4914 4940 4253
1184 4675 3493
923 993 4395
3392 4929 2115
3870 4774 728
761 4857 121
3877 4159 714
2127 3410 3879
4783 4870 1482
4417 4746 2330
1666 4194 2619
2685 3758 646
658 4744 1512
2798 3922 4538
643 4500 1495
4230 4965 2023
2671 3911 1510
4838 4917 4208
4225 4226 2812
1842 4705 3311
4440 4774 4150
2016 3610 1522
4984 4988 4157
2613 4512 1840
4003 4016 3271
2341 3422 653
4000 4437 4124
4581 4726 2627
2032 4726 1885
4141 4507 2837
4431 4973 98
3863 4062 1558
4946 4955 4990
2489 4147 816
3222 4382 84
4198 4953 1540
3720 4208 299
4270 4949 14
4578 4858 2118
2014 4576 3312
3404 4437 2890
3521 4099 2247
2658 3529 318
628 3730 2098
2869 4708 4623
3194 4155 743
4825 4845 4203
2589 4955 589
4158 4184 4014
3671 3693 2281
2039 2101 4188
3810 4422 3498
620 4371 2953
2593 3367 266
2246 3992 291
3189 3560 2935
3682 4795 715
1632 3134 3683
3852 4891 855
3964 4795 4068
1651 2946 3759
77 3078 2594
3282 4867 886
3623 4642 1152
4857 4872 2159
653 4470 1299
409 949 2575
1705 3143 2635
384 4320 2528
2445 2825 2341
1262 1339 1706
648 3253 2484
1290 2202 4925
4336 4391 3577
703 1605 3103
2655 3029 3952
4416 4988 3205
3000 4566 2773
1012 1866 3123
4123 4846 148
3793 4128 4678
1126 3113 3705
3226 3560 731
2950 3434 919
4214 4556 2803
4648 4792 2327
4733 4970 4380
2996 3716 4700
844 1099 3381
1350 3477 2851
2100 2258 3287
2745 3708 4086
1665 4216 655
2532 3388 3578
85 4309 1341
1258 3047 4113
2074 4081 1828
3470 4359 3343
1011 2892 4828
4990 4998 2224
4622 4711 1934
1914 2857 4435
334 3578 2676
3744 4695 1585
4563 4874 1024
4770 4790 4847
1211 3108 3747
113 4040 609
4679 4974 2925
2813 3845 2176
4493 4543 26
2414 3880 3343
3146 4440 2290
3009 4900 4429
4308 4400 3111
1304 3434 3684
711 4228 2689
2608 4878 82
4270 4911 4404
1062 3641 4879
2707 3556 4637
3469 4641 232
406 1862 2871
2227 3007 935
3546 3964 3410
2733 3047 4060
1253 2927 65
2121 2449 3717
2381 4706 294
3799 3812 949
1118 3851 2947
3428 4751 4592
1153 2409 3761
3613 3644 1048
50 4482 3228
2612 4855 2721
3100 3619 2004
1637 3894 1985
3853 4883 2226
3517 3942 1928
84 1602 1766
3515 3700 2562
1991 4049 923
1853 2588 3636
3824 4398 2192
1255 1713 3434
1592 1728 3447
2650 3698 1123
4150 4560 251
1265 3342 59
765 1293 2606
4657 4824 1977
370 1408 3500
2467 2898 3878
3540 3728 1705
224 3627 2875
1567 3393 896
3961 4951 1005
2048 2096 4045
1929 3287 4829
4744 4758 2604
4400 4781 1756
1130 1676 4055
4816 4881 3977
3042 4118 3884
1892 3926 4891
1605 3433 1055
4687 4874 4572
407 2636 2191
3293 4037 4371
2785 4249 3928
743 1241 3424
3889 3907 2680
2621 3708 925
1303 3637 4112
4574 4827 4041
2243 3964 4305
1802 3726 2572
4187 4872 4231
4372 4592 4575
1394 3906 1419
1026 4503 977
114 2602 3385
3742 4461 3027
1282 4134 3784
2841 4856 4974
3512 4206 3791
4360 4775 4594
3123 3477 503
1459 4905 2359
864 3895 2835
1880 4687 249
147 300 4204
1944 3681 231
293 3570 622
4978 4981 1708
4203 4395 3677
3929 4355 2998
2586 3216 3302
1588 3428 2635
1983 3862 2725
1429 4344 4274
2234 3307 513
3720 4760 2609
1665 1850 119
1904 4727 3360
1645 4365 4587
3640 4270 3123
1958 2100 970
1197 3363 749
3974 4235 1102
735 4225 3021
4136 4958 1069
2707 4077 2439
4051 4947 3968
894 3836 1174
3221 4466 193
2430 2799 3576
3257 3396 562
2440 4506 3303
4531 4942 2699
1762 4284 2758
2592 4180 952
659 888 2254
4545 4652 1939
216 3348 1014
2381 4102 3504
361 4403 1293
307 2151 2808
3941 4668 4082
2257 3263 2355
2025 2068 4762
4097 4515 2654
253 858 1301
2368 3940 2229
2058 3355 4443
4575 4679 1022
4865 4940 1811
2309 3868 2256
4343 4750 2223
4322 4903 3218
3571 4807 2064
2006 2152 1397
3662 3714 84
2682 3175 1881
537 1936 3091
4840 4949 3161
24 43 3502
938 3020 2919
4387 4903 4489
1172 3934 4592
1992 3882 3411
437 982 4779
4219 4260 3268
2027 4353 3514
2993 4371 4344
4292 4442 4598
3571 3926 4674
2543 3502 219
1478 3997 3811
4200 4458 570
731 3046 3858
4348 4366 4377
2665 3458 3983
3241 4703 90
4906 4969 4221
3928 4381 2281
1202 2948 842
4151 4237 1557
4788 4906 656
671 923 4026
3560 4254 341
4202 4661 335
3522 4220 3441
1507 3421 3819
1839 4480 4286
2724 3490 35
3074 4637 1754
1403 2374 4863
4953 4996 1444
3777 4395 940
1436 4017 1938
4262 4845 4166
4113 4717 3302
324 2015 1592
4076 4894 1067
4370 4602 4845
1282 4825 2673
815 4555 3207
817 1487 3745
1838 4122 2909
3748 4968 663
126 2025 479
2950 4125 1479
444 1713 404
3301 4243 4855
4611 4782 1369
2281 2908 4205
1087 2235 170
2717 4417 513
4854 4910 1568
1126 2240 4274
3323 3357 176
3894 4012 4803
803 3149 4598
3941 4197 2216
1085 4126 4952
2223 4574 622
2285 4070 3979
4833 4882 336
1024 3967 693
2232 4395 1902
3596 4271 539
258 4755 730
2456 3888 1563
4223 4369 1476
447 3850 559
2047 3705 3765
1771 4611 3272
4876 4995 4321
3664 3680 1398
3262 4391 248
1169 2100 975
2297 2857 4780
2265 4485 448
634 3164 1290
2227 2265 97
1971 3830 2394
595 2330 317
2380 4211 2945
2838 2960 25
2881 4966 4673
3277 4116 62
2008 3894 451
4420 4855 1668
4663 4762 3549
28 3173 3281
785 2521 3217
2800 3961 652
3006 4095 118
1498 2512 2262
328 2206 2961
4285 4486 3586
380 477 3178
1410 1786 2232
4837 5000 4816
3295 4707 1056
729 2056 3067
2895 2925 4401
1091 4818 3926
1564 1731 4046
3885 4012 4919
1716 2319 1699
4790 4837 2002
3267 3786 2439
4234 4639 1016
1255 1945 1535
3922 4443 4932
1810 4612 4246
1793 2301 38
732 2726 2310
4248 4986 1709
545 2849 1715
3703 4883 1143
1001 3745 462
571 2290 2466
1806 3411 3486
814 3290 4564
1981 2456 542
3657 4982 407
4696 4889 3167
680 3363 3482
4494 4822 305
4343 4698 1364
3999 4087 48
2666 4211 3744
3981 4879 256
587 3182 3365
2019 3572 2736
145 312 2827
4460 4647 1190
1887 3915 1453
145 3659 3013
2703 2779 3754
3902 4055 3145
3650 4941 3872
106 1204 672
4727 4786 4853
1486 2786 1897
899 1860 2360
4939 4941 2944
453 3697 3414
1861 4604 2757
2975 3348 4257
1459 4943 934
3631 4702 3851
671 1992 2117
2279 4739 4231
2418 4599 645
1143 1330 3733
4660 4941 584
4380 4494 59
3501 4255 3468
715 3666 1271
520 1858 871
4998 4998 3389
4255 4438 523
1050 4013 3120
3991 4268 3954
2215 2445 441
624 2886 1849
2707 4415 3856
2873 4315 4697
414 3621 1924
4101 4630 1748
2065 2280 4725
3269 4077 2753
1576 3855 3931
1279 1293 1331
4902 4928 376
4064 4812 3906
3303 4345 1074
86 4587 1171
1524 2812 4822
3887 4604 4334
4527 4622 4042
1690 2823 2518
4632 4822 1174
3659 4237 403
1723 3448 4436
4644 4965 2165
3734 4019 2244
2297 3598 2348
3256 3490 3582
4921 4999 3942
2651 4209 98
2102 3376 1885
2150 2655 368
881 4107 1925
531 3146 3983
419 1977 2573
201 2251 2649
2999 4474 1451
3876 4016 934
2417 3950 2261
2634 3470 3517
1926 3218 4667
1702 3198 532
3855 4906 963
2167 2412 1872
2023 4406 3514
1984 4608 3766
599 4694 74
3515 4038 3071
2383 4508 4087
4981 4994 4076
1812 3445 693
4057 4204 3656
4073 4622 4711
613 1119 976
3136 4926 1388
621 3498 3892
520 3264 3134
1384 1446 2615
1794 4980 1015
1746 3343 4456
1161 2015 3460
2986 4831 588
5 4126 3527
1526 4880 2671
2110 2168 4227
3305 3687 1160
2517 4043 2289
4294 4656 1655
1875 2368 3899
290 3131 659
4288 4577 3600
1177 3427 774
1850 3168 1031
117 3359 1006
2494 3219 1259
1801 3755 4019
1765 3332 1174
3264 4671 4217
1254 4247 2799
3281 3999 3980
1234 3877 511
4369 4617 1369
2685 3513 2604
4362 4655 2973
2751 3971 2911
2062 3605 3443
4822 4871 2168
1193 2277 3743
89 4489 3578
2938 3489 1658
31 3164 842
466 3606 2244
474 1544 4523
4196 4859 1183
987 2840 512
910 1025 4207
3364 4675 3544
3792 4877 678
1815 1969 1310
4670 4802 1893
75 4105 27
4044 4651 2927
3938 4791 2286
3281 3469 3369
4462 4776 1195
1706 4785 206
691 2834 1666
3822 4176 3353
3990 4082 936
2675 4502 4082
2134 3664 1021
258 3525 2368
3731 4924 748
3691 4019 4221
972 4203 4816
1500 4545 3264
1739 4769 3088
4043 4374 1067
4363 4539 2181
2909 4732 634
1465 4444 1878
2794 4751 2723
4027 4544 3252
1730 4491 3748
4642 4877 4339
4729 4880 4955
3277 4728 2733
3127 3494 3896
899 4025 2327
1494 2215 3706
2679 4567 4971
1123 2625 1831
4322 4855 1439
381 3475 4326
1794 4035 1462
3914 4292 4980
1865 2125 1808
1327 2364 4167
2759 4130 4215
412 1488 2327
872 1546 1036
4135 4706 1956
4167 4710 76
4188 4284 3099
2797 4253 990
4181 4989 701
3740 4335 3150
1828 3005 2041
3377 4647 3366
1805 3099 2647
4714 4982 173
3768 4525 1702
1404 4933 2786
2710 3372 2035
4838 4840 4873
4642 4936 2151
4722 4860 1699
3512 4861 293
2247 3840 967
2416 2575 440
823 1000 1304
3910 3959 381
4225 4602 3607
4879 4902 504
1740 2929 4922
2006 3711 4265
3181 3433 122
59 1476 2492
2817 3946 2888
3534 4763 3687
4123 4509 4732
1080 3593 291
3423 4533 2953
1230 2376 1691
345 3894 1735
117 1247 270
4080 4642 2171
3587 3936 4428
3492 4627 2266
441 2446 368
737 3269 653
1156 3573 1613
3442 4366 2552
4509 4967 149
2517 4031 2719
3801 4210 2619
3807 3974 684
3640 3682 337
3860 3913 4170
4035 4541 2190
4473 4504 4632
4828 4894 4814
4366 4993 1695
3580 4344 1038
4955 4978 263
4018 4020 993
1109 3501 3622
2779 3330 2589
2633 3902 1137
3342 4658 503
973 1772 1468
249 4268 1925
4224 4566 4400
4315 4894 1752
3402 3840 4839
176 293 2546
4452 4914 1958
2419 2421 2199
3003 3883 1260
2024 4151 2854
2526 2589 1917
902 4715 79
753 4542 2702
2008 4875 1471
2813 3301 3326
3328 4684 2206
700 1060 1623
1348 2539 1006
2350 3130 549
3474 4685 1619
1962 3719 4225
3384 4088 2098
3781 3953 2343
4121 4443 3141
2399 3845 3409
4845 4986 2413
635 1493 966
3383 3423 1335
1110 2470 1043
4102 4139 3206
2263 4320 2707
4199 4805 2552
4437 4550 1950
1866 2952 3432
4776 4963 4630
2056 3217 3354
1681 3144 3410
2541 3632 3668
1407 4587 4973
2069 3145 1642
4267 4913 1579
4144 4782 61
1007 3700 833
332 2009 3064
2108 3529 4965
1797 3612 4873
2859 3320 2461
1134 4786 2504
2451 4852 3137
2733 3427 979
3669 4520 4146
1270 2449 4333
2334 4438 2666
970 4958 2938
4256 4871 2944
2683 3459 3392
1511 4989 1849
4429 4959 493
126 3204 3828
4301 4374 168
3714 4511 263
130 3344 3340
237 1110 1323
3449 4223 2436
4274 4791 1277
4041 4251 3557
34 46 910
2801 4117 633
405 4089 2409
3717 4544 2699
3854 4646 3529
2087 4194 2584
619 1970 2931
4961 4988 1844
2155 2227 3839
2155 4584 904
3981 4634 3280
2319 3118 354
1410 2745 993
2119 2557 3179
3584 3875 4157
3420 3874 2727
2628 3278 4745
3428 4459 3253
4823 4920 417
922 4403 954
1071 2988 4104
2729 4029 281
3441 4018 1609
2754 3245 490
3049 4690 2347
997 3152 1592
4080 4928 3827
2940 4514 914
993 1968 577
1075 3793 4542
1165 3210 1478
4701 4962 4023
4357 4409 3111
383 1494 1983
2955 4433 1138
1539 3353 2829
2993 3232 4597
900 2636 2466
1570 4605 713
603 3066 1937
3326 4448 2169
2002 4917 2520
294 4048 3537
4813 4902 3013
2155 3391 1675
665 2690 3054
1739 2048 533
618 943 561
3238 4289 1683
408 3018 4173
2695 4415 3402
300 2011 3036
2428 3551 1692
1202 3572 2990
1635 3898 173
4682 4901 4046
4087 4680 1085
2175 3804 114
2364 4682 4313
615 4253 3545
4659 4873 2341
4354 4707 3229
4498 4925 2285
3668 4582 935
4958 4995 2506
2166 2442 3479
213 2988 1526
2634 4943 4402
214 3288 3329
4642 4786 1105
1988 3687 1644
3256 3342 3257
4236 4523 1563
4761 4887 497
4880 4994 1970
3879 4642 1581
4111 4655 3661
946 1646 1789
1495 4746 2885
4051 4728 2233
2225 4601 1967
2889 3631 1247
607 4375 1580
1092 3189 858
423 1632 3810
899 2776 3050
4573 4838 574
2286 3465 2507
1202 3448 3958
4137 4608 4595
687 4458 3091
3891 4415 1036
251 1936 824
2540 2719 322
195 741 2855
2433 4238 3956
2093 3233 1956
193 3101 826
2008 4186 1176
1811 4810 902
1714 2542 2442
4257 4387 3814
3309 4466 1086
1693 4813 4455
4518 4575 4080
383 1018 84
4451 4742 2715
3040 4035 1904
4658 4736 648
4035 4670 3976
1682 3101 2572
1420 2114 4381
899 4786 2360
55 2505 1228
4709 4715 77
3776 4387 4503
1500 2715 2054
3552 4600 26
1800 1899 4404
1465 4965 3859
4010 4052 1013
3736 4527 1691
3598 4126 1290
4277 4853 179
3580 3903 1549
1019 1370 879
4426 4844 4835
3748 4194 2369
538 1022 207
2642 3763 2218
4461 4782 4263
2439 2968 2847
1688 3986 4002
2850 4768 4513
4831 4994 1688
2852 3720 41
3021 3790 2299
1285 3325 3866
354 2191 308
3251 4879 1159
669 945 838
4924 4939 4318
2707 3867 1088
3550 4240 1498
1527 2224 4487
2471 3189 4941
3851 4060 3016
272 3432 4890
4374 4921 1263
3674 4839 1716
3419 3561 774
1546 4452 1361
480 4523 409
3782 4097 3884
998 3003 3228
2101 3521 3221
4892 4958 3001
2457 3923 1767
4955 4985 383
3479 4688 473
1726 3474 2919
1401 3468 2582
3797 4694 4540
22 2691 3300
4025 4110 2480
3538 4312 4493
1156 4484 4731
2180 3399 1893
740 1143 4679
2600 4654 2502
3145 3225 4669
4797 4995 167
1700 2696 4346
1984 4605 1342
1346 4739 3106
3439 4328 3375
1479 4085 3620
1674 2891 2566
2517 4223 924
1472 2289 370
4474 4546 2422
3331 4025 366
2551 4542 4733
1187 3544 2584
3686 4162 509
672 2528 1949
1999 4034 991
1364 4061 1978
3412 3933 1158
1759 2266 4460
197 346 1199
4898 4971 1118
1503 1670 3669
3634 3791 3152
4278 4918 325
4326 4539 3350
3109 4776 1154
686 3241 290
669 3497 549
4697 4917 3611
3735 4149 3877
1476 4782 1367
3839 3992 4632
300 1725 2874
2618 4690 813
624 2264 3275
2748 3142 2472
2455 4441 3449
15 1928 1412
3555 4479 4241
4949 5000 787
2508 3731 850
598 4593 734
861 3981 1467
2765 3273 1588
3783 4865 2298
4127 4136 777
4298 4380 4570
3187 4238 3073
1717 4098 2872
1953 3772 3596
1049 4150 2915
1996 3633 248
946 1386 3753
3390 4191 907
2819 4680 975
2125 3048 1702
4542 4972 2313
3187 3523 1662
4329 4429 2993
4950 4970 2489
2535 3302 4550
1970 3705 3747
3115 3330 2601
2506 4187 4174
1409 2381 186
321 2295 665
2478 3590 4548
2991 4838 3190
1222 2199 875
1014 2400 3716
1809 4815 3706
2879 4189 740
3498 4875 3484
944 4885 469
3531 4511 2704
2827 3458 3390
70 4368 2519
4920 4954 4933
2405 3033 788
1822 4006 1473
4679 4981 4227
2348 2797 260
667 2956 4292
2606 4603 3556
3271 3739 4392
2871 4890 2089
1814 2236 2247
3801 4444 4418
782 1303 1365
3550 3866 2918
2279 2477 2551
3036 3368 3919
1685 2789 1854
3344 4456 2448
562 2556 2116
4416 4687 1280
3326 4768 1348
1810 1896 308
278 4006 3397
1593 2808 3457
1152 4434 1253
1154 4908 269
1824 3313 2060
4986 4995 1355
2152 2517 329
1142 2304 79
3447 4153 4361
4333 4981 1534
1173 2558 3649
4657 4788 1466
92 1081 4961
1983 4994 3172
4021 4048 2230
4124 4789 236
1698 2371 12
1529 3769 3131
1461 3657 2354
2012 3222 2120
2083 3082 2165
1827 2360 1123
3105 4960 3848
3212 3553 2021
1062 2475 4014
2068 3277 3791
4791 4984 1727
1039 2444 4433
48 1255 3816
4705 4722 443
4237 4674 4175
536 1372 1189
757 4857 3715
1173 1181 2774
416 2429 2586
1071 1713 1841
3113 3648 2738
915 2105 3459
4294 4510 1521
4931 4960 2701
805 1382 1918
3033 4814 4041
4632 4648 4796
2468 4831 1643
3905 4399 4468
4749 4974 1928
3488 3674 958
2119 3450 2086
640 1353 4001
2379 3085 4374
4319 4767 2090
2238 2838 2450
3286 3337 3131
2700 2712 257
1285 4659 542
3940 4717 1952
113 1198 532
4249 4420 1655
922 3031 1400
4483 4748 2121
3273 3564 620
233 648 2951
949 4813 2182
758 4435 4365
2553 4705 1406
1794 2789 1306
1283 3914 2225
1069 1856 4154
1681 2414 3821
3251 3477 4578
3696 4959 4849
4414 4425 3665
4441 4912 2590
2332 2747 4816
473 998 521
3896 4325 1484
2857 3346 445
4646 4753 4425
4374 4686 3214
1528 4509 3158
252 4519 102
3352 4770 3214
3556 4565 1182
4970 4985 4088
4536 4853 3864
1185 2638 858
4639 4651 1457
4595 4980 2078
5 70 2260
220 3347 3055
313 3138 2150
4018 4249 972
397 3719 1080
2817 3100 3552
1349 1500 2521
180 1194 859
940 1213 4965
4765 4838 3629
414 1131 3142
4625 4688 3233
1165 2647 41
463 4930 2530
64 1077 968
1689 4949 4277
842 4579 416
376 4104 400
963 3810 4434
2444 4148 3275
271 3236 1299
2051 4432 2293
816 2786 2466
1418 3207 3325
1470 2441 3057
4767 4987 3759
73 773 4692
1283 2081 1698
4839 4950 2289
558 4351 1634
3642 3925 3028
1931 3388 4263
576 2261 4181
1639 2099 1870
894 1496 3007
1912 4767 3700
3880 4817 4479
1487 2014 3065
1325 3374 4255
2920 3512 518
4649 4922 2728
1267 3005 2404
1284 1988 324
1842 2462 1209
1230 3454 2666
3345 4724 4035
4508 4867 99
1945 4333 3834
541 916 4835
4154 4416 1385
3894 4900 269
2972 3753 4351
2297 3190 552
2955 4853 4450
2917 3484 4467
428 3917 3818
2843 3301 4901
989 1831 4146
4162 4308 3650
2446 2958 898
3369 4489 3883
663 4679 1499
2861 4420 947
4860 4958 4465
2462 4533 1693
2670 2869 1565
396 2465 3992
4837 4953 4918
3695 4692 4312
3678 3872 486
2705 4295 4216
3677 4156 3417
3272 4506 30
203 2669 3779
4469 4823 3768
984 2234 3323
151 3536 4312
2984 3018 3734
4633 4647 3176
4807 4848 1461
290 411 4362
2983 3639 2664
4926 4964 1268
817 4252 4526
225 2955 3643
1292 2114 2834
3284 3692 1348
1154 3042 3507
1024 2773 304
4306 4649 2144
1421 4645 2690
2347 4223 3765
2565 3539 1924
300 4071 3843
3215 4920 1713
4491 4667 764
3364 3887 3698
2819 4268 3326
2501 3562 3700
1542 2693 2814
3860 4079 865
2974 4318 2384
4883 4930 3094
4842 4927 2368
1544 2115 271
659 1396 2743
4273 4458 287
3711 4346 3817
3711 3990 2235
4851 4999 4751
4164 4381 2669
1254 1786 1594
1024 2685 579
1967 3611 1734
3493 4712 4193
4786 4848 4828
3583 4725 1466
624 1083 1034
4173 4202 1339
996 1055 2022
4253 4691 3075
4289 4318 3388
3766 4291 179
4219 4542 2021
3548 3965 194
4179 4357 963
696 4169 3496
3728 4815 1027
3478 4871 937
948 4717 2192
1372 2662 1957
2168 2194 4526
1908 4636 4023
4338 4376 2386
1280 1862 2656
4661 4867 1911
427 1604 3837
4734 4743 4349
271 3863 1020
4049 4461 1563
2667 2995 965
2305 4547 2181
197 1588 1607
150 3332 2212
2230 4431 3117
3496 3734 3392
2142 4961 1733
3308 4653 2848
705 1172 1851
4367 4369 4511
2809 4346 652
2936 4395 4105
3349 3961 2575
565 3268 2593
2766 3258 1302
2882 4844 4518
2134 3124 2481
3923 4447 4069
1398 2349 576
916 1123 2120
3918 4645 4598
718 2706 3183
2753 3501 3025
3772 4688 3671
4031 4494 4227
1659 3321 4369
3664 3973 3998
159 1348 190
696 1122 2011
1273 4931 310
1772 1873 3731
3670 4068 3137
1256 4216 4825
223 709 1085
2233 3674 2854
2210 4205 4323
4633 4710 4038
832 4014 3395
712 4049 1901
1167 3366 3769
3652 3917 2736
1625 2491 2095
4371 4942 1001
21 3669 245
4174 4554 2403
4183 4335 4359
4486 4544 1873
4096 4742 3287
1303 1348 975
4463 4940 2892
4618 4689 1995
2964 4838 770
1617 2411 2447
2414 3768 3923
1381 3973 4487
4844 4992 2669
4727 4872 1449
1346 1515 684
3012 4526 4072
2933 4601 745
3769 3966 3396
1896 4308 425
3942 4157 346
3243 3822 374
4316 4552 4251
3528 4588 4240
1641 3822 1527
4287 4509 1430
286 3801 443
4755 4829 778
304 3181 3855
2740 4411 299
3070 3873 3175
979 1882 2787
733 2622 4778
2647 2990 3835
2117 2912 3407
1030 3666 4342
66 3760 3412
3743 4546 1903
3737 4617 1875
2516 3977 245
943 4804 1640
4498 4691 2074
2803 2979 4603
406 3165 141
3294 4561 2869
1729 3447 2353
902 3384 3840
3684 4071 2319
2954 3201 3387
4069 4130 1017
4913 4945 1345
4647 4684 928
2539 3277 4619
2568 4581 4089
1876 2145 1623
1050 1374 1224
388 3101 4729
1189 4165 1014
1805 4485 2810
2045 2580 4586
4371 4721 882
4721 4815 1554
1296 3489 2138
4157 4356 351
2823 4949 1134
1356 4382 3889
2532 3808 993
3336 4687 4216
1433 3300 4423
3698 3980 2103
1366 4668 2044
1026 4746 1195
3124 4740 947
3723 4736 3319
2154 4349 4349
601 2649 2344
749 1210 1413
1868 2689 2961
4486 4689 3506
826 3739 984
1171 2488 765
2653 2715 3208
1925 3015 98
1632 2519 1319
3909 4605 2955
2255 3772 763
2541 3963 1689
2260 3396 4953
4794 4968 4677
3322 3969 1670
3902 4500 237
1164 4883 1682
1467 2975 2892
3166 3716 3261
716 4644 4185
1508 2058 326
4440 4950 3263
954 1438 3239
591 3297 1217
4083 4766 2091
459 2304 4433
2354 3039 1392
3292 4009 1688
3530 4710 1118
4438 4794 3142
4948 4962 1998
1755 3594 1905
758 1911 3400
1593 3756 329
1592 2677 871
3463 3602 16
513 4373 4777
1327 2356 892
739 2681 962
970 4989 1847
4414 4447 1321
4584 4663 4558
4977 4990 2920
150 3445 3591
1794 2457 4356
3741 3936 1445
2482 3574 3549
3183 4778 2057
2291 3011 2171
810 3481 1311
2654 3760 152
2819 4380 366
1945 2963 1430
1173 3571 4074
4524 4917 1091
2223 2316 1621
1609 3304 1144
2204 4275 1752
761 4810 4374
322 1780 1832
1650 3111 3802
3390 3460 2789
2387 4936 4481
2616 2975 1667
2921 4129 738
3663 4679 1335
3712 4180 2641
1442 3527 605
4280 4636 4055
3684 4650 3496
1680 2266 892
2842 3824 143
4335 4932 2764
593 1712 3459
4572 4665 742
358 2127 4024
1283 1393 278
4040 4776 3501
3571 3984 1665
3783 4517 4184
3109 4748 381
3860 4792 2571
253 2750 1392
4435 4629 2239
3559 4889 3579
2706 3980 4485
2136 4270 1207
3424 4373 1969
3792 3957 3242
1446 2243 3073
1301 1652 337
3688 4989 4061
3338 4662 4686
1011 1348 4248
2149 2199 1877
4430 4829 1825
2957 3020 4197
4170 4510 1261
4401 4910 3736
2707 3802 4513
3982 4198 403
2080 2310 2904
3331 4995 197
4745 4919 1715
871 3406 2629
2940 4099 4757
2793 4867 3061
3927 4797 3987
2079 4996 1311
1358 3185 3541
2651 3756 2045
3435 4715 288
3410 4824 2234
1127 2267 827
567 2657 3053
3004 4056 386
1832 2851 1362
326 985 2499
727 2150 4570
685 2746 3458
3303 4051 4857
1372 4794 2108
4117 4298 2158
1652 3217 2723
2838 4394 3492
1333 3376 844
4291 4795 2410
2247 4673 3349
939 2776 4003
3233 3859 275
1931 2488 2061
896 2425 2206
2085 2698 3451
4318 4504 417
857 4902 1740
4080 4939 1430
908 4131 4905
1809 4446 2008
3464 4988 4664
4671 4935 2735
3186 3352 3237
2389 3671 745
2469 3279 3824
2731 2974 2045
435 3642 2601
3792 4166 4513
2396 3895 523
4762 4851 1852
1109 3674 3180
4325 4447 1155
1781 2849 3954
516 1291 1007
1713 4759 927
3046 4119 4489
4028 4480 854
417 2897 2252
1255 2753 1991
211 3130 4641
3885 4288 3498
2103 4068 1522
1053 4195 1236
4713 4851 4215
3254 3597 3420
1270 2489 3883
1103 3192 2409
4908 4950 2754
3370 3599 2213
4964 4971 1383
2736 4996 3256
3381 4338 1949
4416 4634 3751
262 2536 3863
1853 1910 1179
2634 3657 3496
904 4652 4546
2437 3451 4170
4632 4907 103
4060 4670 1077
1691 4538 4150
566 4614 426
573 4643 3649
259 2588 1971
158 2629 4916
3411 3970 2601
2468 3131 2000
1404 1888 3911
747 1988 3985
1972 2933 3542
2498 3245 1722
3173 3592 1109
2270 3970 3374
1015 3533 2224
4428 4708 1937
4288 4742 3237
2931 4458 3764
3434 4440 640
1590 4328 2333
3282 3643 4533
122 4618 2852
4211 4765 4922
892 2941 2529
3476 3556 2485
3024 4798 3798
2506 2813 970
1103 3285 3089
796 2729 2006
1626 2557 4102
4612 4945 3069
3057 4326 848
1427 4812 2987
324 3263 4619
3061 4402 1957
1875 4440 929
2675 4357 2096
1023 1271 1807
2382 2929 3830
310 345 1179
3678 4550 3900
1620 1971 2100
4083 4275 1577
3003 4304 1782
2087 3370 4745
3684 4606 92
724 4148 1256
1224 2184 2212
3289 4829 4864
3310 4798 531
469 3677 2021
4505 4611 2641
491 3921 3921
4245 4812 697
826 2085 2050
4413 4519 1275
4566 4574 1840
1594 1961 564
1761 3520 377
4341 4494 2417
1359 2657 4362
4319 4567 4521
2714 4486 31
4418 4938 1093
3687 4566 362
3698 4809 4669
4273 4449 1585
4100 4929 2122
1548 2577 3683
834 1042 3737
1121 2491 4742
4186 4731 1851
1657 3086 2226
2984 3713 2071
2710 4550 2520
4292 4324 4271
881 2138 43
1187 2037 1543
1062 2790 1727
818 2803 685
2923 4730 3252
413 3078 4108
1386 1646 1177
4666 4941 3349
3519 3832 2861
1490 2383 3845
2911 3655 3860
405 3151 1875
3256 4460 4811
1076 3697 1513
3301 3830 1507
4138 4201 1030
4384 4845 1131
2162 4954 3487
1572 2386 960
2395 3035 1789
2036 3329 2161
3670 4321 1974
4688 4746 357
1945 2841 1440
1354 1549 319
378 1127 1931
3781 4810 4632
2314 4142 4281
4069 4809 2395
1239 2464 1062
3434 3890 3209
290 3374 3015
1362 2747 851
152 3888 2181
4110 4834 2645
3024 3997 1411
481 4484 2647
521 2388 696
1856 2422 1487
4590 4681 2481
2896 4509 4580
1403 2518 2377
465 3440 1491
654 4520 2395
4173 4215 3727
2591 3796 3569
2788 4552 3583
2793 3888 4415
4020 4956 828
3968 4397 2105
2525 3539 2182
2351 4786 2531
4540 4676 873
2971 3870 348
1416 4667 4350
4674 4812 4073
3375 4531 3871
4476 4915 2383
3296 4144 3111
2245 2711 4276
2771 4713 530
3909 4160 2447
3383 4580 593
908 1424 3052
2050 3334 4531
135 3506 1159
1786 4178 2398
4850 4949 1369
727 3042 3115
1075 1808 790
2289 3231 1304
700 3648 2050
4200 4201 2811
3807 4033 2066
2559 3112 2820
3068 4651 4278
2000 3973 2734
519 4932 3301
299 623 2992
1227 1404 4818
3078 3502 2517
3335 3755 2578
2883 4805 3809
3061 3347 417
1393 2563 1143
2304 3388 989
3629 4901 1311
2512 2745 3470
4805 5000 2875
4931 4978 3271
4774 4954 371
904 4702 3012
4621 4663 3977
42 63 1208
2677 3188 4491
798 1713 3894
1543 4338 413
4942 4973 586
4374 4835 3438
2367 2775 3600
3536 3578 3985
2359 4206 3751
1896 4393 1625
3613 4152 3375
1938 4326 2324
586 746 4902
2290 2385 691
3973 4927 4852
81 2521 4181
2011 3441 802
2915 3404 1200
661 2945 3210
3603 4759 1385
1825 1911 4885
3674 4249 1117
1690 3786 4807
252 4549 2185
2512 3870 4371
3143 4236 4312
1234 4894 229
1788 2783 182
4715 4902 1985
4188 4429 1281
2425 4330 2261
2500 4246 2619
4499 4718 4584
4525 4665 4216
263 1418 976
3210 5000 2562
3790 4522 1435
2856 3154 4027
4441 4993 4922
4119 4145 2582
3013 4820 4681
2670 4828 1720
777 2999 4181
1168 1393 1043
3371 4975 868
1019 4773 3040
2932 3652 2922
851 4104 4012
1810 3483 1577
1358 2534 4884
2591 4866 841
25 568 3319
2046 3748 864
2844 3334 714
325 4784 2931
436 4612 4477
2098 4542 2187
1002 1198 1950
3574 3892 606
3043 3917 1233
4761 4899 4491
2311 2561 3458
2866 3757 2837
1288 3400 1949
3733 4337 4955
4349 4497 661
4877 4926 142
496 3647 2405
1260 2205 3640
339 1900 754
4256 4882 4350
3896 4675 1436
1570 4923 4924
2821 4328 3322
442 3103 3057
4230 4597 668
3148 4219 2725
444 1367 4716
3239 3881 480
3033 3163 4444
1219 4371 3010
2343 4779 1881
4166 4781 2016
117 162 4679
4947 4957 2907
3728 4797 3242
3946 4170 793
1976 4873 659
424 4307 3804
779 1970 6
4162 4777 2992
4676 4879 521
2769 3628 2176
3065 4590 864
3531 3543 2122
4118 4354 4379
238 530 4361
3595 3809 1497
3052 3999 2193
159 2065 691
1510 1990 2090
4750 4792 1570
2436 2886 2919
2645 3046 894
2471 3665 4893
1277 3645 2512
1998 4713 2826
504 1041 681
4258 4456 1562
3285 4246 2651
3537 3542 1338
4666 4746 912
1763 3548 2932
1335 2382 4418
3352 4637 1426
1262 3834 431
4508 4530 2400
4818 4953 4290
698 1753 3723
4881 4985 3818
2949 3864 4538
1169 4555 4424
536 573 651
2171 4052 1914
2096 2169 4102
470 4028 2749
561 1373 2153
4115 4893 2123
1910 3817 2605
3455 4942 2509
4654 4762 1930
381 4933 839
3072 4852 1291
306 2381 1085
4298 4348 726
3163 4896 1347
2150 3726 1124
4323 4906 2774
686 2465 1244
4034 4371 3385
447 2235 1146
2311 4305 2223
3862 4632 564
59 3237 571
518 2924 2821
3511 4512 4198
4515 4589 4064
524 771 1697
2336 3372 2439
1939 4574 3147
4597 4616 3314
4926 4946 4982
136 1126 3989
2524 2526 2292
4908 4911 2435
4638 4936 2787
190 4907 1534
372 4045 316
4177 4745 3528
796 3545 2205
187 2360 3926
3061 3452 4266
4915 4992 3426
3152 4113 2784
4999 5000 3743
3739 4670 3004
1616 4393 3156
4104 4861 3954
4528 4912 1284
1761 3718 4105
2796 4138 3977
61 665 286
2835 2979 1407
3760 3781 1706
1577 4419 2113
937 3032 2843
4289 4293 102
1481 4141 3139
2463 3704 3732
2256 4270 3399
1763 3315 1
519 814 1341
3066 4582 1814
4125 4896 4841
1544 2213 1552
4572 4815 486
4436 4502 633
1738 1943 3383
4411 4491 4647
1729 4876 1745
1856 3396 3094
2874 3735 596
3513 3829 663
900 4187 63
1707 2424 446
2650 2864 1968
1742 3927 972
2701 3785 2559
2709 3893 794
3397 4881 2570
732 3555 3200
559 2337 1730
3239 4701 3720
582 4571 4279
1480 4019 2995
4092 4963 602
1499 2601 4558
793 1803 30
4458 4897 187
3788 4586 370
1812 4435 1776
3977 4626 4513
3104 4877 3435
3756 4262 2333
1967 3118 3080
289 2090 2539
1683 2864 3813
4975 4994 831
998 1894 460
3569 3717 3542
3238 4908 504
4809 4967 3054
4481 4918 3664
2547 3391 4791
2764 3980 113
1360 3275 3681
4953 4968 4620
2228 4829 4452
3256 4993 854
3256 3267 1052
2461 4519 970
322 325 644
1245 3544 890
2812 3208 4507
1746 4377 3255
413 4580 3408
1167 1976 2676
4783 4881 3405
2229 4525 2605
3145 4537 1696
4488 4603 329
3054 4524 2258
2782 3884 4048
3171 4574 1323
1905 1999 3887
3801 4720 1885
983 4563 627
227 4808 2840
154 4513 2440
2520 3884 3072
3498 3558 502
1788 3739 2553
652 4698 1222
2454 4241 2687
860 2684 451
3324 4534 3045
2106 3123 489
252 282 1252
4029 4926 1158
4244 4980 4224
60 2406 3677
1599 2378 2236
1260 1811 1159
718 1800 2661
4504 4942 2955
3280 4991 232
1786 4713 2037
4226 4790 4933
420 1970 2146
2401 3185 1421
3885 4030 1766
3439 3541 1897
2458 3678 1148
562 1230 4022
3629 4571 553
2541 2687 684
1649 2395 2825
1108 4011 1864
2019 2344 1255
4481 4725 3524
562 706 377
1833 3140 2538
4057 4752 4279
2249 2653 1618
1021 1234 372
1474 3779 4212
3690 4739 4952
3866 4155 2388
752 820 2940
1279 4104 4393
4805 4881 2933
4326 4534 178
2459 3897 1610
1814 1907 3741
3800 4265 3238
2886 3054 2535
1188 2608 774
1770 2405 4926
4694 4749 164
924 3497 2448
193 232 2141
3743 4087 3114
2637 3776 4025
1385 4409 2425
1772 3424 974
4945 4965 1997
4082 4341 1428
1148 2019 4588
3429 4529 4429
2431 4197 4519
3406 4210 3794
1268 2362 814
2186 4913 2613
4885 4955 1484
757 4171 2995
90 2437 4195
2146 4836 1981
1840 4720 4861
1312 3636 1360
1886 2550 2451
1899 4090 2126
1120 1177 336
3610 4411 4929
2374 3112 4214
1667 2819 223
924 4763 3385
471 1010 2148
844 3248 80
4249 4448 1151
3741 4874 2158
1385 4822 1686
3421 4310 780
4409 4984 4254
388 2700 3258
3439 4859 2596
4409 4469 4567
4895 4970 2648
1924 4062 1455
4412 4507 23
4066 4965 3172
4734 4953 4921
4257 4350 1339
3332 3656 4066
1675 2158 4211
4562 4997 3356
4138 4885 857
2249 2294 2941
2111 4962 1926
2022 2042 2782
680 949 1938
4446 4752 3489
842 1671 1849
2510 2980 768
1593 4445 926
1336 4165 4961
4793 5000 3845
810 2843 2253
731 3189 4221
3986 4099 3581
4084 4601 1926
4112 4195 4288
2413 4084 3340
719 4173 1757
1047 4846 2435
1609 2487 3810
4110 4135 2857
1878 2530 32
901 2022 4476
3458 4862 2776
3230 3460 3695
692 2043 3875
2597 4178 4089
2175 4257 429
1384 1673 3051
377 1121 4010
2698 2718 3605
4498 4654 3959
3417 3495 3663
3734 4245 2154
1584 4927 3580
338 4386 72
4640 4804 4042
4040 4492 2449
1061 4297 836
3228 4080 3517
2308 2852 3510
636 2976 4177
3064 4323 3985
3656 4449 2028
3217 3633 4531
1772 3751 1750
2028 3068 3500
4788 4951 846
133 4485 4375
1250 4838 4569
159 3370 3667
1268 4476 3586
3437 3697 1162
81 2906 2479
2047 3061 4943
1966 2259 160
2484 3404 54
4816 5000 259
3618 4683 3819
1150 3020 3512
3105 3695 770
3408 4223 2282
1246 3179 4247
3340 3827 4228
4273 4607 1056
1183 2172 1884
2265 4170 79
3683 4587 1574
1108 4580 1870
4976 4976 1841
2464 4135 862
1451 2482 4177
1516 2552 501
1201 1720 3636
1032 2127 1239
3982 4688 2777
2333 4668 4773
280 2005 1744
2436 3239 205
1263 4046 576
1275 2079 4283
4687 4717 825
2581 3248 4849
4895 4937 2449
961 3919 4459
159 1900 2539
2254 2727 3515
2307 2311 2551
2464 3915 4059
3122 4695 710
4836 4991 570
1966 4475 3434
2153 4282 3542
340 4916 884
1607 3288 2479
2302 2464 3166
3909 4816 4897
4266 4523 4610
866 2510 3185
2070 4053 2462
4775 4936 1538
4927 4989 1536
376 382 973
2316 4009 3101
445 1293 1457
3704 4349 3865
1744 3611 1519
4808 4978 3415
879 1544 785
564 617 1949
4141 4264 1958
915 2162 923
2626 2747 1094
3600 4439 1879
4613 4886 1900
3416 4565 2280
4336 4730 3651
2705 3250 868
3349 4197 1423
132 1694 32
4178 4242 1643
4329 4516 2859
2111 3746 134
1546 2203 1962
119 3393 2786
1184 2111 3095
4524 4912 4084
1024 1504 748
1345 1827 1098
3203 3424 2252
4022 4876 122
2160 2541 3202
4323 4519 2398
4192 4996 4314
2844 3619 2634
510 2499 2081
516 3540 103
3811 4048 3824
4754 4805 289
516 1291 3850
1423 2739 4101
1065 1640 3943
3366 4145 4314
3435 4400 2461
4313 4940 2504
1695 2396 451
1841 3452 4044
397 2896 4710
2614 4346 1377
638 1470 3181
949 3862 4425
1932 2546 3504
4924 4979 2599
2803 2857 1779
4463 4652 2394
2435 4629 3268
3395 3662 3081
4587 4740 2228
3392 4302 4589
651 1498 4057
475 4379 3020
801 2592 3408
4190 4994 4915
1260 3685 1927
4432 4460 412
2664 3972 2553
986 2642 4360
4732 4759 533
3266 4843 2704
2949 4797 2773
2195 4245 4091
1574 4035 4999
4103 4548 1951
1575 4681 4112
3117 4888 1825
403 4581 1539
1681 3070 3618
3161 3585 3077
2921 3012 4433
476 2695 4819
4127 4445 3353
291 2863 2109
2981 4742 4908
4252 4713 4029
4222 4252 2355
1047 2059 3587
2128 3861 2634
3017 3789 2997
357 1404 2455
706 2159 4748
2590 3412 2704
4201 4884 2834
1752 3174 2672
2383 3736 458
2480 4749 3701
1112 2403 4809
4741 4841 4900
2307 4099 1065
4039 4281 1406
2967 3787 3238
3135 4281 3279
44 1302 3270
1030 2876 310
3247 4233 400
759 3824 896
1220 1847 713
4912 4972 3677
3020 4427 2907
773 1745 2021
4541 4647 504
4145 4383 4133
2563 3726 635
3719 4039 2173
2584 3165 345
3053 4001 1467
3491 3800 391
1144 3607 3410
1344 1885 683
480 929 1127
4903 4925 467
2918 3209 1778
1340 1594 642
4312 4819 1326
1008 3106 3156
3186 3897 2090
3765 4570 2368
3840 3888 4669
808 4720 4784
3314 3426 1241
2946 3881 2350
3242 4754 2631
408 1705 628
292 2715 1979
4236 4350 710
124 4833 256
3907 4056 4413
68 3910 2052
3350 3843 422
1166 2604 4805
3137 3399 4114
3363 3850 4429
2028 4063 4051
3550 4133 3204
3706 4964 2904
1681 2836 3294
2026 4602 1465
3148 3186 2167
2443 2756 3031
1837 3398 3193
2294 3552 1756
3530 4614 625
4124 4514 532
4782 4983 4203
962 3346 3965
4788 4986 4522
4185 4348 1074
2345 4875 2370
4472 4478 3891
3036 4375 4190
760 4237 3359
2155 3975 2824
4421 4596 1147
3915 4715 3884
3467 3880 995
1342 4785 4673
2449 4381 3332
4164 4291 3144
1487 1844 4816
4897 4933 1808
4398 4757 4167
1631 4573 4407
4425 4664 2805
2175 2444 4190
187 3733 4901
1478 1610 1207
3259 3583 3108
1327 2000 555
3556 4408 3615
2011 2538 2357
3482 4807 4572
3867 4860 1291
4906 4968 2563
2003 3256 2470
3218 3405 3893
841 4065 2351
1435 1783 2226
3688 4081 2488
1926 3630 151
1373 3027 1222
4 4516 3841
1603 3584 3192
179 1916 4242
4413 4471 3744
708 2692 1438
3047 4604 739
931 2496 2430
909 3955 4761
1850 4747 3150
1205 4916 1760
27 2978 4415
4125 4458 2570
2567 4761 3390
3949 4142 2173
1226 3146 2892
1894 4390 711
4814 4951 2144
236 634 4719
4825 4945 1037
1383 3538 2865
1121 2074 737
1226 3014 825
4499 4893 2996
4437 4492 378
1454 3638 1182
3619 4205 1391
659 1800 3080
300 2105 2997
4274 4373 571
4954 4960 4747
3576 3793 1487
4363 4648 3151
4869 4974 533
4306 4741 4819
980 3001 4747
2274 4179 2035
2598 2630 184
480 2172 863
3649 3717 1939
339 4103 2299
4869 4978 4426
1545 4750 3401
2117 4051 1774
2280 2739 4669
3830 4996 4764
3031 3763 4066
3707 4949 1100
161 3651 4954
2734 4379 4299
2921 4099 1312
732 4057 3145
4239 4910 4690
1741 4691 2131
4744 4886 1238
53 1943 574
3478 4969 1841
2910 3818 3076
40 2107 2730
1419 4253 2675
4108 4348 3024
992 2746 128
3542 3787 435
4842 4904 3796
579 1909 1213
1260 4734 2429
1704 3937 1579
1977 4292 2942
1640 1655 85
4417 4974 176
3546 4371 148
1554 4018 2450
1178 3442 1459
3644 3700 1457
4625 4894 3891
2330 4062 1635
437 2796 2814
409 4100 657
1124 1377 357
756 3835 1918
1489 3629 3453
1117 3177 2848
4025 4391 4560
3301 3646 3706
747 3726 1246
3484 3814 898
3516 3943 1274
1572 2062 1046
3445 4399 2858
4188 4478 3812
2105 3947 4939
2976 4561 988
4080 4876 2713
3031 3909 2368
4891 4925 4360
2984 3423 4660
714 4570 1379
919 3951 3526
2834 2911 3662
1372 1836 910
3156 3636 3829
836 4803 4673
635 4497 4207
2657 2929 4332
4556 4566 1790
1879 2796 600
2001 2978 3117
1987 4249 3360
1349 1514 3440
1632 2573 1812
439 3762 2772
2289 2346 1441
3043 4346 4858
1479 4103 2437
1158 2654 3160
1597 3025 1031
2988 4639 1768
127 2748 3323
124 1048 2156
2499 4341 4461
2181 3832 1308
3900 4695 4788
954 4849 78
1757 4692 1112
2939 3261 3756
3097 4340 3161
3065 4502 4140
3289 4652 4330
2750 4530 296
771 2877 1286
3205 4320 354
836 3451 1578
3240 3697 1406
3357 3716 4877
3277 3637 27
3724 4859 4520
2351 2895 2564
638 2536 2157
3191 3258 2656
1975 4583 4036
3449 4665 2132
790 1390 2663
4204 4633 1962
1611 3838 2975
1815 2016 2266
93 987 2759
273 2195 3101
2464 3456 532
787 2963 4993
4747 4866 1620
3045 4680 2846
896 3785 4891
2416 4769 3960
3377 4166 4234
1520 3998 1150
3017 3658 2378
4054 4349 1814
1428 3862 323
2969 3192 899
1582 4363 2162
2998 4574 3773
360 4680 2123
2007 4432 1915
876 2139 365
1380 2267 2917
2029 4217 2619
3049 3675 891
586 4077 3680
4282 4995 1217
4358 4856 3138
4023 4197 1783
4937 4959 2566
3472 3489 155
1759 1870 2096
398 523 2548
2761 3837 4534
4810 4991 4798
2211 4479 4163
457 3398 4645
4616 4880 4047
4985 4992 3253
430 3183 3735
993 2126 137
739 3267 1343
3481 4374 1381
3903 3991 3832
4664 4733 4518
3078 3727 4644
1344 4872 4703
2486 3238 999
4322 4919 3629
2609 4855 3333
3409 4616 4316
3614 4048 40
427 3562 4771
4499 4977 1607
2386 2397 2731
1852 2606 3301
2343 4438 157
4760 4766 2556
3906 4764 1957
3820 4125 2243
854 1608 891
3289 4869 2871
623 1362 1657
2443 4707 443
2094 2713 529
2491 4291 1998
4973 4988 632
2948 4360 2955
2976 4116 316
4232 4379 2163
1834 3376 2479
1410 4112 4500
1122 1402 382
2015 3995 1751
489 734 2134
620 1724 1631
667 3723 1094
4903 4903 2395
525 1756 1152
3081 4058 2436
933 1300 1681
1937 3965 849
3194 3821 2454
544 3673 2870
50 86 410
1373 4593 4629
853 4166 909
3248 3920 3800
2241 3623 4623
4122 4140 3895
89 4201 3367
4267 4622 3389
3104 3579 2506
3904 4556 3091
1433 1513 3159
3621 4336 274
1081 2676 4702
2115 4684 1617
3412 4736 864
3091 3151 3950
1714 2776 2962
2088 4341 4210
52 4629 1375
2258 2325 4133
1638 2473 4227
536 2870 824
4937 4995 4952
4418 4832 812
2933 4736 4936
920 1097 3023
1295 3685 2978
1676 3316 3439
4978 4996 1642
1855 3092 4561
4848 4956 1678
150 2243 1709
2334 4470 3871
2087 4077 2867
2276 3016 3141
4851 4926 3709
2464 3677 3639
4678 4878 2784
2807 4425 3381
371 3209 2808
3102 3915 3805
1442 1607 2604
3368 4562 4912
2633 4607 2061
3778 3922 4713
930 1222 2910
2991 3622 4428
3546 3772 3996
1837 4246 870
3761 4244 3812
2231 4975 2471
143 856 768
4950 4999 510
803 2833 2530
513 4188 4288
349 2433 2358
1762 3587 4819
2719 3760 3142
816 4505 1790
682 2936 293
3881 4990 1849
4408 4818 2343
4220 4804 2425
1026 1328 1280
4679 4815 4215
2257 2459 4257
2838 4643 3108
4307 4604 4005
1455 4085 4138
595 4589 588
395 4617 2049
3217 4255 4249
3598 4939 2512
4143 4576 4077
3653 3944 2624
1276 4364 2073
1904 3680 3169
4215 4240 728
4053 4686 2181
1750 3892 4292
937 3011 440
3634 4223 2829
4275 4938 3513
1020 1459 3499
289 941 2886
4834 4917 2715
3762 4873 2296
3730 4909 2159
2323 4668 4938
4945 4959 1643
2708 2956 2225
3740 4407 3459
4802 4898 3217
3145 3660 2707
1432 3577 4668
2477 3903 876
335 1493 4008
2031 3449 4561
3552 3792 2454
1826 4522 1835
2845 3746 1187
1721 2458 723
2126 4715 1868
212 1863 902
3384 4393 756
4516 4589 4340
3227 3696 2085
804 3350 4582
2679 3615 4323
1860 4592 3923
525 3402 3813
2065 4902 1011
2629 2899 4207
3935 4569 2596
3012 3527 1989
1633 4108 954
1411 2193 1313
4817 4906 4476
4746 4987 407
1090 4770 1288
4373 4899 1728
155 1116 3156
2360 2737 359
3903 4339 1699
4985 4991 1815
1580 4073 4688
2347 3831 268
1371 3657 3875
3017 4157 2135
3585 4292 2089
3047 4507 4339
4284 4307 3548
1633 2090 21
4893 4948 3224
2936 4126 1666
4006 4204 3450
4413 4682 3382
455 4322 4001
3746 4094 4128
3753 4298 2274
3290 4706 4330
944 1115 2215
1157 4607 2057
6 3625 4325
4261 4831 3164
4846 4932 4259
3061 3458 388
4265 4881 2898
722 1888 470
843 3481 4393
1767 3848 4021
4283 4419 4510
1910 2757 2941
2565 4905 299
77 4045 269
2626 4469 2923
2901 4753 1791
691 4208 4226
4384 4469 2352
4930 4967 1641
1721 4042 492
3592 4396 2142
452 3469 2195
4747 4868 3342
1655 4402 3150
3474 4928 999
111 3858 1079
1762 1976 1026
586 3177 4496
4081 4184 796
790 2156 2268
1604 2922 4327
822 4299 2800
1858 2238 803
3965 4707 573
3447 4519 872
2849 4723 1933
2400 4860 3543
3198 4557 2815
3229 3247 2193
308 712 3606
3515 4704 2217
4652 5000 3808
3221 3789 464
947 1684 3395
764 1586 2349
4432 4902 1701
182 4056 1094
1476 2658 4672
3464 4491 1932
1943 2297 3138
4073 4452 2236
4814 4843 268
2460 4082 1589
3805 4562 2633
4742 4951 137
1918 3312 4786
1794 2404 4016
3862 4290 4401
3072 4293 570
4476 4607 40
142 2276 3148
2660 3536 177
4124 4717 358
3113 4292 4239
388 1926 2252
4093 4322 4600
1834 2547 3571
4586 4651 125
1391 3181 4302
2460 2535 4738
4525 4748 1071
4904 4964 4199
1478 3038 3506
4796 4994 923
4533 4573 688
1921 3968 18
185 877 4223
4743 4899 1444
258 746 1800
3358 3507 1494
1043 2056 3503
2360 4557 1955
2902 3732 269
3907 4860 4685
2359 4083 3700
928 1911 437
4503 4790 3156
2936 4169 237
755 3961 475
3720 4556 964
563 3272 4007
2474 4144 4883
2233 4682 3560
246 2734 3426
1509 2460 857
1170 2004 4548
189 3141 729
2535 3931 3289
2188 3264 1712
484 787 2859
1195 1574 1634
4609 4874 3395
854 1716 3022
4038 4175 3442
2963 3343 544
4510 4871 4580
3229 3516 1961
4696 4822 1299
4050 4530 2897
3287 3884 3871
2007 4846 1032
1954 3942 286
3022 4648 2187
1668 2089 2034
4132 4831 4642
21 2660 1005
3770 4535 1522
4047 4143 4488
1046 2454 1138
3972 4001 1896
793 2938 3433
3283 3946 107
2378 4880 1218
691 2258 3089
4365 4457 3944
1742 3409 4445
456 3731 4166
3207 4835 964
2879 4241 188
4534 4550 3911
4619 4814 968
4951 4971 1415
3635 4484 1958
1145 4231 3466
3972 4990 4332
988 1354 3308
3015 3053 2052
1952 2307 4358
3868 4288 2817
1314 4637 2319
843 4909 202
3763 4918 3171
2094 2641 4633
2793 4741 3489
2224 4241 3682
527 4465 2815
1759 2836 1274
1273 2733 3676
1208 2388 4967
3999 4564 2875
2740 3334 4780
1444 4990 2350
2912 2926 2983
2104 2998 4345
1825 2729 2491
3190 3215 1431
4287 4738 4302
1592 2535 3745
2637 2921 4504
3759 4646 1283
566 4196 65
3938 4947 3651
1211 4983 2907
4197 4288 1883
710 3664 4749
2903 3687 3954
2843 3399 744
1090 3026 2355
3705 3927 1312
712 946 2886
2779 4496 3361
3962 4572 3191
1772 1975 985
4438 4440 4767
1093 4006 4139
4425 4519 4100
805 2014 1682
921 4240 526
4410 4555 3691
2933 3691 3148
4311 4541 381
2517 4592 3364
4232 4941 3952
2640 3077 3545
385 3242 3680
2718 3906 1283
2203 3754 2827
2601 3361 4473
342 3880 2764
460 3234 1151
813 3717 2540
382 2505 3102
3831 4762 4147
3659 4923 3871
51 4429 2557
4189 4317 1253
2099 3490 223
1810 3001 4484
4455 4728 2299
1825 4499 4167
3956 4963 170
3061 3435 2735
3432 4342 145
1788 3052 3834
2164 3708 1974
3 2984 3245
306 4246 841
3097 3712 3201
2502 4998 425
3177 3655 1571
2144 3168 2999
1335 3788 3435
962 1407 1428
744 1597 811
3446 3550 2762
3109 3120 3145
218 2705 3247
397 2729 3228
53 1298 619
3405 4923 987
2504 2956 2200
1969 3151 3832
703 3952 799
4238 4916 16
2352 3664 1952
4835 4888 643
980 1982 4502
4438 4793 755
372 2734 3170
401 2276 2639
1877 2004 1252
329 3846 3053
4976 4984 2456
4187 4883 4202
3290 3710 3340
1571 4051 2062
3963 4504 1793
3108 4709 4866
73 3747 940
4214 4318 2232
1651 2829 4186
4947 4976 1211
3667 3679 3493
2131 3985 767
841 2486 1612
4249 4668 2544
670 3254 4572
2562 4031 3985
3993 4406 1026
3135 4266 3213
4098 4885 1627
359 4448 4816
3547 4526 4002
2000 4258 2741
372 1835 495
4239 4907 4775
4107 4170 3491
1341 3209 4333
4207 4894 2182
1539 3282 2492
1992 3407 2678
4153 4903 2304
4463 4968 2058
3283 4729 862
3950 4152 2090
1838 2917 3976
2139 3439 1636
1117 2926 663
4791 4884 311
3907 4132 3712
1705 4938 4766
1921 3332 73
3389 4982 2982
1694 4818 2535
4751 4793 1602
2208 4058 4505
3810 4225 2378
2327 3766 1459
1003 1552 3892
3196 4049 2274
4150 4214 4705
3809 3946 973
1383 1622 1083
4769 4788 4255
1380 2792 4161
1843 3549 83
4078 4784 2099
2704 4689 3317
1607 2130 3383
304 4062 3060
4280 4516 633
3351 4874 3205
4558 4965 4343
3200 3448 2248
2325 4154 10
1761 1832 4445
257 387 4202
4794 4841 2540
1796 4546 3924
2808 4612 2408
1161 3493 3427
1389 2400 4443
26 82 3376
1683 4510 744
4890 4992 2833
4639 4760 3614
4426 4956 1814
3442 4165 4918
3358 4070 113
756 3803 3040
4501 4819 1394
3135 3900 3060
2376 4614 2127
1460 2948 633
8 57 4459
2090 2958 4388
827 3235 807
3795 4234 4335
1122 2121 463
19 432 3527
1766 2275 2566
1523 2326 4138
2092 4454 4187
1790 2232 3416
46 1707 1661
4569 4624 4336
1865 4205 2453
2309 2600 829
3885 4852 300
4931 4942 133
4694 4917 3345
2536 4225 2455
3710 4620 4217
2385 3696 3279
383 4884 3224
2625 4145 2518
3524 3670 4878
4773 4838 1874
344 2648 1281
645 3214 2761
3687 4656 2956
749 1514 4471
2301 4744 1314
3842 3976 4528
3962 4791 1549
4511 4658 1753
936 3594 162
3626 3845 4430
1916 4073 4254
1790 3283 719
4945 4973 934
4790 4902 4656
4601 4681 1039
2007 4442 1036
4151 4164 4908
4061 4442 1001
3422 4245 1336
3298 4874 4410
2644 4485 707
3147 3364 3686
4534 4946 2060
2714 4459 3767
4048 4362 3029
2865 4092 1702
1634 4910 2285
1858 3955 3906
1376 1890 4820
4425 4615 2285
3594 4689 863
1344 2221 3076
1086 2813 3064
2207 4277 4632
4035 4213 4368
1627 2050 3227
327 3017 2289
1765 4407 3525
2953 3967 1909
2164 3958 1460
2149 3671 739
3946 4617 4035
2635 2848 4344
3437 4092 4570
3306 4167 2859
1931 4107 4894
77 3328 741
3985 4211 90
4101 4378 454
2061 3748 3165
4557 4782 587
2642 3317 2596
2616 3094 3393
1481 4919 1962
135 287 2716
4784 4993 290
1078 1189 1655
794 1328 171
2850 3732 2739
2988 3128 340
813 4063 1681
622 3597 200
4624 4953 3239
4742 4898 2474
1524 4714 3355
3374 3388 507
3749 4395 3867
4098 4846 1411
1562 2603 3504
3334 4777 4903
3106 4180 1023
3855 4373 2437
116 3769 341
456 4053 69
1095 1856 2349
4731 4827 4541
3708 4614 2252
514 1468 522
1331 1399 1515
4860 4901 1561
2594 2875 594
3897 4529 4783
793 872 4413
2573 4009 259
4448 4496 1327
2888 4317 1559
1830 4829 4459
2524 3874 4459
2157 2704 634
1252 3248 4037
2558 4949 607
3890 4672 59
3621 4811 4278
4162 4187 3266
3111 4457 2531
1687 1770 3157
3115 4950 1212
3644 3683 4796
946 4921 3909
3157 3479 1344
3680 3798 4435
1875 4607 4441
1834 2912 2473
486 3666 1776
321 2778 3274
2601 4745 4092
1693 3894 595
732 968 2154
3578 3720 4863
2035 3701 178
4883 4962 4002
1251 1863 551
4652 4708 2955
3341 3851 1174
4704 4812 4031
4711 4948 605
619 2672 4239
3825 3893 3588
4067 4406 2690
2365 4236 3771
4652 4981 1113
3802 4002 230
1867 3264 755
1029 2319 3491
2025 3613 2512
1616 4231 470
2235 2928 23
4535 4590 3348
3709 4855 4291
4189 4300 891
228 1201 2129
2638 2975 1461
4970 4997 3613
2723 4363 3210
1479 4456 1467
2101 4093 3950
4844 4974 4735
3026 3316 4737
4984 4989 4313
4987 4998 343
844 4417 4105
4476 4865 231
3723 4646 2912
899 1507 2888
3569 3730 4352
269 1080 915
4808 4833 4630
2016 2490 1008
4106 4446 3512
216 4534 3537
3214 4829 4182
4587 5000 1052
4814 4936 47
3288 4331 2316
2034 4043 2252
2305 4510 2785
3204 4381 3654
2285 4970 4436
3436 4656 4671
2732 3157 1977
713 4943 3930
4901 4996 3385
3427 4061 2573
4060 4386 247
571 2492 13
2630 4349 4197
828 1358 790
635 1014 4792
593 1897 4763
3444 3452 3969
2852 3935 4014
4861 4889 478
1430 3746 2784
4786 4840 2534
2838 4669 2377
1106 1697 3797
1206 2040 4644
1969 2899 3382
1401 2465 2227
1960 3416 3262
4626 4764 3104
3432 3457 1766
554 4933 1574
3280 4687 2514
137 2607 2116
2102 2474 4798
4911 4931 1067
3872 4712 1005
578 4265 4744
2870 4811 4019
2552 3809 4159
648 1580 4435
2680 3796 3621
800 2306 2518
3792 3891 3210
3668 4468 3681
3707 4473 2593
1764 4399 1239
2272 3292 3945
1748 3322 4896
2927 4956 2759
4093 4648 1830
3285 3551 4244
80 2281 2778
2437 3815 2761
571 805 2205
2267 2746 2928
3896 4406 2171
1408 3288 3505
27 804 3543
1419 4357 1654
4849 4874 2960
66 2891 4780
3949 4743 3341
547 2069 3440
1019 2627 2474
549 1165 3801
1893 2031 4870
143 3673 1110
2831 4388 4674
3159 4300 3822
1793 2755 3551
786 4875 547
2939 4622 760
1763 3625 1815
4528 4672 3678
2496 2783 4960
4967 4994 4239
3978 4614 2039
4615 4907 3633
3111 4771 2467
2939 3394 1071
1918 4978 2441
2036 3956 3670
2560 4593 892
2759 4651 933
4243 4765 1356
2655 4320 2829
2242 3989 2691
2398 3071 133
2003 3142 4405
18 106 380
2469 3055 1353
2102 4739 3171
2348 3603 3713
2866 3934 4835
1424 4596 33
1055 3743 4391
2414 3905 4940
4622 4998 1554
679 2770 3532
4732 4947 2227
3747 4274 1286
525 578 2156
3488 3741 4591
1776 2341 3564
591 4948 100
4676 4982 4272
2049 4601 573
774 4253 1005
4658 4721 572
3408 4158 1713
2954 4430 3279
2457 4413 4319
4272 4746 2995
1105 2939 4219
2326 3609 2191
3094 3294 1185
4488 4556 2532
4424 4486 495
4473 4734 1764
3126 3470 3804
3564 3596 2374
2720 2992 3524
4343 4917 10
2627 4863 4223
4395 4682 591
848 3285 2265
1668 2521 4920
474 509 766
4268 4446 1534
3542 4101 966
1565 3293 1504
868 2224 605
2524 4677 1311
723 2774 252
3223 3719 2175
196 3635 1823
4599 4803 860
780 1918 2706
1465 2853 3159
4946 4987 1628
1840 3927 3842
1927 3626 1587
2886 3429 307
581 2461 2641
3225 4398 2178
2022 3467 1250
2566 4538 4883
4650 4664 2831
4538 4956 537
333 774 2986
1036 4094 2746
3533 4557 1729
4903 4970 4535
2596 3520 308
4687 4765 3628
430 983 1506
1728 4209 4858
2806 4122 3278
4226 4894 2269
2736 4548 43
2705 3502 753
451 1954 2407
4468 4907 133
4282 4658 864
3274 3794 58
1320 4193 1841
1111 4599 3389
2745 4303 2383
2596 2686 4410
3481 4791 4113
2769 4379 4195
1675 2202 3589
1748 3364 4128
3687 4301 4500
4092 4387 2472
551 3356 3200
837 1889 4412
3379 4640 2545
3163 4701 3655
1120 1172 3394
4363 4455 1620
4449 4936 2852
4634 4641 3809
3988 4456 2404
909 3127 642
744 2745 553
1850 2939 1464
569 2401 3807
656 3312 417
2827 3162 4561
676 1788 4179
1627 3804 2522
690 3486 778
1068 4482 4390
4287 4510 1503
4474 4893 4835
636 1444 4378
3024 3923 2066
3038 3880 1066
1661 4865 4992
2925 4755 440
2973 3792 3925
4147 4566 574
3650 4102 642
1926 2007 2522
2210 4216 1416
871 4152 865
1762 4258 535
469 1505 4096
804 2519 2326
2747 4755 3927
3675 4618 3556
4185 4578 2388
1629 4607 2173
1870 1907 4810
3245 3618 3122
811 4159 3737
3087 3255 3697
2800 4066 4196
69 2388 1661
3071 4789 3553
2319 2547 4648
940 962 3004
1697 2533 3769
1455 3797 2354
2534 2608 4666
712 4581 459
4659 4960 1017
4146 4938 709
2619 3560 4833
4632 4659 1808
568 4184 78
4462 4780 446
3944 4000 3910
1771 4247 1037
4466 4598 18
4599 4825 519
1054 2494 3740
4878 4976 2625
1026 3637 4071
1252 1834 4542
340 882 2566
3538 4702 968
3308 4054 4654
1854 2039 2164
3195 3772 991
4499 4600 516
4160 4851 1496
604 3076 1258
542 2932 1637
2232 3031 2492
3029 3293 2103
4621 4893 4404
3098 3426 923
4483 4590 2165
127 2577 2800
4788 4795 4438
3570 4298 1347
4311 4397 3633
2576 3179 3928
2078 4751 4834
4092 4268 2009
3 1773 4922
973 2923 4190
560 1549 536
4529 4777 2590
3195 3295 777
3201 4541 420
4978 4992 3827
4074 4713 113
1305 2119 409
4240 4698 3438
3572 3973 1762
312 4171 3912
2181 4790 3100
978 3190 4236
2722 3310 4343
2406 4207 4050
4775 4882 3284
459 3866 4733
1546 3377 228
4414 4971 4527
2293 4590 1525
4210 4755 258
458 1076 3113
1840 4047 2195
3440 3513 669
3420 4595 127
2433 2594 2893
2339 3225 1445
1770 3217 638
3152 3450 314
2070 2717 2642
2924 4972 3293
4613 4947 142
3465 4515 1581
4587 4828 2737
539 3465 1568
704 2997 1566
2881 4205 2970
1815 4901 3147
3314 4626 3090
2456 4758 1099
4379 4674 3736
4514 4792 2139
3785 4617 787
2647 2998 4978
940 1576 2887
1438 4782 1327
284 4338 3197
4999 4999 2620
2057 2103 3975
4533 4633 1452
4002 4877 3568
2739 3872 3938
4994 4995 298
99 4771 2029
1187 3590 1573
2967 2979 1423
3649 4192 3249
4922 4992 4754
2476 4945 698
2661 4485 4987
4434 4853 4264
2860 3553 3132
1959 3077 251
4426 4619 2310
3856 4100 1375
2274 4416 3622
2884 3961 2602
3876 4590 1594
793 4417 194
2871 4248 4666
3999 4229 4529
3114 3538 275
4762 4953 1582
1174 2912 2183
720 4548 3299
1915 4512 2613
3615 3974 2919
3899 4603 547
3198 3954 4962
2162 3196 3412
1324 2842 1063
4213 4303 2158
2407 3382 3251
4842 4850 1803
4921 4980 1908
1362 3563 2544
2541 3164 2549
4524 4703 3677
4824 4861 3315
655 3741 1904
1901 3777 1932
1060 2035 4300
1511 1911 4328
3929 4640 528
520 4375 1533
617 957 4709
136 206 1139
415 1725 2000
1021 4660 4819
4179 4558 1608
3856 4089 4272
2322 3151 3685
2445 4439 3467
151 724 4035
69 406 4738
2502 2540 1951
514 2252 1081
1613 4719 3030
4947 4992 92
3329 4451 3294
1633 4704 255
3881 4701 3815
3854 4657 1226
2224 3712 4096
4760 4780 4212
1113 2677 4232
1525 4804 2385
3893 4885 4752
2551 2837 3244
1558 3288 1346
1124 3357 3842
4777 4790 371
4859 4888 4778
2946 3655 33
3523 3905 4509
3120 4956 3218
500 4475 686
191 4781 664
4129 4784 997
499 4033 1061
1178 3325 4818
430 781 3013
1621 3426 2779
2503 3580 2391
2360 4099 1854
2101 2798 3129
