5000 5000
3042 4638 1916
154 3638 3292
1373 3780 365
4572 4770 2779
612 1434 4225
4118 4320 4844
4312 4925 4631
1624 3871 777
327 500 3590
460 4542 1335
2747 4460 239
4662 4749 2968
1247 2194 4475
4200 4414 3211
4791 4899 2386
4826 4977 3123
3704 3916 591
4002 4732 2324
1100 3718 1415
4833 4851 2017
3520 3729 711
2618 4424 4496
205 2589 3592
1140 3128 408
2951 4111 641
1920 2968 3437
926 4967 2368
4347 4964 849
1925 4520 2286
2310 4191 2122
1037 4805 4340
4853 4864 3399
3139 3561 4347
2819 4949 2994
3262 3490 1298
451 4448 3195
4195 4650 1681
1763 2231 2025
2634 4882 1659
3691 4525 1048
1164 2445 2176
2316 3142 2074
3546 4177 946
3467 3658 2613
4947 4979 4617
1582 2570 3289
866 1352 2252
3396 4011 4572
241 1529 551
1678 4449 861
2474 4846 4194
92 2167 1797
1165 2009 4586
780 2664 1723
628 4125 2813
2161 2353 3434
3470 4779 4421
1498 3239 1443
2335 4631 330
3306 4935 166
2268 3654 515
1179 3092 4906
2225 4578 1613
2655 2928 3794
169 4890 1384
2077 4667 4934
689 3475 4762
2546 2903 4552
3431 4572 4018
394 3186 321
2118 4762 2510
3911 4379 4182
4787 4925 484
4400 4516 2810
1724 4138 1582
1533 3679 1577
4508 4589 860
4017 4815 4364
107 313 1595
4666 4877 1085
3845 3935 2213
4934 4991 4073
2295 3074 3032
2448 4349 3359
4765 4984 603
4690 4821 3338
2679 4489 4377
2774 4405 2407
748 1658 2896
3949 4425 3276
4066 4545 2680
2871 4700 917
1006 3037 4182
4603 4828 4383
876 2369 4498
2567 4742 4194
4652 4922 1521
4072 4679 2341
4372 4433 3912
1336 1954 4404
567 1828 3181
2251 4421 3751
2208 3811 1185
3263 3678 4796
544 3052 2804
1730 3307 519
4881 4984 1810
2498 3457 4773
1487 2731 4964
4904 4935 4463
2693 3866 1575
1372 1908 732
4887 4900 22
1708 2501 3877
1530 4960 4111
4777 4936 2201
3562 3910 1849
218 4948 2725
931 938 679
1680 3370 1813
3738 4686 325
3738 3936 2862
3612 4574 1353
4275 4920 2163
3699 4241 3273
3557 3945 4667
1394 4559 1348
4594 4940 740
4974 4978 3690
3772 4239 1247
2787 3574 3672
4249 4877 4070
3319 4242 1214
1650 3040 3577
3346 3951 1251
1497 3435 2967
3545 3587 2841
4462 4955 440
3903 4021 2508
401 1216 12
3657 3705 4078
3044 4539 2544
941 3792 336
1967 3330 572
2901 4607 4046
2921 4822 1435
319 4238 1074
3975 4264 543
2059 3851 1435
2146 3603 4973
54 4827 1850
1065 1374 3947
3899 3970 1642
4178 4482 2823
4636 4734 764
4393 4558 4049
2892 4722 3921
2570 3459 3210
965 4085 3041
695 1395 2561
1075 1475 3051
240 4497 1421
1058 3877 2334
1552 4628 522
736 3086 3718
3905 4070 4651
2299 2906 4896
573 4030 1754
4602 4730 3949
4157 4554 2018
2907 4352 2216
2650 3246 4130
617 2369 3597
3300 4166 4218
4048 4491 841
618 3798 4249
2601 3976 4543
1231 4392 4091
2606 4226 3464
1753 3266 3151
2528 4250 1581
2685 4723 4400
3874 4990 1288
3975 4639 4354
3264 3689 1420
911 3997 3731
1511 2895 2498
4909 4922 4286
1509 4153 2157
2287 4975 2476
4519 4696 1043
1660 4039 2060
372 989 1056
3343 3865 530
1471 2176 3218
3724 4043 1781
3053 3314 4744
935 1191 2912
1791 4850 357
827 4420 1133
861 2190 4354
310 835 2894
1442 4214 2970
930 4195 3006
3018 4710 1043
219 3783 4261
2358 3485 1042
2466 4410 1155
3470 3763 1210
673 1520 1973
373 3620 4740
849 2701 4783
4362 4651 3325
3609 4498 4700
180 3404 2252
2287 4123 212
1456 1899 2168
4826 4867 3271
4623 4808 3064
2817 4139 2963
4750 4935 4933
3023 3378 1657
2515 4867 3008
2882 4209 4111
3968 4827 70
2303 3434 3433
1738 2348 4915
372 2978 3862
2353 4855 3896
1777 4048 4824
702 932 4878
2124 3031 350
3032 4282 3420
1810 2993 3755
4162 4829 4315
883 1839 3582
4139 4854 2549
2551 3181 4097
3794 3811 3472
3307 3920 599
221 885 2282
2145 3327 2479
4943 4972 1190
2230 2539 2070
1243 2878 1124
3811 4968 2169
4362 4992 852
4458 4536 1138
614 1942 1424
2498 3473 2656
1089 2508 1735
1369 2624 302
167 4126 4919
4792 4905 4881
3617 4999 2065
3615 4818 2890
4715 4815 3005
323 4629 2650
4590 4868 4694
4174 4829 3546
2514 3091 70
796 1733 935
1062 2588 4661
2121 2879 782
4615 4892 2333
4619 4659 4221
3349 4497 3483
670 2702 595
2888 2937 1041
4818 4822 489
1826 4583 4803
546 3340 2740
1131 2303 4763
2365 3446 3648
1940 2268 4446
1260 4632 2820
4634 4762 3139
610 4611 2892
1823 2185 507
1383 4458 3453
3990 4050 1256
4314 4586 114
2245 3364 3351
96 3774 2139
3465 4794 3198
2750 3678 3771
1888 3986 2147
835 4825 3062
3832 4361 182
3430 4524 1334
636 2080 4706
1879 2724 4269
4851 4901 408
2147 2358 3735
3145 4201 4990
4016 4559 1220
4880 4918 3929
2970 3471 4106
3108 4334 953
2680 4038 1717
3089 4530 1527
921 2455 3688
2141 3457 4404
3435 4590 300
225 1788 2864
1925 3297 3696
4566 4641 1222
2487 2872 4531
3400 3684 428
557 918 4500
4448 4498 985
2727 3135 4793
1406 4100 104
2811 2818 1374
2009 2063 1184
3968 4159 2880
4689 4862 4051
2044 2775 4348
2927 3115 786
2627 3169 1828
1651 3800 2039
2811 3517 3646
480 2125 3497
1440 2139 2014
2154 3764 4804
3611 4161 1594
2480 3278 3049
3864 4228 2350
3371 3920 3550
4116 4472 1066
2248 2888 796
3235 4943 2600
328 1915 3279
1656 4640 4516
1919 2300 4834
3403 3502 4159
3827 4333 1280
1819 1967 3498
3220 3678 4638
2063 3350 4983
786 2182 3219
919 3648 4036
4474 4483 3112
267 2420 2128
3830 4033 4152
3252 3778 1755
1340 2196 3097
1344 4348 694
2596 4213 2934
943 1162 2489
821 1215 4750
2761 4695 234
4732 4865 4623
2360 4110 4234
4517 4883 368
2462 4286 4926
4677 4933 3647
29 3491 4538
3548 4364 912
1930 3763 4322
3634 4913 3636
4691 4966 3309
79 4350 2747
4055 4871 3201
2637 4374 1339
4004 4061 2667
1690 4338 2091
953 1184 3824
4566 4872 3896
1065 4086 1396
2802 3219 3505
464 752 3022
502 4596 2151
447 3587 2722
2654 4913 1100
601 1353 1702
348 1093 2823
2486 4291 3528
3803 4785 411
2673 4072 1797
2306 3539 3429
3603 4499 4248
250 4019 4693
4570 4643 1928
3990 4287 4542
1666 4455 2587
520 2398 1067
4914 4968 3632
232 4860 3227
3479 3770 4853
4892 4895 395
1440 4034 4172
2257 3022 3069
1135 3770 3468
3206 3341 184
3919 4077 3986
2327 2594 47
4681 4870 4397
3222 4664 361
4165 4733 4964
3177 4669 3013
4943 4945 2457
4763 4992 44
1037 4088 2343
3049 4628 813
2237 2296 3473
1449 1697 3322
4892 4894 3707
2345 4518 3675
1297 3743 1897
4125 4311 4897
243 3670 3354
1125 1489 2837
998 2292 2318
157 4612 667
3960 4729 3642
3959 4747 4353
3643 4966 2717
1941 2722 3501
2931 3471 1844
3471 3777 3862
2013 4112 2559
3278 4529 4588
668 962 3736
3164 3477 2559
407 1627 4343
3122 3228 4901
3361 4390 2224
1639 4902 282
1688 4702 1475
3481 3683 1731
1183 2488 4366
4693 4960 3739
4202 4609 487
3288 4493 2615
1898 4833 2673
244 2968 2342
2823 4141 4045
477 916 4393
898 3752 4538
3722 3960 4176
4669 4735 979
3839 3875 437
4107 4296 3536
366 4409 189
143 4367 701
4958 4994 1667
2720 3919 3290
2808 3720 4627
1534 3533 2910
604 4714 1470
3601 4616 3911
3550 3877 3612
3954 3977 2895
2509 3995 2954
3220 3991 4033
4169 4545 3186
3341 3421 3418
4985 5000 2903
2583 4516 729
3562 4470 2203
683 3323 4336
1562 3212 1842
1784 2244 2802
3764 4158 4586
2012 2565 4385
1634 3537 3507
2908 4721 3123
4209 4593 4695
435 461 720
4787 4990 4753
4464 4551 1187
2510 4008 4541
1586 1680 3879
3414 4139 91
2621 2996 581
3464 4678 594
797 4065 1280
4503 4705 4445
1484 4823 3294
2050 3182 4742
3467 4229 1940
2889 4982 550
2977 4587 2617
4521 4953 210
2923 4950 4420
280 2996 720
1203 3674 4144
4307 4627 108
3432 4189 534
955 2040 676
798 4850 3709
2762 3993 2560
1289 3731 1306
3826 4854 2334
1339 3274 3407
2104 3459 166
1477 4732 1988
681 3257 3079
1376 1512 4766
4391 4962 4688
3364 4485 912
1433 2251 2559
1455 4411 4215
1167 3490 2240
2708 4996 1527
1017 1665 3065
614 3943 3496
4078 4716 1805
1045 2869 1829
3299 3585 536
1040 2131 4094
1448 2597 1532
2901 4786 2279
2227 2535 2295
1799 3527 35
4833 4916 1146
2028 2620 2112
4920 4940 2787
3932 4565 4363
2814 3940 4303
3272 3477 4781
4742 4869 2519
1218 3385 4966
493 613 3090
3839 4277 666
906 4120 2866
1884 4909 3823
4435 4468 4651
3516 4704 738
3591 4454 1188
4924 4991 2688
3209 3553 4155
4103 4571 3710
4425 4877 3256
3878 4998 2308
1179 1302 1794
3280 4957 3444
961 2451 981
1446 1651 3228
4989 4997 2245
4770 4963 1320
3287 3572 2294
1376 3954 2173
1424 4972 2081
1427 2169 916
1301 2198 3812
1694 4043 1739
1823 2892 2302
3074 4934 2321
2288 3356 1924
3592 3825 4780
3985 4813 1648
397 4589 1011
3171 3447 1740
888 1294 2197
648 820 1126
2381 2482 3886
4465 4501 3078
2660 3184 3408
4661 4918 164
2319 3532 4301
831 2491 1265
446 1863 2053
789 2432 790
775 1481 4952
1745 4186 2028
134 147 3709
2836 4115 4408
1097 1158 3779
552 716 1757
903 2126 2951
3625 4524 3848
488 2628 3590
3834 3915 2298
2483 2551 3011
2541 4729 4868
2993 3056 3595
1753 3735 1647
429 572 2372
155 925 915
1683 2297 4435
3072 4641 2904
4352 4843 4148
461 3241 4211
253 4797 4410
4619 4922 51
145 2555 3038
1594 3285 4456
4551 4594 2275
1603 2033 2122
4142 4781 239
4080 4858 4415
1459 2088 2554
4708 4901 600
4757 4802 3030
116 708 1183
4671 4889 4730
2766 3711 4117
1546 4135 3207
3431 3736 4733
1463 2113 4556
267 1042 2318
1007 3370 3947
2359 4999 4328
3658 4897 3725
1295 4592 3045
4231 4658 3717
4924 4931 4785
2582 2998 4781
4170 4404 2781
1439 3750 2838
3511 3980 2836
436 4515 471
168 2292 802
4400 4590 3399
2133 4797 3418
206 454 6
3528 3775 1651
3215 4886 3763
2737 4361 962
4008 4870 296
397 2544 3726
2969 4409 2227
4120 4500 3920
562 2911 4777
3 4045 4203
10 362 4968
1664 4998 1764
4502 4549 3521
3665 3686 2327
3718 4816 2073
4216 4805 2484
775 3705 3544
4806 4956 614
4600 4674 3309
2372 3129 1360
3830 4895 3424
1291 3352 2709
1520 2669 920
1873 2774 1733
3270 4569 4515
4528 4590 742
2013 3668 3274
4404 4742 1889
2385 4551 577
4277 4719 306
4702 4727 3529
2369 2896 1187
4397 4789 739
2299 2854 2792
847 4845 222
2896 4637 1936
4170 4293 827
3821 3860 1006
2825 2919 3181
3377 3607 1512
3137 4591 1683
1143 4595 3892
762 3634 2897
3655 4534 3003
951 1712 1917
2990 3414 3920
3046 3490 1306
3599 3874 4614
2389 4912 4754
1968 3002 452
3879 4081 4976
1166 2121 2268
1164 1348 3643
3525 4012 3975
4892 4982 566
1199 1978 2468
3712 3890 4532
158 3597 3829
4970 4985 1745
1364 4922 2186
2793 2983 3262
698 3706 4166
3731 3993 2067
4777 4806 3264
1667 3460 3217
3779 4547 4526
3923 4967 1770
2622 4879 3541
1949 2883 733
3481 4400 1740
604 1465 3928
340 710 2169
2110 4501 1030
4880 4910 3596
2930 4299 776
1676 3419 602
1494 4897 3827
4193 4560 3626
1505 4629 1121
4592 4914 2469
1862 2082 1136
1141 1533 4591
1581 1977 1433
1741 3709 2546
3650 3926 4051
2044 3223 1724
4459 4597 4129
3383 3986 1342
3660 4921 2140
2211 3160 3814
2010 2740 4943
3585 4277 1341
2 1470 1724
2173 2527 4965
2147 2922 4816
2767 3234 4889
2366 4658 4357
2938 4333 2208
3918 4416 279
2732 4378 410
1010 3254 1101
810 3863 3588
3772 4085 3162
3570 4750 43
57 125 4781
4035 4985 4747
4644 4985 3385
3039 4472 4633
2145 3426 2056
647 4678 1949
2295 4467 4427
2598 4707 309
601 2311 4214
1763 2266 3056
45 2245 1136
3170 3819 79
1807 1918 4281
2340 2785 4086
178 820 3131
1781 3666 4511
2535 4775 2852
4170 4391 21
4671 4833 843
854 4106 2219
4017 4616 870
2890 4092 4594
4306 4600 829
2176 3579 2043
4223 4407 3661
2631 3312 1343
2642 3525 1176
1970 3679 570
286 1567 265
2099 2378 237
3384 3555 4632
4009 4351 4919
1545 2029 1390
3283 4340 1371
4125 4838 4447
4339 4705 1561
3775 4955 2499
1543 4828 3929
2530 2821 3024
519 1643 4988
1394 2768 1837
1594 4400 3110
2074 2552 3384
3942 4866 870
3242 4816 3107
3612 4538 1763
4906 4963 2529
3289 4787 3339
880 1186 183
4281 4316 4425
213 408 3621
1667 2066 4829
145 1802 738
352 4619 2080
4721 4752 3502
344 3386 1555
4913 4988 4826
3507 4145 643
1782 1852 3591
3962 4972 352
2881 3177 4476
582 3740 4705
201 812 3436
3525 4579 2254
3460 3490 4685
1127 4402 4170
375 888 339
2126 2733 387
1616 4100 240
4361 4922 1166
3512 4527 1164
4749 4830 2866
4836 4926 2492
2353 4751 3218
3179 4943 4154
3385 4391 1134
2569 4431 3320
4918 4989 1425
198 2107 474
756 1270 4347
2690 3500 4943
37 2452 2779
4477 4939 2712
949 3081 2497
3807 4732 48
466 3663 826
4235 4319 1767
2607 4006 2385
2332 2406 3588
4826 4922 2666
3067 4003 1817
1785 2641 333
4417 4632 2755
4829 4985 2959
172 3923 4618
2233 2727 3109
2640 4125 3145
3088 4885 3989
547 3790 1056
1141 1886 1588
2423 3309 1633
4939 4939 2741
565 3994 431
1991 4163 433
1171 3384 503
65 4356 1240
1880 4610 4270
3621 4067 4361
3177 4252 2777
2194 3952 1942
4232 4453 3893
2262 2663 3580
4020 4491 1864
1819 3991 599
1084 3823 1179
1527 4667 2021
2635 4992 3245
4750 4850 3988
3668 3952 507
1971 3171 857
3706 4543 1878
4406 4604 1010
3373 3490 1503
651 4627 115
4020 4711 4290
4119 4712 4095
2258 3983 4504
4585 4597 2052
2236 3258 2689
4776 4930 908
980 2724 4016
810 4908 1248
2699 3595 1983
2401 2911 172
2113 2376 55
2108 3587 4219
4476 4948 4104
3950 4786 4572
3665 4906 1081
1034 4858 3663
1826 1905 3837
3609 4149 1578
1292 4077 4360
430 2319 843
951 3868 112
2779 4693 859
1007 3386 2964
3149 4791 3167
2336 3208 1323
3967 3986 2364
2193 3927 4552
2208 3745 1758
4624 4736 4518
367 3961 2413
1059 3700 3382
2580 2883 3016
1547 3427 3006
2376 3891 274
2919 4257 1017
1359 4475 1084
4992 4997 970
4257 4980 4426
4880 4980 3748
1498 2196 459
50 2667 3452
2013 4943 3052
2136 4792 3693
3608 4046 1862
344 4331 4477
4163 4883 3377
3483 4184 3347
4236 4474 4963
3808 4777 2205
3018 3711 625
1433 2219 1464
1525 2899 2644
1424 3054 2897
4047 4499 4592
856 2069 237
3973 4102 491
2062 2881 3258
2381 3166 2834
2980 4321 4235
2841 4301 1307
4281 4691 4183
2136 4784 3889
1154 1501 1175
1518 3552 3072
1785 3140 3182
3462 3619 1416
3089 4497 745
2503 4937 2373
201 206 4685
1631 3924 3881
3662 4739 2599
4989 4999 4056
439 3443 3492
2105 3438 2003
4407 4632 4783
3631 4124 2592
4811 4982 2552
2310 4552 4190
2341 4123 1666
3267 3458 83
1187 2112 2217
3591 4887 3172
1508 1911 397
1054 3905 2329
315 424 4621
24 1042 1882
647 3556 3719
3785 4503 4021
2587 2814 3412
2902 3095 3895
253 2771 991
1008 1047 2416
1148 2072 3732
730 4995 2362
181 2977 797
1030 4653 4438
3831 4131 1859
1052 4459 146
1679 2281 3976
4518 4691 2649
355 794 663
3807 4421 1211
4892 4975 4148
54 584 2437
4722 4846 2397
1091 1566 1668
3973 4234 3744
1692 2115 608
3228 3694 688
1360 4287 2173
1475 3650 1326
4689 4753 1267
4698 4898 4361
3999 4589 17
4636 4823 4677
17 234 4170
2861 3840 4856
4201 4798 524
2274 4760 1310
4441 4803 3075
1972 2193 158
3326 4644 3663
969 3108 1848
4345 4635 3319
4248 4937 659
3722 4037 1715
2164 2178 4388
1275 3411 4668
4707 4772 4153
4102 4448 2233
3592 3978 3883
11 4096 741
377 1799 2658
4018 4223 3833
3485 3856 2041
2426 3647 1193
286 2405 4922
1468 2986 103
4086 4221 1380
1612 2160 2538
4154 4172 439
3058 3748 2917
2131 2905 3754
9 3492 4955
4472 4509 206
3410 3893 92
4297 4863 2571
1193 3797 4894
3968 4488 1072
1643 4868 4114
1202 3284 3746
3681 4591 2446
1607 2135 2945
2503 3801 276
620 2521 1553
3783 4931 2723
4790 4927 1182
3466 4996 4856
243 1746 675
2228 3392 3188
3349 4974 46
4075 4255 982
2612 2975 4172
77 141 1783
1516 3630 451
1517 3739 2286
3262 3388 3324
2435 3897 3250
4662 4709 2768
1366 2525 2288
2198 2932 887
4055 4367 484
4515 4515 1894
92 3023 1368
1491 3476 4168
1297 3651 4119
3945 4331 3943
115 641 3899
1731 4190 284
1851 3567 1312
2717 2865 723
4742 4964 3430
2404 2865 2846
2847 3083 3464
3413 4076 3859
4770 4965 3503
4422 4775 2662
4506 4515 937
559 3983 4405
745 3196 3522
55 1374 1854
1483 3754 4729
1140 1925 4883
3278 3742 1748
2327 3245 1836
4748 4821 1850
4989 4993 515
355 738 4941
3847 4535 459
2796 3325 2659
3618 4205 1344
1025 4556 4033
3202 4637 3746
1320 1983 4885
3888 4595 2924
3386 4871 2103
3597 4019 219
1512 4612 634
1251 1445 2635
4038 4768 407
1948 2130 1420
3853 4030 2124
4490 4829 792
83 3531 774
3618 4764 4115
4075 4131 1454
1657 4500 2283
3118 4278 1614
4286 4466 4792
130 4990 4093
914 1780 2407
3908 3925 3007
2319 4404 4697
3769 4926 3065
2429 3069 999
417 4939 2330
566 3457 388
750 2858 3102
4747 4810 1624
3852 4495 3046
942 1599 3080
4450 4733 2350
750 2565 877
2271 3047 1917
4101 4542 4525
3961 4278 34
2470 4021 4171
4017 4093 2429
2413 4080 1339
999 3541 4129
1927 4723 2951
2741 3029 658
1287 3965 1192
3439 4941 3821
2296 2878 3446
3543 4621 147
3049 4770 3239
2686 3021 3889
2085 2873 359
2685 3148 140
1516 2366 3802
966 1516 1539
3039 4622 1204
3685 3990 966
112 2000 2289
2796 3190 3372
4050 4391 4682
1888 5000 1396
2765 4657 4329
3924 4192 4614
4969 4986 3538
3268 3602 566
1233 1728 4327
1232 2897 4465
1693 2146 1567
1157 3773 4671
1077 4926 2213
2820 4554 4512
763 2251 2067
4730 4767 3826
3977 4961 3110
1835 2801 4171
741 2451 1720
4250 4309 3474
2658 4442 4179
2393 2461 3610
1274 4660 3097
458 3875 3143
2545 4414 1593
4200 4978 4593
3818 4846 4257
295 1751 3301
667 3741 1302
1138 2174 4867
4025 4747 3026
1574 4314 4319
183 2648 3771
2773 4568 2497
51 1646 2260
4443 4850 1491
197 2297 3487
478 4021 2863
1023 4801 4706
4404 4694 1529
4915 4968 4116
4029 4091 535
1057 4740 309
2548 2758 4741
4467 4708 3519
4073 4475 1977
4889 4963 1231
4291 4612 3742
2598 3444 4572
4331 4864 3090
3823 4780 55
692 4709 936
4274 4318 1550
4248 4345 4993
940 2852 2032
1677 4810 1011
1291 2380 3714
1935 4431 4297
3671 4663 3233
1066 1224 431
998 3944 1872
1062 4186 4665
1843 3072 4329
2628 3729 4510
766 3633 846
4246 4370 1427
4298 4931 1688
4439 4852 4354
4826 4837 33
3639 4582 1980
4151 4872 1610
3846 4824 3499
947 2064 4822
3031 3529 3349
4917 4983 161
4151 4992 2094
264 4258 2002
3919 4144 1195
321 1014 4729
4087 4778 3294
3080 4819 81
2382 3662 2868
3217 3363 4490
2503 2767 1242
3525 4282 1998
3937 4281 72
3380 4710 4140
3142 3540 4642
4987 4997 1128
1198 2224 1192
4785 4861 3253
975 1934 2627
4982 4993 3280
460 1528 3479
2160 4143 1191
3821 4985 3269
638 1231 3541
1549 3744 2338
3792 4182 36
1560 2110 1241
699 2739 2562
2348 3805 2713
4155 4265 614
3133 3474 2439
1352 3568 3649
2190 4412 2698
4384 4520 3544
3700 4348 1123
1446 1906 1679
3367 4358 4310
895 2492 3427
304 1514 1895
1416 3016 614
3003 4750 3071
2310 2595 2894
508 2853 4093
1135 4909 3588
434 2347 3214
681 4482 4395
3890 4830 4771
1358 3806 4140
3687 4947 790
4498 4585 3261
3049 3999 4284
3772 4946 910
2409 4254 4835
3756 4341 1748
4188 4781 2732
2903 2909 265
2301 2492 91
4394 4686 3106
1313 1711 3336
4410 4900 1251
1905 3058 4873
3317 4377 2126
3970 4195 1993
4077 4486 118
3049 3837 3758
3134 3792 15
3961 4912 3721
1895 3775 4492
613 3374 4829
4944 4975 1441
4980 4995 4564
4932 4986 2581
4613 4995 4111
3202 4103 4292
1416 3463 2651
3458 4807 4385
454 1615 1197
3372 3633 3843
2567 4299 4910
3117 4890 2325
1182 1572 4457
438 3001 4733
4592 4706 373
4962 4987 173
3909 4919 1966
4093 4803 1501
3527 3867 2675
245 1171 1785
27 2997 3685
2461 3057 4635
897 4509 1503
2012 3606 387
387 3545 2474
67 1027 1139
4167 4875 856
2998 4548 1076
4414 4645 2136
2997 3608 2877
3420 4660 4766
4720 4973 2098
2408 2675 1356
134 3846 4692
4207 4522 3716
4629 4967 662
1643 4835 2323
893 2485 1131
3220 4179 772
3832 4582 4284
2354 2806 3578
4689 4714 2041
3532 4023 3866
1086 3159 2307
3446 4181 2237
929 1909 2356
1545 2998 2668
4482 4894 4000
3411 4335 1378
1236 4625 109
4676 4875 1856
2309 3820 200
2367 4803 4764
716 2578 3656
360 2862 1976
2547 3403 3945
77 3600 2348
760 4167 3162
408 1836 2586
657 3794 4033
2947 3042 3221
3503 4844 4822
1947 3143 1123
718 1754 2605
28 2157 2006
3123 3508 1534
2531 3968 2709
61 2248 1624
3699 4853 1957
301 2243 1739
236 1214 2499
2206 4676 1190
4428 4543 380
2664 3990 4058
3030 4753 80
3393 3883 816
3169 3630 2418
198 2876 4921
2504 4932 223
3816 4373 429
1302 4817 970
947 1854 4369
2095 4779 583
2386 3090 2742
2787 3591 1453
746 786 1796
2292 3075 2819
2793 4310 140
484 1804 3632
208 2964 2781
1145 2484 344
3828 4904 450
1640 2160 3093
3332 3908 4763
3757 4757 529
1480 2235 4857
2197 4875 3902
1576 4605 990
3232 4278 2188
338 1727 2042
1254 1866 2658
868 2715 2975
1899 3529 4076
857 2829 3569
2023 3886 2124
2002 4748 2489
354 4748 3180
1774 3841 4647
3628 3672 3350
3251 3883 4069
993 3630 1081
265 1694 1598
3881 4545 535
2536 3456 2364
328 1361 42
767 904 4194
2426 2660 2364
4645 4711 1653
4383 4895 2652
801 3064 4400
104 669 2263
242 4887 4823
1304 2777 4784
3608 4481 241
3849 4651 1415
3641 4166 1752
4443 4871 1902
3683 4016 974
1990 4208 2071
2572 4215 749
1912 4362 4062
913 2174 4547
4439 4905 2144
2914 4575 998
2488 4621 152
4384 4875 3302
2912 3072 4780
2168 3813 2036
4613 4981 568
3296 3359 1114
4479 4665 2167
2894 3993 1430
255 4488 3736
2899 2907 2195
4271 4711 2895
411 4036 1777
4116 4340 1267
385 4015 17
3279 4020 4735
692 4008 724
522 2514 4784
2362 4926 4823
3812 3942 2752
3106 3403 1353
4616 4865 794
3764 4378 766
3769 4517 1731
2987 3878 2403
1457 4118 2037
2072 4620 764
3292 3865 4066
4550 4626 2791
1085 3529 1881
820 904 4874
155 3363 1633
2112 4684 1369
818 1053 4450
1548 4831 4293
3814 4310 4198
2686 4961 1943
1866 2240 4049
3528 3975 2645
2789 3070 4062
4809 4813 180
57 158 2917
2775 3255 2658
2877 4929 4872
2631 4737 3825
2868 4492 1654
1871 3744 3478
1608 2772 3050
2370 3876 377
3044 4855 4054
1256 4897 3558
1549 2592 4164
4946 4980 2212
1256 2895 3096
3000 3228 4309
2307 3985 4446
2597 3467 237
4680 4826 4356
1922 4467 2091
4177 4592 1788
1137 4170 1372
2702 3573 3542
3684 4855 4282
2516 3412 430
3117 4697 56
4434 4808 3038
4660 4726 535
4926 4931 72
367 1305 4289
3169 4556 4535
1905 4635 2111
2384 4436 1983
4746 4894 4867
4701 4712 207
4319 4773 3779
1392 3231 992
3480 4008 618
1350 4190 4787
1921 4995 3331
2745 4115 659
297 3353 4964
3575 3923 1731
827 2543 4344
2368 4259 1446
762 2429 45
816 957 556
3329 3436 3149
4267 4456 1447
289 3806 1797
4612 4739 4337
2579 4348 3658
468 2381 4343
3971 4952 921
1655 3082 4732
4117 4516 635
3092 3351 3016
1525 3416 591
1842 3893 3548
1648 3810 2112
4508 4582 1303
4447 4491 990
277 411 1365
1911 2881 1133
1082 4538 2170
1478 4621 1327
38 2234 1009
1809 4989 2552
2582 4777 649
2533 4965 994
3898 3956 2179
2112 2977 2514
4868 4908 4215
1994 2115 3114
1976 3259 4526
3373 3982 2425
3256 3858 4086
1238 2913 4854
2750 3926 1863
572 3993 881
3975 4322 4043
1880 4558 3093
1834 2785 4277
1186 1499 320
2523 4004 181
2029 3655 4791
3580 4060 4490
4839 4908 1468
2889 3121 1043
2281 4590 3267
3834 4196 1014
4566 4711 3389
2097 2653 3569
4509 4747 2344
2495 4510 2398
1737 4640 2406
1386 3960 1251
589 1230 2199
1786 1930 1718
174 2828 3755
4116 4559 60
128 328 1296
4254 4650 1600
1939 4047 1127
2403 2935 2547
894 4842 4315
2556 3888 4844
361 2198 4533
1795 4338 1381
6 2212 69
2733 4852 1948
4350 4802 2766
916 2950 4081
1500 3453 3775
4168 4213 4739
2751 4055 4895
645 1407 2431
3883 4552 4711
3074 3593 3162
1993 2180 739
4456 4838 4181
4606 4748 1636
3834 4270 4647
2001 2807 4783
3428 4218 4127
3189 4604 3718
1115 2863 4861
3156 3263 1521
2794 4068 1339
4008 4944 4778
1834 4068 4897
2285 2901 3420
1869 4529 3305
1588 4606 2927
1983 3848 2882
1293 1701 4513
4031 4636 4352
4805 4936 642
3891 4695 4550
197 4475 3619
990 1755 44
948 2203 215
458 1626 69
4669 4994 1041
4240 4404 1901
3486 4575 1863
779 3752 2021
1847 2192 2295
1230 2740 615
3034 4140 331
2100 4563 4788
3401 3467 3983
4004 4947 1606
67 2153 1301
757 4140 4635
971 2565 4433
3017 4058 29
1448 2108 3829
180 3251 316
1336 4545 90
3057 4136 1648
4733 4811 1044
4842 4950 329
2208 3011 1652
3671 3702 3230
2703 3713 2164
664 952 704
1865 2929 1193
1063 1198 717
3518 3665 803
997 2091 1454
2543 2685 3303
3776 4974 93
1871 4453 1061
2821 3420 942
337 1241 3655
4433 4979 1896
2607 3181 3251
3805 4927 4401
1600 4089 2861
4629 4980 4030
4381 4943 1880
3841 4380 156
2749 2819 1950
1557 2295 3418
3356 3846 1982
2844 3044 2116
4126 4772 2154
3480 4476 4512
2633 3714 3289
2338 2797 94
2341 4810 3051
1251 3400 2904
4360 4615 664
2199 2880 2427
2423 3230 851
4162 4384 1597
2132 3205 749
562 3519 4966
1359 3007 964
2897 4392 1302
2842 4109 4885
3201 4551 385
559 3670 3951
2294 4334 4110
2124 4991 2088
1423 2815 3474
2209 2326 1436
3879 4339 1616
3109 4011 336
4392 4652 2354
440 4486 1794
2189 2720 869
4151 4384 4828
1700 2249 1834
3834 4573 4754
3406 4234 2994
99 3789 3147
74 673 832
109 663 4066
3216 4699 1537
2735 4001 3420
418 1925 3407
1760 3443 4524
3344 4108 4227
476 2010 1285
429 4294 3679
4953 4965 3093
2539 2804 2636
3271 4081 695
3509 3970 4246
1708 4094 3560
2970 3617 3513
3787 3971 3761
1899 3515 4867
2340 4495 3818
1634 3454 4662
1201 4998 2440
3114 4324 2696
3874 4074 4928
2461 4392 2939
2493 4932 3273
4743 4819 1886
1654 2827 1193
3347 4176 854
4823 4982 177
4339 4738 3226
1474 4831 1155
2476 4247 3413
4638 4702 4411
2655 4163 344
2996 4373 2403
3353 4718 1868
4554 4739 4073
636 4829 3147
4792 4889 2377
1905 1967 1147
1518 2292 2596
1003 4841 4853
4774 5000 3515
1440 3233 2968
4198 4344 4649
2498 2567 4562
3021 4644 612
2135 2169 330
4692 4982 4560
418 626 3885
3790 4061 4792
1375 4624 3995
3542 3941 4130
4418 4899 4179
4917 4931 4206
2596 3282 2840
4548 4988 4161
110 840 1551
1774 3651 630
1893 4238 592
232 697 3980
3465 4159 4958
2490 4943 4257
3115 4298 1071
3689 4302 1406
4448 4617 781
3217 3642 4582
3010 3705 910
4100 4213 2635
1424 2872 4783
3678 4618 257
2739 3835 4933
307 3348 4641
3497 4404 272
1356 3700 1220
4196 4738 1838
4946 4983 3873
2227 4595 2267
4047 4837 2055
395 3254 2588
826 3091 20
3679 4386 1114
241 2371 3085
4097 4171 3835
1517 2181 2213
2709 4932 3834
4969 4977 4188
3882 3897 2203
2505 3420 2371
2189 2445 2149
3149 4305 2139
1992 4157 1442
4051 4706 1026
633 2163 2738
2646 2711 1076
2685 3765 3110
3511 3993 2018
1063 2777 1562
4286 4786 1698
834 4119 4778
1379 3319 2901
3413 4270 2742
3369 4974 2900
2074 4530 409
3981 4075 2137
1393 4880 2671
892 4782 2480
1054 2072 4072
3706 4374 2738
1940 2264 4409
3785 4744 50
1212 2842 801
4820 4950 1942
538 4615 3409
4226 4547 1441
737 2328 829
895 2676 1068
4933 4942 2570
2931 4147 348
3596 4905 2622
3829 4232 4435
1496 4012 1941
2614 4942 817
622 4384 2525
3770 4902 4820
3826 4317 3036
4592 4713 4248
1742 3972 2443
2062 3393 1114
1866 3347 496
3304 4924 2324
4703 4721 1578
3803 3873 43
3667 3740 1229
1363 2276 1611
3856 4936 3763
4494 4529 1482
2835 4069 2686
548 2564 2446
1522 2813 3270
2370 2552 3874
3126 3831 2979
1190 2246 1535
2976 4781 489
1267 3496 669
3175 3546 1409
1877 4639 3552
4466 4913 567
147 862 447
1947 1988 1455
3078 3541 388
4552 4577 3747
577 1875 2572
3115 4688 88
1306 3894 4174
2227 3392 3322
2462 3101 3709
3690 4101 3180
2745 2934 2103
4510 4688 4004
2441 3327 16
2726 3886 779
574 1253 1746
4924 4930 373
1329 1546 794
996 1715 2825
153 4798 4297
2537 3328 3025
1209 2689 3198
3253 4999 3088
2745 3018 2408
4133 4271 1486
1019 4906 1942
21 1160 1120
576 3958 220
3363 4429 3586
1078 2580 4551
3707 4453 4829
3624 4773 977
2807 4705 1841
4476 4996 3283
719 3740 2442
3182 3828 1360
1650 4085 2797
1880 4748 992
4228 4613 2797
2518 3616 1229
4356 4697 2869
3209 4728 3401
2922 2949 833
3530 3911 2917
3990 4495 761
3170 4921 1110
926 4455 676
3830 4004 4017
1119 2218 2122
1047 3889 3316
2655 2776 575
1191 4585 711
14 1315 3286
2529 3911 52
4530 4793 4943
892 3673 773
4782 4818 3025
617 741 1906
2293 3863 3959
2889 4546 1537
3003 3549 1755
4187 4702 2623
4885 4931 24
2871 4433 1015
2585 2983 1382
2180 3945 4368
4182 4771 3223
4635 5000 1188
3087 3229 3886
4148 4367 1834
1894 2874 1257
514 3013 189
594 4051 2477
3859 4225 4099
2734 3927 241
2744 4431 1067
56 1013 2268
4824 4966 800
191 1385 615
3770 4383 3014
2179 4150 4888
4432 4642 1949
4634 4737 1658
4707 4774 4699
4792 4906 3935
3625 4126 3154
1803 4900 2832
4434 4477 568
466 2684 2099
1657 2615 2325
2637 2705 627
1608 3796 967
497 761 1349
4509 4620 1883
317 4367 2289
1136 4128 1935
2976 4577 1286
4640 4802 622
4397 4583 2497
4497 4731 3407
1953 3012 2327
3893 4309 3545
3649 4065 4815
235 2613 2057
4296 4329 1742
3500 4352 2392
388 2150 1040
1425 4540 4909
3634 4765 4285
3026 3446 3301
1390 1667 1794
2101 2867 758
2891 4084 3514
4232 4653 1252
4646 4755 2279
2919 3340 3592
3854 4077 1514
1787 3988 4441
2215 4127 2547
2746 4447 1204
3637 3740 4753
692 1117 4461
1767 3351 1365
2559 4383 2612
3423 3903 2700
2959 3220 805
807 815 1657
779 4537 3057
4729 4800 342
1007 4649 4233
1018 2209 262
600 708 2560
3485 3892 4770
3151 4335 4698
1212 1652 4650
1037 3060 4771
2243 4196 496
718 3167 271
2309 2314 4927
1407 2488 1042
1384 2900 4842
3737 4082 4944
4718 4769 2191
3547 4549 2631
4247 4393 2444
2239 4251 137
513 1967 4401
4391 4473 3152
661 2285 1715
4032 4759 304
2814 4905 1738
4012 4289 229
1686 4503 4978
3694 4136 2170
505 4397 2087
3621 4273 2464
2634 4903 1151
3848 4192 3226
695 2299 3868
2340 3445 122
4321 4997 3375
1598 4965 4008
4479 4717 4523
2663 4296 3787
807 4942 3110
4326 4928 2982
1505 4385 2744
3645 3954 701
3799 4431 1781
709 4415 2877
2870 3572 4416
4800 4869 4036
3668 4538 2446
1172 1603 2653
1976 3586 4757
4763 4919 592
1241 3001 1594
3406 3445 4319
1765 1968 3428
1180 1986 4015
1411 2869 4005
4267 4339 1906
2373 4977 316
3885 4643 1864
878 3926 1506
3178 3996 102
2741 3135 3762
2237 3410 257
385 4993 4452
129 4207 1716
1218 4449 109
2541 2617 1985
511 3431 2121
2722 3860 3870
14 648 2983
3274 4680 3573
1230 2448 1189
3719 4566 3045
2176 2374 1586
48 2713 4795
1422 4881 2589
4091 4279 1272
3116 3391 1083
3824 3989 1084
963 1979 2201
4562 4994 103
1785 2672 3236
119 4752 1930
3855 4664 4127
528 2982 3233
4465 4874 658
1787 4641 822
3088 3945 4310
247 876 3782
648 2557 3535
4981 4993 4907
1320 3953 4681
4473 4539 4092
484 4549 4969
4918 5000 1240
31 3821 4201
4259 4632 3053
1129 4464 3920
449 4904 2465
4492 4876 4483
963 3913 3793
1010 1175 2115
1812 2724 2627
3221 3951 2144
4218 4679 1880
3925 4093 1344
4071 4186 3180
2511 4496 3020
849 3246 4507
4202 4882 148
3122 4442 476
565 1105 669
2056 2504 1392
3473 3801 2205
4570 4599 220
1310 4773 2421
572 2342 553
4815 4935 3240
4118 4320 4518
1002 3365 3276
4711 4881 4828
1052 4019 4211
2974 3050 4332
880 1651 1229
3292 3721 4913
2883 4113 3408
3693 3918 3908
730 4122 1316
2163 3459 1972
2832 2844 4902
1645 2531 3196
129 3122 1409
1596 3747 414
2678 4088 872
302 2438 3664
1139 4190 4374
181 545 4539
1405 3939 2031
514 2925 4940
418 3761 4680
2506 3716 4300
3334 4699 2871
3054 3717 929
2128 3640 324
3709 4722 1056
3586 3803 4597
4535 4560 3307
2144 4818 799
4600 4657 2553
1773 4273 1088
1252 2907 362
3794 4159 2633
3710 4859 2709
4533 4760 3765
833 3883 139
893 1192 1915
310 1677 3333
1461 4248 946
530 4006 1475
2272 4679 4796
2568 3064 3176
2983 3216 2658
2823 3058 625
2956 3852 3688
781 3117 3556
3088 3922 2421
3757 3943 4953
2239 4786 991
2158 3704 3485
3857 4156 667
3653 4827 1483
353 1186 1385
129 4800 2709
4730 4986 3121
2745 3686 530
3635 3864 601
4592 4930 880
4208 4968 3662
4219 4923 251
4983 4999 3307
4831 4963 2300
296 1025 881
743 752 860
1999 2415 1720
2148 4338 4830
2265 2511 212
2673 3611 3862
2509 3394 4562
3717 4228 419
3 2872 1052
725 2940 3178
3315 3507 1355
642 2790 4601
306 2455 1706
1420 4561 24
894 3392 3868
2932 3123 4864
185 3239 1764
2066 4093 442
4478 4602 2487
4733 4836 4260
1764 3375 2900
2400 3306 242
1836 4546 152
4057 4892 4884
3590 4998 4950
518 1145 2888
2969 4582 3052
1242 4974 686
3428 3805 4608
4542 4899 247
3304 3748 837
4215 4507 267
1553 4759 233
3992 4520 1520
4814 4994 4662
498 3228 4955
4919 4947 164
3730 4107 3148
3737 4629 2280
4849 4944 1163
1116 3339 1195
2638 3614 1386
2044 2914 4788
2827 3237 2965
651 3843 2676
2902 4289 900
4340 4749 4505
4173 4870 4652
4371 4987 3808
1402 3124 371
371 2446 4859
4572 4992 39
2961 3612 985
582 4387 1406
2011 4772 2313
675 820 3236
553 3965 4021
2274 2682 3215
2838 4650 1292
3299 3822 336
2479 4445 1243
4987 4994 3002
2930 4057 2401
3486 4512 4623
210 3176 1246
3868 4998 4898
3713 3796 1738
537 4099 4882
3585 4420 4341
4793 4999 4311
2105 2532 1959
3824 4552 417
3304 3637 2245
2075 2905 2785
1079 2926 3636
3222 4883 499
3224 3518 1614
4211 4559 3107
4052 4400 3367
4858 4991 4931
3129 4251 4987
4981 5000 1816
1498 3221 4911
472 817 3138
3803 4127 1747
3386 4378 1727
4071 4702 2932
235 4620 3615
134 1638 1810
1416 3593 1468
2857 3911 3188
1405 2607 412
1173 1306 2042
4311 4637 4322
4793 4901 4608
754 3334 3081
4815 4833 2205
3130 4740 1827
872 3545 4915
1884 2308 4952
739 3478 3802
87 839 3743
1853 2088 1759
4487 4984 3537
3120 4034 1459
3070 3995 1135
647 4828 3945
15 3179 4635
962 1870 283
1484 1682 2267
792 3468 671
4891 4934 3288
4507 4927 3706
3805 4605 887
4647 4677 4778
3731 4871 400
2550 3027 358
855 2095 4770
2311 4314 4291
1591 1804 974
4382 4532 1670
612 1614 97
1500 3797 2717
2424 4389 4277
3357 4416 1110
3997 4110 643
923 1869 503
890 3210 416
3104 3486 2439
4189 4369 4611
3203 4643 4924
4336 4686 3604
1620 1811 143
912 4846 2036
2404 4905 1556
3622 4384 3526
1322 2804 2007
1541 2655 1300
3281 4218 4414
1138 1380 4987
419 3634 4403
1070 2843 2239
2828 3702 1189
444 4417 2132
1720 3379 3322
425 555 1300
634 642 3368
1588 4077 1490
484 3041 3930
539 3780 4028
313 3508 4085
484 543 3539
1013 4443 2935
4501 4844 3489
1587 4741 1085
3455 3467 2998
1971 2425 716
618 4898 1999
972 4693 3382
3210 4533 3759
240 2706 705
4076 4332 4985
4153 4414 4496
892 1190 4505
1906 2944 2881
4394 4526 3313
1428 1884 1396
653 3531 3429
1368 4440 2718
1242 3482 4680
451 3813 3563
3638 4807 2935
3247 3643 4410
4399 4720 2521
1823 2932 18
1003 3245 2790
366 3043 811
2843 2955 175
3902 4584 2968
4455 4624 2759
3283 4336 4430
2370 2607 875
3634 4134 1946
1175 3344 4609
755 2255 2529
1517 3743 3196
643 2941 1121
3153 4171 2345
4321 4522 1901
3463 4253 2256
27 982 1117
3325 4403 390
2837 3764 323
4426 4933 1811
3636 4332 4815
694 3024 4169
3304 3668 3241
78 3235 3482
3641 4289 817
2055 3029 4375
215 2375 4507
1286 2386 394
2607 4393 1614
3794 4187 4400
4481 4944 2563
3108 4902 285
4437 4967 4428
2735 4858 2157
1312 4332 3661
4380 4477 2308
2701 3328 997
4769 4910 3385
2591 3211 1887
1437 2628 421
3368 3795 643
3235 4003 1309
1775 3222 2726
3515 4156 3025
802 2725 523
2946 4939 4733
35 1312 2426
930 2056 3353
1440 3825 2868
2443 4871 378
1065 1485 1976
1132 2534 3100
4274 4455 1157
4026 4351 2442
4563 4775 466
2720 3193 3490
2777 4687 3038
4973 4993 547
1703 4254 1232
3432 3590 3081
155 3024 1122
2625 4194 3475
4548 4877 2442
4429 4751 3516
616 4667 2181
3891 5000 1914
4717 4814 811
3329 3376 2288
2484 2611 1171
231 2443 2144
152 3531 3555
4026 4608 600
2911 4646 1781
2881 4923 2069
958 2676 850
2213 2786 3816
914 3983 1207
405 4673 919
3568 3711 3630
4370 4953 1909
1127 4471 1856
935 2614 2766
1955 4055 2112
1249 2097 3132
4294 4581 2640
2724 2929 2936
4758 4847 166
3298 3686 4606
4621 4985 545
4192 4698 800
596 2992 1582
1548 3680 1845
716 4877 2929
1038 1362 65
1208 1342 2094
1111 1375 41
4392 4570 992
158 3847 2861
3882 4861 2833
3557 4656 3799
3108 3640 3143
610 1296 2282
2540 3998 4635
4713 4937 4648
1277 1720 2985
2226 3623 619
2019 2213 2551
2936 4471 279
2273 4163 2969
723 1974 1662
3421 3922 2168
379 2779 4217
3233 4714 251
683 2703 2205
1085 4041 1520
4749 4873 1286
3540 4968 322
610 1012 2038
1036 1906 4835
3150 4486 757
649 808 3276
4782 4826 2280
3258 4128 2334
38 2765 776
1871 4440 794
904 1776 4330
225 4259 2935
4624 4987 2191
359 2944 1621
4923 4946 3237
4301 4434 3408
1245 4246 1835
4209 4769 994
2809 2941 3520
1105 4228 1866
1019 1368 4809
3561 4028 1828
1369 2010 3728
3118 4026 2019
4686 4972 2527
1877 3624 1949
4238 4317 3358
3017 3931 3887
4377 4442 4147
741 1503 1148
997 4620 4426
1897 2291 3762
2744 4875 2659
4747 4969 2833
3120 3782 77
2279 2707 75
2537 4656 657
3214 3771 641
2821 3642 1718
3033 4941 1626
3064 3255 3916
2343 4773 2080
1737 4173 482
3342 3351 1199
1744 2875 1325
4427 4911 3690
2560 4695 1833
3843 4555 3979
3805 4380 697
1903 4709 2397
42 1406 562
1126 2625 47
2407 2588 1835
3718 4591 2977
109 2151 578
1271 3976 2868
4490 4599 416
2225 2519 1339
11 1902 2655
159 3337 4266
795 3917 1616
2347 4874 4330
853 1644 2606
4538 4557 710
4561 4568 3284
2530 2596 30
4999 4999 644
2333 3651 4584
4772 4776 1791
3681 4371 594
3695 3857 2288
3217 4629 2463
2968 4522 2734
595 2405 4984
3527 3787 2425
1823 2641 4994
1040 3424 4373
4489 5000 4314
688 801 3257
3251 4446 853
3718 4642 1729
826 2197 4462
2036 2334 2146
2125 3811 2425
4972 4992 2979
4175 4758 1262
2693 3910 2536
3924 4062 4223
3469 4000 581
912 1328 3288
1315 4641 2891
4913 4968 4074
1877 3859 2830
312 1911 4448
3355 4437 2809
2108 3963 4822
1288 4479 2119
4736 4955 3274
4005 4062 3897
3289 3348 422
1985 3885 323
2211 4248 3707
2838 3628 2806
4278 4538 267
815 3158 2696
2655 4648 2419
3880 4116 4838
2944 4656 644
2664 3315 4449
1421 1813 3236
2795 4932 1974
3126 3560 3241
2020 2557 2482
3613 3821 2297
4272 4865 4609
187 1606 610
1019 1515 1620
3790 4339 4221
4085 4505 2516
2183 3734 1502
3461 4116 1311
2333 3390 4194
2957 3554 1216
1301 1581 983
1941 2578 4062
3874 4582 4297
936 1250 847
4979 4989 3396
260 3097 2091
4115 4587 2857
1841 3390 3551
1485 2429 641
3658 4609 3889
1755 3873 4196
486 975 7
4678 4826 311
497 3813 3848
4978 4989 1272
2099 3376 2923
25 1978 2336
4629 4931 639
1079 3070 3594
580 2588 3408
2534 3143 1395
1704 2551 3351
3333 4035 3019
3317 4149 2540
4759 4840 1902
3687 4631 3760
3909 4956 3464
2617 3626 2278
3711 3918 3093
551 1910 369
3412 3943 4663
1362 4748 3613
3997 4076 2823
2066 2462 3697
1773 3014 4264
2374 4262 95
735 4194 3168
2029 3038 470
4843 4882 2414
751 1098 3123
3099 3613 2895
343 3094 4304
4974 4974 983
3140 3877 1351
1003 3435 1869
503 1786 3810
1121 1963 877
357 2974 1768
4376 4677 110
4404 4478 4374
2542 4183 1873
2826 3969 1832
3686 4065 1625
1610 2251 502
2263 2546 2265
4090 4655 759
3368 4327 3201
4724 4815 4221
2587 4948 2835
1015 1117 813
4521 4919 3933
1360 2369 2773
3147 4038 3734
2240 3388 286
613 645 233
2423 4084 2974
693 2427 1073
3674 4282 866
4941 4958 631
4772 4779 4605
3936 4368 4686
3030 3559 880
3933 4274 4606
4239 4502 3068
2440 4256 4006
2250 4760 360
2730 4419 3491
4335 4813 1900
1198 3048 1886
721 2293 3914
4219 4528 2329
1728 2494 2408
494 4968 1771
889 2174 4259
853 1015 1440
4706 4897 4073
2194 4637 2197
1782 4695 1245
596 749 1396
4639 4841 1196
1875 2868 2437
4349 4982 2295
1453 2527 1448
3422 4390 975
1211 2136 3237
1677 2886 3474
4851 4985 2745
725 2985 3461
1437 2844 911
1201 2008 2693
1553 4579 1974
984 1123 603
780 3764 707
970 1353 2863
1146 2188 3970
2396 3466 4346
4508 4621 3930
1325 3928 1732
356 1266 4229
3887 4035 732
3649 4401 531
2264 4710 1945
3724 4865 1147
3176 3288 1774
1242 2314 3554
3712 4636 3685
392 2528 2114
4413 4487 2858
1206 2620 2906
3237 4817 3406
530 4206 3721
3969 4333 1733
3768 4783 563
1129 4626 2875
4077 4432 4769
1724 2631 4448
1482 4682 3619
1825 3375 3464
4839 4978 4988
638 4614 4109
4906 4994 174
3341 4986 422
1022 3224 1982
319 4632 1688
1806 1971 3835
2207 2725 2269
4380 4761 3049
3245 4649 2121
167 1462 321
675 2107 4051
1386 1608 1127
3801 4136 2948
1675 2393 747
716 4172 112
3665 3885 2679
687 3341 2713
1481 2906 217
3034 4382 4796
1746 3749 4532
3486 4254 2740
3447 4681 3107
3925 4748 2627
1998 2328 1955
2456 4888 1362
3479 3888 3805
1333 2589 92
4117 4926 4827
531 636 2563
3368 4144 1912
1340 4621 973
3016 4074 2753
1876 4432 4776
438 2187 1611
1628 4891 3771
1626 2611 3923
1523 2634 4816
3697 4737 3383
2639 4763 616
4920 4927 4452
2203 2571 4477
3103 3128 62
999 2394 3511
2699 3818 1155
2513 2798 2087
2875 3369 1107
3868 4408 486
3873 4921 3850
4251 4569 3686
3357 3515 121
1759 4241 1736
1787 4480 2795
4936 4984 2109
1454 1624 1470
3105 3486 2330
3663 4463 1539
3247 4698 179
3533 4693 2830
232 3121 4463
2401 3990 315
4656 4657 3479
1332 3279 4016
167 4714 2369
2541 3363 2094
435 3570 1317
4240 4867 459
1115 2635 4988
892 1899 3649
3991 4513 2050
4931 4938 4752
4781 4882 3244
4480 4702 4504
4757 4971 3516
4554 4677 3619
685 712 3840
4879 4884 2045
824 3509 3462
2584 2685 1739
88 702 807
3699 3809 2471
3751 4806 3017
3124 4241 2383
4522 4980 3089
1938 4422 4052
1342 4145 3588
2879 3705 1082
3824 4574 4523
2614 3794 1634
443 2191 3311
4937 4961 1410
815 2945 3238
4410 4529 3673
1208 4332 4992
4457 4976 4226
2600 4598 3728
2594 3869 3762
4008 4781 1962
544 3024 4958
119 3445 4591
2747 2787 4755
2348 3192 3198
1815 3327 3384
2140 4377 4164
2201 4828 829
3505 4042 1320
1199 3457 1480
3018 4604 319
1989 3376 4129
1907 2470 236
4626 4643 869
3605 4026 2960
4437 4479 2200
3283 4798 3183
1236 3648 3047
4852 4869 4706
1989 3475 4419
3577 4576 337
4173 4233 4709
2655 2681 3665
4654 4804 3248
4443 4972 4361
4690 4771 2615
2798 3859 3878
3498 4232 3448
1854 3053 824
1142 4935 2704
2761 3028 2550
4398 4860 1247
3167 4027 461
3082 4256 2066
3578 4373 2948
1524 4873 1350
3111 3453 1402
1923 3459 1185
3103 4955 2690
4919 4987 3933
2671 3105 3570
1658 2928 4666
980 1974 3950
2603 3021 3343
2469 3723 2578
2752 4581 4832
4335 4777 711
1933 2159 275
1422 4253 159
3146 4849 4153
3277 4613 2216
2494 4479 1488
2792 4911 1851
4582 4685 6
1724 2826 449
4419 4564 1087
3774 4111 3460
2868 4682 3129
1794 2056 3985
4831 4942 2877
4813 4840 4598
2695 3806 378
4749 4918 4232
39 1006 2925
1458 3393 1059
4239 4795 835
1587 1812 4774
2522 4082 2252
3582 4461 2870
4403 4684 2571
4573 4804 1499
4535 4721 370
489 4561 3162
4942 4964 2937
2390 3899 4785
2746 3654 1930
2755 3156 101
3428 3838 1474
4975 4997 2342
1755 2917 2078
816 3074 3864
4395 4980 4254
1272 4309 3473
2808 4460 2068
4246 4892 1495
769 2231 235
45 1020 2
2702 3294 3911
819 4738 479
3630 3918 779
3826 4388 2810
4160 4892 4238
1372 1873 3745
266 2827 151
2389 2645 1
723 4322 1498
1354 4436 984
905 2919 1945
712 1611 4798
4901 4919 897
3543 3795 2694
175 205 1849
565 1201 644
1147 3602 2457
1836 2399 3371
2217 4461 968
534 3817 3583
202 2005 3305
2289 2671 2820
2517 3308 2672
2650 3873 1040
1003 2756 1768
461 1043 4705
3562 4537 4414
1692 1884 708
925 4527 4945
4785 4895 4852
4047 4210 1710
767 1783 4561
1632 4295 749
4714 4876 91
935 3642 2164
4139 4983 639
1039 1533 864
1228 4315 1860
165 3824 2744
3092 3193 3633
1753 1897 1449
3659 4909 4338
1832 4075 147
3431 4427 2074
2383 4305 1769
3198 4984 1893
4087 4386 3932
4386 4735 3575
4007 4089 1783
4911 4930 413
846 1920 2064
3204 3768 2207
1861 2923 1017
4467 4626 3364
4091 4252 4875
3607 3739 3648
4267 4753 333
395 3702 3763
2677 2848 1323
3252 3262 1109
661 3278 3604
3980 4585 160
2779 4319 2305
4295 4621 1727
4809 4909 679
683 1084 2374
3246 3674 2883
3747 4069 1445
2769 3472 355
4933 4970 4615
2649 4030 4182
3512 4963 101
2322 4455 2657
1287 4869 4810
2955 4885 4406
3944 4913 4701
3445 4173 3370
4008 4949 544
1138 2274 4253
4156 4519 992
1922 4586 74
2869 4724 998
519 4759 2516
4053 4676 2358
293 4309 2034
3244 3335 4223
3122 3403 345
2052 4783 4011
4270 4604 1805
2677 2857 2963
2841 3448 2363
4367 4497 4079
1216 4451 3307
4771 4874 4464
1839 3952 3601
3419 3628 3116
3109 4575 2086
2031 2615 2068
4485 4915 3315
1253 4654 2588
1409 2827 1394
2498 4496 1924
4324 4674 745
1203 1244 1554
4538 4596 3793
2398 3983 1315
2079 4328 2759
4338 4452 225
2413 4954 4587
4512 4677 3337
2734 3616 4690
3676 4605 4222
679 703 3761
256 2596 2753
1989 3304 957
3409 3629 266
4433 4942 3148
1273 4767 3318
3558 4365 3339
1151 3474 3775
540 821 4501
1146 1252 1204
494 4659 151
1161 3711 1280
2329 4521 4460
3816 4585 2126
204 1875 4028
4032 4086 3423
3679 4287 1103
1587 4886 715
4918 4958 3350
2532 2698 2163
948 2095 4481
1484 3060 1105
2850 4336 1858
1954 4737 4684
4714 4791 2646
204 4135 269
1581 2306 140
1880 3867 4757
1416 4984 1870
1204 4520 3257
3349 3530 225
3659 3843 4907
767 2696 1727
3017 3090 44
4353 4619 2348
483 2108 889
2503 2780 2100
2920 3609 285
4950 4982 2420
4176 4724 1378
3289 4588 2292
4802 4810 2504
4956 4971 102
3094 4987 3401
3114 4278 1815
4904 4912 2862
3078 4389 925
2859 4363 2953
2618 2639 1332
1217 3792 1858
1682 4700 537
4657 4994 4001
1353 3585 2277
4097 4625 1165
3428 4603 929
3233 4790 2985
748 3922 4171
910 1221 1255
1201 1968 4987
3561 4973 1046
4673 4733 2342
4934 4992 1643
998 2902 2001
4605 4976 1664
1035 4078 277
2938 4224 1283
3738 4803 4235
4874 4893 3326
3471 4314 3518
398 2021 4655
1393 2979 1226
1647 2951 3296
1990 4842 2700
1287 1776 447
4411 4459 4906
1963 3469 675
2054 3410 4245
3492 4065 4904
2878 4890 3395
487 3081 1597
2999 3968 171
3000 4422 4342
4632 4856 3438
1940 2396 2719
4450 4459 1608
924 2555 2701
4214 4884 1292
1026 3024 3957
2398 4019 4402
1565 4147 1308
3854 3925 1275
2676 3619 3023
278 3828 1892
2776 3573 594
3329 3671 950
3656 3736 1739
1221 4741 4455
2662 4853 3226
4910 4934 1187
2905 4991 4700
3956 4081 2835
2018 3604 2880
1646 3787 1557
2938 3809 741
1557 2616 3914
4795 4813 2522
2304 4663 4314
1600 2818 2407
947 1618 587
3747 4083 20
3764 4188 356
4292 4322 3827
1846 3894 3911
686 4640 2532
986 1421 4836
2700 4009 3379
939 1901 108
2179 3586 1172
1692 4371 2438
1199 2979 63
1438 2942 2164
3382 4827 1432
998 4639 2562
1149 3375 4062
3461 3701 2092
3651 4240 2081
2673 3013 2398
285 3308 1536
531 4508 2979
767 2740 277
2977 4295 1314
275 4634 2987
149 710 510
1948 3699 2870
1631 2870 3120
197 4883 4430
3195 3417 559
549 2745 4145
2525 4935 1471
4519 4928 2888
2408 2674 4900
2943 4684 2934
4244 4908 4450
2153 4981 2984
991 3599 2397
3357 4902 385
256 2101 2344
3603 4700 2160
3419 3582 539
3323 4005 3716
4553 4825 929
4508 4868 1936
1644 4829 3412
2431 4736 4389
2240 3645 2239
3443 3762 4310
3453 3593 104
3549 3641 2505
3576 4146 4923
3240 4602 2207
918 3790 361
2115 4058 2993
2927 3778 3525
1753 2497 403
2724 4416 608
1072 2569 675
4667 4965 1382
4060 4456 2194
3664 3860 1778
523 2187 3441
2622 4280 769
294 1909 2884
1700 3416 812
1733 4369 1911
4776 4995 2308
3163 3794 1597
4514 4550 2709
2397 3221 1380
4125 4143 1605
861 1167 1406
1417 4188 519
2783 4781 3277
4480 4982 3682
2198 4349 1417
2281 4380 683
1621 2666 2178
2460 4469 2086
3939 4247 74
3370 3541 3164
763 1026 4909
3470 4912 4681
4504 4696 3762
4628 4701 2578
1700 3680 1290
3843 4523 3616
4422 4513 1220
4983 4995 1992
4224 4777 4362
1454 2833 1994
3702 3903 2430
2795 4279 2247
3038 4007 1584
2242 4086 712
4604 4670 4341
4189 4397 3183
1261 2426 1948
3938 4438 4484
2312 4916 3462
2939 4615 2986
4677 4718 2190
290 1463 2211
808 3044 3870
1612 1727 3810
629 1370 1626
2922 4146 621
4484 4783 2474
4057 4225 1516
1168 2197 278
1780 3004 2103
3060 3285 2547
26 2232 587
252 3490 4432
3756 4880 1730
1188 1571 2757
3732 3954 4752
2745 4358 659
3708 4860 4374
1618 3774 30
348 2975 2945
4638 4716 649
2197 2260 2843
2996 4287 981
2615 2752 4482
3123 3568 4956
2778 3850 346
4712 4988 4522
4394 4721 4339
3029 3195 2136
4758 4851 1710
3746 4560 4258
2331 4985 3994
2931 4785 4159
667 4134 3762
3566 3671 1914
2495 3594 2849
4441 4838 23
1677 3785 1098
92 4631 1378
487 1878 2213
4035 4765 3458
3096 3465 3163
311 3605 4078
3959 4137 4264
2952 4938 2551
4070 4407 999
1273 2777 4386
3621 3985 4993
3570 4746 4290
3459 4805 3771
4447 4580 3705
4914 4941 2012
2592 4607 3845
3803 4762 2905
1432 3237 1726
53 2922 3213
2618 3935 3776
1517 2430 3846
2494 4276 2118
4070 4317 2903
2331 4099 4504
1764 4385 736
4540 4657 637
769 2183 3158
4016 4214 1143
2605 2830 2836
945 3744 351
1139 2642 3156
3703 4997 1937
1551 2976 1515
1288 3802 2515
1033 2093 2209
31 3151 4871
1489 3677 890
3749 4154 24
3099 4157 685
51 2687 2439
3062 3316 3519
4697 4842 2327
4451 4633 3348
72 1812 537
3906 4135 1239
1126 4570 3816
1357 2705 3753
2350 2832 1927
1625 1673 1661
3223 3409 591
4944 4976 4453
727 2945 566
1800 2990 2936
50 3264 2126
2234 3319 803
3018 3220 4281
1631 3368 615
3004 4055 3986
4228 4881 642
2487 3458 900
1910 3526 3967
1137 4389 4342
3707 4616 974
3267 4033 253
4182 4938 1477
4700 4719 1096
1712 2648 708
2032 2233 4792
948 2214 3269
426 2635 3368
1299 3794 3212
2286 3210 1096
2356 4164 3762
4807 4854 4805
259 1221 3385
1908 4474 4825
386 403 4996
2567 3776 929
1344 2435 4068
3430 4561 161
1452 1679 2833
2573 4700 3778
2451 4608 3615
3620 3998 2100
2678 3837 898
1879 4968 1669
1263 2351 621
442 4640 2431
1053 3292 2019
1363 3550 4430
2177 3294 4361
2998 4859 3185
73 1984 628
2142 3225 2084
2797 3762 738
2283 3861 2398
75 3615 48
2953 4032 1649
3279 4106 998
1797 2140 2664
2570 3107 4277
3201 3774 2189
4785 4904 4496
480 3368 987
2882 3631 3066
358 687 2839
732 4555 3
2382 4565 3504
3976 4265 2203
3731 4356 1708
3855 4059 4253
537 4628 1232
74 2661 2512
1943 4976 4807
2474 3752 1198
2614 2765 4797
4072 4219 1531
2805 4383 2893
4008 4558 4552
3290 4750 2280
3039 3068 193
2805 4572 2538
4534 4617 796
3110 3640 723
3410 3609 509
4829 5000 3068
3968 4125 1051
817 3926 1966
673 3594 1019
4249 4661 2518
3109 4309 455
3133 3736 1891
1629 3196 1739
1094 2129 4482
361 2464 2743
3341 4147 36
1228 3921 908
482 3299 2226
1369 4300 3862
2157 3798 4491
2657 3515 3899
2733 4835 1679
745 4701 3173
2459 2918 1089
2541 4078 1371
2465 3686 4207
3278 4422 2551
482 4769 1122
4189 4748 2862
3938 4681 2856
1319 3090 2650
1133 4437 699
2867 4403 3269
1879 2336 1380
1343 3680 2000
4442 4462 4124
1566 2606 3129
2800 4279 4013
4706 4907 2792
1973 4953 2425
1963 3862 4308
4983 4992 3276
4785 4873 1779
156 4293 67
3949 4442 4510
3998 4367 4192
2490 4096 2618
984 4997 2615
4072 4814 3886
2284 4119 3714
2918 3480 1050
2886 4827 2733
178 2963 260
4860 4871 4835
447 546 24
3235 4327 2047
1059 3168 54
3658 4808 982
3431 4160 2484
2044 3418 1952
2468 3776 3906
577 2865 3861
2339 3566 3871
721 3082 3104
4153 4159 4921
2377 3221 2535
2839 4969 375
1407 4313 56
3120 3428 1708
2635 4280 1309
2979 3166 3037
3361 4228 3443
2746 3341 2393
1323 3386 3441
3936 4685 1044
3241 4739 3762
4085 4335 1838
3876 4905 3250
3204 3584 1828
1502 3788 3666
4218 4861 438
2146 2266 1487
1364 3243 42
3210 4238 3708
4203 4985 2504
1034 1902 74
3896 4038 544
4290 4702 465
4556 4813 183
1767 2008 369
3396 3930 1974
3820 4801 1165
4006 4242 2540
4130 4802 2537
2828 3282 3963
3650 4897 4192
1888 3846 3557
13 2389 1414
2763 2783 4684
2924 4773 731
1083 4608 2830
2516 3017 215
1487 2113 4728
3184 3983 2623
3986 4999 2274
3148 4437 204
3167 4633 3117
4497 4791 2519
4955 4996 4573
1795 2373 324
2750 4440 62
699 3127 58
4581 4890 3997
2361 3244 4439
867 2383 4286
22 2586 3510
1617 3387 1683
2828 3619 2799
2516 3325 3776
42 979 2044
3294 4297 307
1394 4512 126
3307 3390 4411
2050 3774 2988
102 1095 1526
1615 2736 3402
3249 4752 4283
4109 4741 1665
1683 3068 3086
4067 4791 1257
2504 3063 4057
2094 3467 1682
1218 4981 2997
1231 4195 3849
370 2953 254
600 2735 2384
1388 4053 4535
3731 4933 1344
458 4727 3916
3481 4223 4555
3139 3273 3743
4791 4824 2762
4826 4961 2161
1778 4595 3725
3858 4220 4004
1340 3767 1152
2109 3407 2255
3235 3552 3323
746 1633 2258
2085 2902 1926
4451 4539 3485
4662 4890 1083
3122 4956 1690
1263 3105 2087
734 4247 3213
3654 3863 4676
4596 4708 1512
3653 4279 2185
1733 4358 1254
532 859 1490
4279 4399 3366
1010 3443 3173
3906 3995 6
919 1143 3761
1472 1534 4266
3785 4032 2230
3583 4355 766
537 3956 688
4613 4913 4968
4677 4762 1855
458 1399 2870
2777 3910 739
4470 4801 4461
2151 4189 1525
1024 3515 4121
4534 4629 247
2038 3507 686
3955 4700 413
2795 4715 4192
3887 4614 1079
1704 3097 3367
4269 4824 830
2455 4539 1389
2135 3781 1509
1688 4981 1438
2364 2992 2607
3614 3757 1575
2267 3195 1782
4511 4902 1330
3974 4817 4390
2013 3365 2562
3128 4861 3685
3046 4489 4442
210 853 1302
1492 4939 3529
813 3912 3088
2605 3362 1749
4056 4872 1029
1373 2724 2520
3358 3742 2097
803 4875 1298
644 1413 741
1660 3460 696
4828 4995 1536
2132 2668 3039
2666 3730 4031
1039 2501 1799
3874 4321 4245
743 3956 3670
4139 4260 3170
403 2279 3036
2559 4703 3236
4997 4998 3204
4321 4818 3238
1378 1554 22
4872 4956 509
870 1857 1278
2664 3515 3924
1644 4351 2746
3379 4992 4303
4001 4259 3717
3667 3995 316
4585 4846 3906
3895 4998 517
2812 4237 3214
1294 4210 3231
1860 1886 396
1428 3596 1025
3482 3571 3682
2989 3613 2733
1629 3939 2367
3802 4179 2783
2778 4414 2625
3015 4941 4131
1365 1391 2628
29 590 2518
2721 3800 4761
4413 4974 3689
593 4060 242
126 3387 1010
2409 2609 4223
2900 4406 776
1362 1614 252
1057 3825 4728
299 1100 3190
3553 3904 666
925 1437 1601
1154 4269 3542
4873 4975 874
1690 1872 3116
1095 1263 4583
3573 4962 4141
3280 4283 1107
1313 1695 1976
2809 2813 4985
884 2430 3223
2203 3252 593
3977 4953 1835
4953 4963 349
3404 4164 113
3955 4913 1772
338 2082 315
2291 3066 1094
3071 3544 1764
2067 3098 4082
3480 4733 2506
3520 4998 3194
3981 4632 1228
3039 4627 4865
1972 3152 936
3083 3894 4354
2267 4261 1750
1385 4435 1882
3971 4017 2775
688 2222 600
2879 3006 3272
4390 4872 3212
2805 3927 755
4085 4821 1151
3413 3859 595
1540 1587 530
2385 3793 4464
1124 3646 2742
4219 4381 4055
3259 3270 999
4697 4924 3516
4892 4987 4611
749 1690 4500
500 1435 167
4265 4430 3868
523 2563 1943
90 1069 1919
1388 1812 1040
1303 3455 4908
3314 3347 1043
4399 4549 3123
2265 4744 3336
1429 3016 1906
576 2891 1815
4307 4731 4951
4174 4245 2816
4041 4627 356
4968 4997 1549
1947 4524 4821
4633 4939 4184
1566 1862 164
219 2251 657
2151 4201 3686
2029 3697 4465
3506 4237 3459
4765 4918 1074
572 2526 2913
1022 1572 2020
277 4942 2610
4605 4731 4208
2133 3185 4641
4948 4975 4887
1785 1827 4430
4759 4824 1614
1909 1940 3756
3287 4070 4081
2661 2850 1847
2320 2328 4779
1097 1727 281
4564 4898 3787
456 915 2747
3956 4923 450
1661 4281 4298
4583 4885 1968
2932 4565 407
2412 4777 2809
4055 4973 2468
1893 3550 4200
2057 2199 34
4963 4991 4222
405 2098 3050
2493 3466 1053
4339 4402 3358
2469 3294 3028
2803 4554 3697
460 2906 541
4132 4297 1927
631 648 3334
1378 2287 4162
281 3147 13
481 4082 2973
44 923 1894
3589 3973 3286
1554 2787 3640
2688 2738 433
4281 4408 4203
3984 4596 3150
993 3687 886
1277 1325 102
4787 4996 635
565 4520 148
1039 4773 3965
2531 4067 1226
2744 3328 609
3372 4544 3805
794 1234 1344
879 4092 444
2609 2774 3283
3786 4032 3342
4686 4725 4614
1219 1440 1122
4901 4975 1483
1398 3217 535
4911 4924 120
4550 4881 3297
2274 3707 3950
357 505 991
2046 2464 3799
1210 4929 3016
451 1158 2671
997 1733 2483
2101 3050 3989
4819 4929 2372
1163 1262 4823
3034 4703 2126
342 4481 1601
760 4221 4369
1405 4673 580
4326 4542 462
3750 3774 2103
4974 4982 837
3409 3707 1660
818 838 1370
3129 4537 4728
1320 3223 2788
2204 3545 3524
2854 3999 291
2662 3085 4775
3391 3900 4661
764 1591 1394
1401 2947 939
1925 3777 4190
4991 4994 2083
1673 2330 2738
4912 4982 1612
2389 4895 1599
193 3690 3701
928 3427 3053
1136 3789 813
993 4368 3955
3922 4876 297
2149 3007 306
2819 4723 1439
3754 4347 1969
3402 3819 3419
3067 4483 3481
1582 1871 3614
4044 4631 548
1364 2879 3761
645 2938 900
3316 4562 1746
1586 1605 1243
3302 4350 803
440 946 3913
1095 1734 1097
2824 4202 438
3792 4129 2856
929 4550 611
652 3055 556
3326 4118 2622
4458 4642 1998
347 2488 4532
3698 3929 4876
1680 2988 4986
2637 3194 4208
3246 3553 2318
879 3007 941
984 3609 2701
4339 4868 3547
770 3641 3678
1212 4815 549
620 3061 1817
1615 3425 4222
2130 2234 795
3853 4755 308
4688 4910 179
645 2527 3792
2540 3021 4395
1902 4437 1429
3511 4483 3766
742 4499 1935
1775 4692 934
3456 4503 4756
2524 2879 3598
4695 4883 191
488 1138 851
3158 4073 4710
1194 3020 3261
1785 3741 1332
3126 4083 4177
3312 4144 505
2815 4416 1219
3211 4693 2154
3705 4370 2036
4157 4567 2703
3486 4379 2469
3799 3856 86
4841 4994 4071
1866 4782 4536
2193 4308 3234
3378 4150 1359
41 1165 3008
3283 4963 714
2487 3787 3199
1619 1715 3636
921 3002 2098
1952 2976 2186
1880 4265 709
998 3638 2982
3100 3366 3510
540 3831 3407
3628 4597 1694
3994 4147 2015
3806 4286 3596
4753 4814 2661
2114 4351 816
4317 4535 286
2031 4547 3785
1007 1801 1149
4593 4783 5
4749 4828 2462
4053 4278 3055
2821 3012 1897
2668 3786 4848
3246 3719 3527
1462 2287 1605
2915 4665 2686
2481 4237 572
561 3702 1266
4640 4806 1433
1418 4974 4985
748 809 2536
2560 4155 1990
748 1598 1154
3156 3326 3858
4198 4289 1222
1267 2459 2604
3962 4266 2088
4890 4969 3386
1917 2684 4661
808 854 2028
3663 4592 2125
1051 2746 435
2269 2374 2566
3056 3167 3744
4724 4906 3074
4407 4750 2802
4788 4821 1848
731 4380 262
187 1343 555
2040 3054 3311
4525 4587 335
3625 4210 1417
2188 3453 1766
2600 3094 3118
2653 3769 417
609 2186 991
3782 4967 1736
1749 4479 2864
4190 4345 3411
3359 4032 377
4833 4963 2573
1796 4655 4199
958 1399 2096
894 2777 2445
1731 3944 3617
1098 2105 134
3400 3788 2583
4070 4704 404
4679 4749 830
2026 3250 66
697 4562 2165
3557 3803 2226
4772 4930 3968
3656 4227 1074
2620 4943 4191
4829 4909 728
2783 2930 208
1220 2261 112
1533 4414 4504
3353 3668 4991
3752 3852 3400
3234 3516 2662
4876 4981 957
1342 2456 4865
2257 3252 3846
4973 5000 4903
4602 4759 1959
4483 4646 2209
4874 4886 4311
3354 3971 1699
2139 2172 2478
2971 4885 1709
398 2141 3686
4187 4213 437
486 4898 2423
1906 3565 2414
2076 2290 4151
1948 3127 1316
1932 3527 1164
4413 4581 73
1784 3808 14
4851 4957 527
3436 4532 1904
4422 4807 1186
4223 4392 2845
976 2931 616
3269 3391 4476
4165 4437 1655
1326 4025 1996
603 4369 2979
1336 4425 933
869 1178 4636
319 3994 3693
2320 2583 1846
2201 4568 12
1125 3084 964
1702 4313 713
2576 4655 1007
4620 4859 3970
488 1257 420
1279 4818 3434
815 1735 1610
4545 4662 2774
2027 3545 4571
731 2051 2457
1286 4043 3117
4598 4811 3644
1056 1516 3932
3524 4440 2796
3936 4126 487
2610 4483 1156
2501 3303 1370
1012 2771 3758
4838 4889 3966
1181 1366 1856
4138 4996 4802
2987 4000 3359
1524 1875 4154
291 1747 1900
2203 4703 824
3495 4605 3551
2201 2769 2562
2813 3587 4339
4870 4876 2296
484 1374 2018
3773 4747 2433
426 1720 4117
492 3473 1817
4736 4848 3625
885 2162 345
2009 2196 3613
2407 3414 774
1255 1373 2918
4664 4904 3736
4280 4303 4742
1533 3465 3187
1863 2822 1427
3227 3900 2130
1751 2812 1133
3835 4627 1083
542 4241 4102
412 4130 4375
3485 3724 1029
2094 4493 1912
325 2458 3974
2573 2916 172
4764 4788 3641
1182 3161 750
4247 4769 3314
4261 4430 1479
2479 4261 2622
3904 3912 800
4299 4860 1147
138 3709 1364
2431 4575 309
622 3184 2420
2150 4952 1179
1408 2141 4472
4800 4899 4221
4501 4662 3948
4063 4432 2821
395 2512 4173
4810 4851 4659
1746 2776 1429
3770 4167 3656
172 934 4800
168 534 483
322 1862 439
3003 4044 1239
3382 3529 346
3938 4570 3004
4184 4967 371
1088 2935 3995
3685 4596 1036
2026 3344 4069
3086 3396 443
4690 4831 2104
4953 4967 4147
1483 3586 939
4491 4676 1630
3975 4936 2973
4582 4670 214
540 1870 2290
3820 4932 384
4188 4609 4483
3415 3578 2145
916 2998 3853
4379 4449 1464
4980 4996 696
3137 4211 2807
4775 4940 109
4736 4947 4644
4437 4598 4968
2463 4988 3185
3691 4364 2146
1731 4571 425
3012 3774 1247
4095 4941 4852
1439 4235 68
4924 4973 2710
4888 4988 2700
577 581 1773
2026 3919 2164
2326 3947 4544
1594 2706 446
2281 2301 1973
2369 3945 2736
1688 4135 1211
1501 1615 4283
1929 2460 242
1507 4384 1886
1723 3530 3946
2398 4306 360
1616 2322 3186
2093 3402 188
3059 4097 2492
862 4149 3320
1339 4715 2831
4693 4980 920
3866 4149 4404
3917 4609 4947
1750 1762 3019
2218 4439 3870
2384 2982 1343
2052 2468 407
541 2725 4767
1615 2968 1971
4707 4997 611
4269 4720 1997
2463 2593 2661
415 2951 1597
684 1888 3793
146 901 4047
1142 4527 4628
1979 3061 347
1242 4163 1954
2615 3595 2904
4144 4290 2041
1775 3886 161
554 1094 3540
5000 5000 950
1108 4727 2328
2766 2836 2810
4560 4908 3905
2393 3832 4819
3741 4914 2273
1592 2935 3140
2622 4778 2731
1148 4177 4134
137 3478 389
1149 2879 2607
4753 4915 3802
1727 3214 2582
2406 4460 1302
4647 4991 1832
2086 3568 4368
2899 3405 1612
4697 4846 814
430 833 3520
2773 4666 4699
226 833 2928
3786 3983 4858
1618 4893 143
1692 1879 3567
2123 3509 4092
588 2153 1911
4829 4917 2068
3829 4791 2770
2147 3574 4426
3067 4010 1471
3794 3804 1325
1368 4802 4529
639 4501 4371
1551 2939 2645
4912 4938 2626
3859 4977 1525
997 1010 673
3976 4080 2489
7 3303 2635
1480 2115 2046
4436 4871 4511
4892 4976 4459
4325 4456 2193
4837 4971 611
2982 3021 1043
4303 4668 4007
1341 4991 3088
3829 4001 798
1623 3621 4442
2870 3940 3915
1483 4653 1614
2746 3760 4897
2276 2811 1093
3612 3732 1036
3020 4394 2964
2343 3831 462
2140 2579 2183
829 1720 4031
579 1275 2642
4714 4979 2413
3079 3248 652
2875 4703 3002
1965 2789 1466
120 621 2497
285 1731 4059
189 394 1237
287 1334 1800
384 4727 3324
3572 3821 4938
1494 4434 2230
1900 2937 502
749 2095 2202
4968 4991 4746
2086 3118 3549
4261 4821 4174
3314 4859 1206
3527 4134 3093
1652 4741 4016
33 2766 4454
2631 4897 330
4766 4977 1269
600 2912 3215
3780 4222 464
270 4195 2073
1772 3666 1316
4564 4646 1204
2867 4411 4522
1047 3022 3024
2874 4424 163
528 1005 3580
2122 4441 1810
3228 3424 1706
4193 4935 4217
4896 4934 2342
4952 4975 375
655 1290 1904
3580 4797 1873
2997 3805 4289
22 3501 3819
1206 3810 3391
1316 2233 2899
2787 3610 1213
4445 4672 156
1289 2182 3081
2295 3565 2541
4445 4777 1514
2031 4315 1699
1718 1786 397
713 2523 4597
861 3819 628
4872 4942 2787
1354 3034 3609
1245 4240 3161
3083 3540 2148
4669 4675 3851
3499 4482 51
1074 3584 108
3290 4602 1425
4885 4945 2130
2093 3343 4932
222 1563 826
4157 4690 3402
4972 5000 4548
1500 2998 802
4990 4999 2543
3561 4851 2226
1783 3774 40
611 2898 1069
3785 4469 413
1399 2084 3092
3427 3941 1448
498 4070 4651
2733 2908 446
4658 4890 3566
2062 3656 1011
3813 4460 3689
3269 3760 3987
1081 3345 3608
975 1309 3605
4681 4969 2197
865 3876 503
298 3420 2158
4141 4504 2288
3656 4694 1809
2366 4022 3460
455 4594 373
4758 4846 702
2444 4978 351
3486 3545 2336
3516 4846 1820
4994 4998 2820
438 1827 2723
1048 1792 4746
4184 4987 1783
862 1691 3598
4475 4531 3414
4281 4995 2249
1274 2152 2177
1463 2394 1913
1262 2766 3053
4411 4762 1927
1920 3397 2811
3450 3955 2784
2177 2898 522
1554 4185 3066
1907 4890 325
3149 4057 3085
4944 4944 2804
2383 2981 3225
1496 1827 3459
2726 3159 2694
4867 4894 3878
3716 4754 4412
1457 2599 4811
335 3567 21
4293 4364 1553
1427 3933 3436
2964 3829 4199
4687 4928 998
3777 4585 385
2296 4687 2885
2349 3097 1410
4898 4920 3526
2701 3792 1196
3977 4138 3884
47 3446 2551
4757 4858 2574
395 929 1933
3461 3486 3950
863 1414 4148
3037 3865 1708
2338 3377 4666
3776 4316 3889
3991 4519 686
4826 4968 4908
4179 4482 480
3271 4694 2104
4759 4806 1814
1384 1493 4363
411 3092 2065
4821 4833 3879
4788 4876 4614
3530 4945 2718
1700 4352 3054
1222 3229 1724
2417 2555 1564
1810 4003 839
4436 4651 2728
2793 3124 2679
4364 4656 4509
1242 3281 460
975 3087 4256
1212 4264 2558
2546 2566 2944
3597 3816 1747
1512 4947 182
1535 3812 2638
3791 4492 3982
2238 4565 2238
298 3617 756
462 4712 3053
2979 4791 1147
2622 4483 4522
4801 4909 4610
173 4695 1792
4863 4929 4156
4415 4563 3462
1850 4825 2611
2773 3305 1476
285 1060 4756
2976 3478 2569
3641 3811 3739
2910 4966 1390
2412 3465 4312
3620 4958 1722
160 953 2989
1341 3684 3637
4895 4911 2739
3926 4459 217
644 2671 4936
1708 3264 3131
3077 3553 1371
643 1826 2957
4749 4760 4325
4464 4970 3094
4242 4875 4748
1984 4758 2114
4584 4829 4715
1429 4676 4610
318 844 4175
1567 3928 2716
1845 3498 4738
2738 2875 1856
4886 4895 1603
3405 4616 3215
169 3042 2728
1837 4431 3733
1285 2985 4530
3977 4867 1753
4713 4953 296
3609 4446 1787
1952 3751 2645
2059 2659 3870
4822 4969 2244
1455 2361 4942
3673 3739 857
3978 4892 3047
2103 4575 4679
4792 4878 2868
3760 4413 2424
2013 4219 1132
4553 4584 2342
2651 3642 343
1289 3432 4652
2542 3981 1326
108 3778 882
4159 4897 2526
2532 2683 327
3896 4621 4541
4595 4988 1990
2966 3387 3178
1115 1530 4551
3905 4122 1621
121 3828 943
3962 4558 844
1590 1695 3398
2245 4217 3778
42 1978 407
2816 4548 4987
2115 3668 4288
4623 4680 1529
1005 3007 837
1967 4899 2687
3607 4925 4256
2463 2690 455
2662 3211 4771
2633 4559 2663
3013 4779 4884
4315 4561 4531
4889 4953 3010
76 1946 2404
4245 4866 3284
3288 4910 2907
2036 4425 2019
1021 1365 1603
3388 4997 4324
2397 2909 2198
3081 4659 990
540 1463 12
2353 2730 2916
1921 1944 2517
25 4235 4329
1006 2738 3078
4954 4955 2603
1650 4684 2918
4199 4997 2180
4145 4410 4813
2902 4848 2929
681 691 4320
1013 1333 803
4849 4985 375
3392 4635 3793
1753 1948 909
3921 4140 1976
1935 2891 413
1071 1207 454
3708 4879 2006
1113 2053 4747
1909 3624 2490
1841 4497 1224
2274 3171 3056
1988 3856 432
3331 4415 3703
2515 3775 2795
1491 4544 2498
1436 4185 786
2173 3474 1777
2620 3437 2062
4133 4285 910
3376 3982 4708
2877 3122 176
1721 4142 3401
3201 4207 302
3212 4150 3040
242 990 3845
2625 4482 3950
4707 4772 4627
944 4250 319
4998 5000 2549
4540 4663 991
639 3495 3162
3511 3809 4072
4077 4661 3298
115 1027 931
2147 2745 4022
4525 4898 2885
4053 4965 3558
3951 4739 4999
4415 4448 1818
2339 4448 1360
1738 4353 1799
4550 4699 4682
3497 3691 488
1778 4636 1510
528 3193 3030
3055 4450 3073
4296 4848 463
1696 4930 3074
3825 4190 2341
2704 3703 1192
4691 4907 2433
1075 3069 4776
542 1694 3153
2251 4292 2882
497 4745 2553
998 3166 1651
1803 3131 792
2647 3791 2159
2093 2864 961
2062 3706 4915
215 4762 3372
2508 2926 2180
164 2158 516
702 2152 4057
2999 3721 3841
4049 4732 835
688 4373 1138
1161 1620 1771
2637 4852 344
1468 2783 549
1917 4759 1506
4407 4524 198
4426 4576 2587
4146 4193 2664
675 2008 4287
2707 4683 4916
3006 3230 1976
1200 2802 3290
995 1235 2304
447 1050 3994
469 4464 3475
3073 3278 4969
3040 3475 4842
301 4561 2848
3576 3947 3268
2103 2869 3449
4552 4947 4774
2300 4435 2780
4966 4988 739
2302 4837 3767
3478 4668 4410
2753 4843 3743
3262 3310 667
2496 3691 3320
4486 4944 2236
1457 2849 3540
300 4135 1595
3014 3554 4468
4289 4626 4146
4828 4938 2657
1330 2148 4072
4700 4785 4564
1120 2874 2860
3906 4572 3952
1669 4054 3581
1987 3402 2062
322 2840 157
4413 4432 274
1791 3273 1030
2351 3368 1467
3386 4533 1684
4322 4715 4989
4268 4868 3996
2948 4691 3729
2262 3482 239
3208 3451 195
1347 4012 1250
1793 4657 428
4037 4238 558
4160 4709 1081
461 1741 1962
1813 4257 2381
1321 2588 3314
3974 4611 3562
446 3370 191
4485 4954 3412
3470 4972 922
862 3971 893
2580 2685 3167
2420 4552 2133
2314 3231 2766
1260 3967 3737
1038 2417 3658
2873 3744 2728
220 4763 2395
3010 4361 2570
2186 3018 566
1398 2461 1972
1427 3732 4470
4537 4844 4660
361 3470 4984
2877 3774 3600
3986 4318 310
4753 4925 4778
137 1604 3207
1997 3260 2450
2310 4794 2656
377 3723 2715
3585 3903 3139
2555 4212 1083
892 2337 4095
2185 4056 2138
1041 4348 492
2612 3566 2153
554 3507 2208
432 3583 369
3494 3575 1901
4253 4459 613
2730 3705 395
4498 4649 4703
491 2890 4636
3021 3487 1840
3463 3801 1405
228 4562 2697
4535 4811 4159
2455 2737 2094
553 3787 2907
2014 4926 4254
3107 3443 4200
4394 4587 4865
4439 4597 824
3920 4741 578
3214 3527 2129
4340 4708 1374
4021 4440 1508
2989 3637 222
4919 4986 650
2063 4701 2365
4905 4937 4397
1744 4225 1976
2523 3624 3173
3324 4946 1622
4194 4658 4817
4268 4721 4147
1862 2625 1106
2948 4636 1523
3822 4701 3146
15 2631 4476
1702 3982 4139
1545 3814 4971
2306 4780 2994
2639 3695 1611
2017 2238 1164
1919 4213 427
4837 4899 738
2492 2643 3765
3510 4484 599
324 3895 3426
4934 4944 3891
2450 3807 313
1168 3580 3516
1568 2495 4955
4484 4878 3321
4010 4092 1485
884 2930 4992
4507 4989 3128
1960 4444 2258
2988 3905 3706
129 172 2174
1443 4155 4558
1194 2065 2854
3871 4747 2241
2992 4784 2849
135 3316 4095
3698 4302 1629
2843 3443 4115
3534 3914 4062
4415 4873 504
664 3652 4427
3450 3723 1117
2026 2181 1487
4793 4938 1887
1488 3688 1399
1498 3632 976
3676 4422 2126
4036 4402 4907
1533 2298 854
2899 4029 122
2685 4378 1538
2835 3254 3775
1622 4071 4584
3918 4529 2168
135 3191 3832
2217 3724 3713
2270 4711 3443
1316 4466 2259
89 4819 4672
4683 4742 4677
4706 4795 1747
684 3230 2127
2850 3604 3001
4219 4238 2701
2985 4421 1772
4474 4964 1751
1880 4134 3457
711 2122 2198
3053 4349 544
3255 4580 1391
3315 4622 3059
159 367 2935
3040 3629 296
1856 3199 890
4799 4966 1664
971 3263 477
4193 4996 2224
1977 2314 3590
3453 3984 421
2017 4993 4928
3240 4465 1179
2965 3920 282
811 2529 3256
1214 1959 3949
4139 4144 3629
3697 4307 1133
1109 2701 4498
1002 1271 703
1254 2356 178
3688 4424 3032
4284 4796 3683
1744 3685 4892
750 1814 1424
2182 4419 925
1619 4469 1997
793 3787 1678
1200 4457 2870
3462 3539 1596
3229 3797 4431
711 2046 1287
991 2096 3996
4344 4458 4445
3820 4233 4682
1826 3313 2089
3001 4088 1175
2919 4447 3584
386 3279 648
2407 2657 1946
489 3159 452
3293 4669 3397
1600 2377 3523
683 3449 583
4199 4402 4528
4343 4626 4507
59 2986 3711
3125 3355 2693
137 2338 4929
3440 4225 2020
4077 4560 3403
2940 4011 3486
3803 4275 678
3367 4591 4591
844 1047 4974
437 3206 2176
2163 3006 3066
3716 4434 4026
1531 4201 2962
394 3798 412
3283 3632 770
4772 4957 3766
236 2450 31
4881 4886 4219
1234 2011 454
4044 4274 678
2320 3530 571
1531 4192 3406
4436 4477 216
3420 3949 2187
3878 4706 3011
2329 3468 4092
3463 4786 64
360 852 4409
4112 4782 4733
1877 3394 746
4496 4680 956
3468 4389 4095
3787 4460 952
3417 4252 1262
1454 3831 3862
1878 3723 3972
376 2788 695
2496 2861 1069
4690 4723 4476
2193 3809 3295
3188 3610 2131
561 4185 3825
1467 3069 2547
3195 3720 2048
598 3624 1878
205 2151 3191
3112 4784 4598
3917 4622 1497
218 2559 819
3113 4719 1250
1990 2180 1288
4773 4873 4847
170 1201 2611
3918 3974 3110
2212 3787 346
1983 2025 562
1176 4219 3414
4281 4713 4870
2096 3863 422
4967 4972 659
2938 4478 3954
1065 4335 4186
1560 2436 1772
3588 4435 4351
1505 2371 1115
4031 4648 1467
4862 4944 4243
11 654 3705
2529 2648 3215
2559 2760 3421
2488 4492 3071
331 551 2171
3465 4663 2518
2640 4452 1040
56 1296 1858
1876 3247 3683
2334 3058 3589
918 3479 1068
1238 3922 1668
1898 4351 3485
2502 2536 2593
1043 4664 3971
3539 4398 4042
4386 4564 4413
3576 3588 4911
141 2051 1880
1565 2966 4539
2888 3226 2145
3812 4476 4124
3975 4567 3510
3378 4939 3379
433 3337 2792
4945 4998 2883
1275 4832 717
3510 3832 2245
2101 3930 3235
2369 3342 752
1996 3325 2625
3885 4368 1310
461 3466 1272
1890 3929 3421
173 2103 3525
288 954 4028
849 1552 1949
1068 1073 2148
4059 4573 3731
1486 2751 3099
4974 4999 428
1684 2554 440
4696 4748 697
26 3720 1045
4418 4471 3302
3599 4199 389
4287 4338 3815
3206 4233 1333
3132 4219 2717
1429 1951 4700
3157 3990 3522
1205 2185 2560
602 3279 708
2960 3088 3150
311 2197 2311
2889 2991 1270
1356 1597 3637
1606 4622 4483
1721 3010 1453
1767 2105 817
3503 4366 4388
1745 4750 615
329 1836 2826
3651 4105 4058
1445 3863 635
160 1935 1874
4651 4670 4842
4670 4702 870
3733 4431 3333
4425 4702 120
3776 4982 2221
757 4837 1107
4240 4905 4384
1503 3577 3531
4220 4820 948
1758 1846 939
2944 4120 3859
2092 3907 356
2148 3698 3166
3169 4944 1502
413 771 2731
2881 3941 3286
1532 3323 4355
4154 4574 4624
2428 3164 4201
1985 3946 372
1275 3730 4980
1457 2412 1558
1168 1278 3152
3685 4007 4362
4871 4924 4793
4965 4984 3167
56 4557 1873
4675 4833 1152
4666 4754 4299
1089 2088 2924
1811 3354 4877
1691 3965 3146
331 2583 3275
4190 4453 3005
2274 2814 4802
846 2217 2808
3889 3980 2049
187 4089 1490
4356 4803 994
4899 4971 1123
675 4536 469
2111 4181 1510
398 554 3458
983 3339 2561
823 1279 2209
1736 3726 684
3781 3896 53
3870 4130 4840
4279 4343 1779
1069 3808 99
1446 2901 3802
1713 4581 4997
1699 1835 1639
794 4212 67
2577 3595 1010
4531 4984 3909
1743 2694 4507
4302 4973 2259
4637 4857 4846
2032 2251 3808
2717 3258 1074
891 4753 3536
3812 3890 560
3256 3880 1932
149 791 4103
1631 4475 3160
4147 4606 2161
1916 3700 1991
2395 3972 556
4156 4747 861
3858 4216 2965
4230 4335 2268
233 2246 1746
2767 3863 1987
976 1098 1738
857 3464 3349
4955 4987 4165
1200 1951 3680
3168 3207 3906
827 2372 1703
3414 3572 1192
4852 4980 3812
3888 4678 1886
1708 2333 4170
1290 4304 328
4907 4910 299
1986 3981 642
3389 3572 3244
2244 2274 3857
414 3566 413
3952 4527 1154
2170 3893 2270
4269 4906 3457
3551 3609 3355
1828 3478 302
1473 2535 622
3229 4555 2148
293 4682 2095
4931 4937 2854
2531 3394 2709
3008 4410 2858
2022 3396 3821
1572 2105 1651
2530 3881 2798
1604 4048 4558
3980 4018 4370
4345 4498 2316
2910 4635 4185
168 3733 887
647 1358 488
3867 4607 3223
3015 4104 563
3114 5000 1886
4463 4614 4425
1758 3755 4206
3973 4252 3250
4222 4412 4294
4367 4759 941
4936 4997 3159
1805 3789 66
1880 3400 2629
4685 4846 4530
1809 2370 2032
381 773 2678
3308 4069 325
1636 2877 3304
2273 4287 501
39 153 3771
87 980 712
3691 4492 2562
1590 1755 1491
314 2166 166
3818 4332 2876
234 622 2717
589 3623 351
670 3910 3903
3627 4019 160
736 2539 1675
3122 3575 526
4267 4780 131
4380 4914 275
4096 4190 3795
2674 4208 214
939 2381 1638
145 4094 985
2492 3881 4601
4323 4329 3512
1039 2528 573
1989 4881 2834
4055 4447 4712
1930 2834 2325
213 4602 4605
2188 4139 243
3486 3836 490
2115 4600 3094
4862 4974 2420
533 3344 2657
173 1116 1055
4599 4821 1022
3576 4735 124
1274 4049 2506
4205 4668 3518
2979 4720 3020
2973 3243 2925
4130 4681 152
2217 3971 901
3943 4217 3675
3243 4296 2953
673 2763 3689
3476 3556 349
4244 4691 1604
4115 4596 2965
3924 4331 2507
766 1804 2405
2056 3669 4904
4037 4955 2397
3870 4518 2617
1275 2834 4651
3105 4673 4204
4519 4607 2339
2632 4299 4901
3471 4541 4701
2307 3519 4350
3467 4120 1733
2110 2364 3187
364 826 3474
2745 3914 2549
2354 4095 3430
3911 4365 3937
4217 4953 2571
1615 2987 3686
1753 2052 3652
1934 4957 3527
1129 2991 2446
2416 3843 553
3927 4063 1221
3723 4399 275
93 450 775
2820 4378 1903
515 1779 1129
3826 4612 277
613 1142 4065
4984 4999 3707
843 3251 2952
4979 4981 58
123 573 981
4990 4995 3731
1152 4870 469
4778 4782 3449
4203 4245 1455
43 4198 966
3669 4686 1759
965 2848 175
725 2477 2458
4423 4945 3306
2977 3544 2225
361 3839 2645
4975 4987 3355
1106 2607 93
261 4681 4775
3130 3903 1410
3220 4983 287
1791 4541 3942
348 4547 2816
2543 2582 3372
4921 4938 4401
1215 1543 3834
4015 4567 4779
367 3572 2024
4592 4907 4380
674 1834 2034
151 4160 2408
4021 4410 3630
1410 3311 4292
3538 3678 3679
1595 2071 57
4391 4876 1605
263 2767 1210
4427 4675 3879
2030 3276 1322
4570 4581 669
1262 3774 4581
4034 4193 2748
2231 4125 3310
3348 3781 530
