5000 5000
2867 3744 3480
2042 2563 4357
541 4136 2670
1641 2495 1636
3457 4303 779
1298 3466 2464
702 1772 3567
132 4029 1959
4970 4986 4443
1722 3248 10
3077 3150 801
240 3416 3933
1869 3169 3682
1400 4520 3317
4521 4848 157
3280 3642 1771
3501 3645 4726
2212 2722 728
2646 2693 2568
3871 4883 533
475 3059 988
3436 3771 1720
4465 4687 4132
1569 4755 3036
1973 2396 159
583 1140 1943
238 518 830
1156 1962 3205
536 1987 3983
862 1379 4719
3401 4665 4437
4623 4652 4949
4972 5000 3410
1520 3574 3634
2959 3782 2982
555 3038 1716
4930 4947 4283
3214 4127 735
4772 4801 2384
1130 2320 1965
3749 4828 3875
1008 3834 1775
3726 4401 2841
2998 3400 1776
644 3840 4132
2820 3854 640
976 4268 4229
1258 3627 4791
884 2992 4855
3816 4360 2868
1010 4738 2845
1362 1784 3081
3743 3843 445
1065 2512 50
484 2002 318
1242 2678 3698
3215 3850 615
3613 4603 4325
1770 3711 855
1714 2823 4938
101 2267 2982
1430 2822 480
1362 4183 431
3803 4930 3116
2695 4651 1787
1855 3717 756
2472 4923 1685
1734 2362 1651
434 4409 2631
2924 3478 4288
740 3722 2643
1348 2128 3676
2298 3840 692
1283 2901 2018
3860 4584 1321
1292 4357 1864
1479 2438 2231
2207 2344 4479
3216 4456 527
2484 4133 850
1352 3618 4937
3810 4160 3628
4490 4924 2031
3278 4957 680
1329 4266 3430
2120 4663 3908
4568 4782 2029
906 3386 4108
4435 4577 3623
4842 4947 2478
4811 4899 2558
1279 3345 3332
4456 4785 2453
1145 3928 4595
3404 3550 2853
786 894 4424
4717 4728 1744
3480 3883 310
230 1268 4832
2362 2818 3111
443 1944 2586
2615 4761 804
3403 4409 3002
3447 4581 1574
3675 4424 4244
567 1894 4320
2131 4374 165
884 3707 1703
903 2572 405
3159 3173 2876
3144 3716 1171
2950 3959 4244
1748 2902 603
2981 3551 3305
945 4172 2174
3691 4952 4479
2199 2588 4504
2491 4260 4340
2709 2827 126
3488 4012 1416
2437 4783 4611
193 653 2737
3399 4122 4682
3127 3289 2061
2579 3898 4827
2432 4865 3670
3762 3953 1084
4507 4701 3236
474 3839 4822
4785 4887 1307
4651 4973 3925
3269 4593 2794
542 3235 2621
122 1877 1408
4780 4915 4344
69 3025 1860
2406 4370 2040
3095 3119 2831
2825 4110 1351
3171 3856 4042
4280 4583 3204
292 2234 1247
3996 4585 27
2521 2564 4209
1722 2529 726
1908 4105 3636
130 4365 2578
1892 4434 2282
793 4673 1169
4579 4984 2399
3790 4084 566
2947 4123 1989
4208 4615 1256
583 2506 1514
3725 4169 1563
3134 4792 1922
1110 4451 3522
3751 4084 3010
4380 4615 3933
2817 2873 2319
2363 4875 3492
1217 3352 3153
395 1915 692
1821 3840 2057
611 3508 4954
1707 1725 3011
326 1486 4127
3954 4885 3680
486 1259 3977
2101 2413 3785
4076 4507 967
1166 1791 3407
2999 4739 2787
4804 4947 910
1667 3706 4507
864 3546 3920
3397 4881 2911
4502 4708 4397
387 2683 3924
3795 3840 3273
3416 4767 1537
833 3036 4694
4700 4888 3133
1832 4648 3515
4813 4928 2344
1436 2608 1905
4309 4458 1878
2423 3071 3758
3816 4288 918
1430 4029 2032
4752 4855 1089
2625 2745 907
2989 3380 2947
678 4461 2285
45 1344 1248
2198 3421 4550
936 3193 1303
1075 4084 1198
89 1223 2030
4318 4760 4222
2803 4054 4593
2480 2888 3194
3884 4673 3275
4342 4886 3749
769 2038 2331
3423 4142 4681
3150 4349 3742
1062 1478 493
60 1999 1857
2511 3650 3502
286 3852 328
4625 4756 4877
857 1294 3992
2751 3586 997
4850 4885 1944
3560 4536 760
321 4541 1566
2194 4710 3944
1754 1938 372
2711 2843 3914
2570 4410 2330
3175 3705 4484
3234 3520 93
1448 1661 1504
4807 4839 3126
2114 3288 387
2841 3961 4607
2016 2513 2452
1370 3469 4650
2444 3028 3026
3904 4346 825
3277 4644 4293
1221 1619 4815
1389 1959 255
4001 4975 1769
679 698 1541
896 2650 3836
1073 2802 3294
3983 4701 137
3599 4369 4955
2302 4400 192
4492 4941 1123
1274 3966 3776
4173 4206 2370
639 696 149
3704 4194 39
4169 4491 671
2499 4030 4674
4985 4994 3581
704 4077 4369
3478 3770 4481
3787 4415 225
168 4544 776
2732 3372 1265
4884 4936 572
1433 2706 1620
2686 4871 4658
4797 4957 4240
3163 3484 4023
4254 4556 4349
3343 4554 4379
1167 1193 699
4156 4815 2102
2967 4771 2614
1081 2732 4571
1231 1762 545
47 2193 714
4868 4929 1654
4400 4737 1175
1295 2924 4436
1360 2616 3604
1887 4876 2399
2328 4634 1840
1747 2133 1909
488 2531 2841
1882 4240 4501
2981 3113 4073
164 2278 939
2015 4571 199
2689 4150 1361
1313 3429 1816
374 4910 4189
246 1730 2539
1893 3855 4763
2633 3642 4618
3835 4347 2795
2760 4880 1503
2757 4551 1647
4532 4897 586
4837 4954 2138
4720 4894 715
2650 4830 4992
46 3487 2991
2492 3117 2879
1743 2655 2177
2063 4900 4210
1409 1977 4264
1384 2558 25
4804 4939 3820
2260 2906 1541
2583 4571 3957
4479 4488 2088
753 2432 2715
1110 1430 1347
3957 4575 211
4733 4737 2472
1822 3977 2128
545 4011 3809
1221 4848 1357
3161 3507 4586
731 3220 4017
657 4220 2065
1643 4588 739
3521 4517 2453
1272 2563 4444
4284 4456 744
3105 4200 3575
2307 4362 296
851 4103 3099
2851 3534 1993
1588 2790 3102
4230 4745 2091
3255 3670 1369
2786 3245 1626
1243 4025 4616
3603 3752 1990
4447 4569 197
2693 4471 4265
1156 1626 4317
692 1774 3000
1850 3521 3290
3105 3427 46
1023 3440 1938
1488 4972 3395
4268 4623 1908
3599 4971 2404
2518 4570 453
4322 4922 3988
1000 1516 3349
4305 4922 87
3048 4559 3128
2610 3585 443
1136 2096 1662
2881 3790 321
1783 3159 4750
1710 4878 1271
3065 4115 3641
2227 4816 2018
3451 4744 1605
1028 4190 2336
2903 3359 2304
4171 4573 2334
4593 4990 3993
3382 3807 1219
843 2087 3394
2532 4410 3771
4763 4829 15
2282 4879 2721
2348 4091 2282
2837 3910 3718
3262 4689 323
3460 3935 3210
1160 4995 4585
1971 4978 595
2168 4312 2837
3937 4873 4495
2917 3644 540
4481 4995 905
4739 4816 4299
2360 3248 1435
1563 2210 2630
2825 4074 4817
2364 2991 3663
4233 4587 3509
642 2370 3791
2424 4983 4484
3618 4009 1351
4985 4988 2639
4236 4248 2686
3161 3241 4344
553 3649 1471
881 3966 3674
115 1455 263
2466 4204 3041
3326 4029 97
4601 4809 4534
1722 2538 2704
1275 2500 4815
1302 3913 1849
394 3918 4766
707 4006 592
4702 4854 4879
285 4536 672
4410 4782 2612
1837 4614 2522
626 3882 1438
156 3314 635
4582 4636 882
2496 3814 1503
3322 4430 1983
611 895 1555
1688 3311 482
2531 2621 1707
1081 2109 1468
4307 4847 3990
4098 4719 4518
87 428 2617
3839 4807 1188
1251 2853 123
2637 2960 2381
454 951 4161
1534 2765 1541
996 3452 994
1096 1649 3720
1776 4528 4016
4738 4933 3508
3376 3800 668
3623 3772 1138
408 3507 4492
641 689 2566
4361 4589 1841
4762 4797 2612
3325 4556 3888
3854 4870 1265
3857 4736 1026
3226 3377 4919
374 4585 4326
598 1414 1625
4745 4896 1699
2992 3616 3498
2631 4513 3430
4131 4307 4339
1554 3548 3000
3688 4761 4156
2780 3750 2596
1879 3293 2833
4570 4969 3429
377 3244 1176
142 980 3676
3842 4197 3306
102 1201 3740
316 638 778
712 1749 1149
1184 1737 1858
2818 4565 866
592 2565 3527
2636 3649 4541
4249 4295 2374
3277 4072 4763
341 2979 4654
4694 4751 1532
1452 1722 3137
1527 2921 425
2351 2744 4395
3905 4772 2974
400 1673 3753
3736 4975 3031
2742 3640 4881
514 2722 2485
4188 4831 1800
3665 4006 1528
3165 4649 496
2083 2394 4812
4932 4956 2711
772 2628 3790
854 4311 707
2831 4710 3915
3789 4432 1372
4395 4780 2507
4077 4742 1665
90 3455 2654
4309 4476 96
3466 4230 4645
2598 3123 2767
2283 2488 335
4996 4997 163
791 825 4729
2372 4014 347
1061 2016 977
888 961 3639
376 3943 1098
1909 3813 895
1357 4141 596
3835 4802 710
1438 4359 4236
3374 4770 3503
3020 4306 2445
4537 4778 4853
1193 2164 4779
1297 4487 2500
1545 3120 579
3539 3974 3310
3954 4277 3860
4087 4915 3295
1407 1679 1626
3259 3377 1397
3397 4258 2194
2950 4195 4759
2024 2404 1032
2063 2394 2811
668 4589 4919
3124 4118 3229
3047 3371 251
3261 3362 3881
1120 4812 2378
3035 4946 2487
4901 4943 3642
1811 2763 2793
3370 4150 2268
4976 4995 598
2708 3896 4021
4869 4975 4557
2792 4384 2844
3114 3624 4514
1038 2477 4660
2300 3459 4123
4702 4703 196
4600 4636 4310
4169 4637 4308
1988 2401 4862
1892 2708 946
579 1209 975
2500 3616 4299
2482 4807 4151
1301 1680 2953
3213 3842 3534
3152 4469 1483
351 2247 467
3904 4274 989
2095 3669 257
4877 4910 578
4701 4882 362
3178 4446 342
499 2794 4181
4062 4240 4008
760 1017 4437
4027 4220 1438
2496 3821 535
4207 4983 405
891 1179 2262
492 1186 3701
3298 4844 4307
2777 3522 4136
4000 4056 248
132 4903 302
344 4475 3951
519 2112 2674
3666 4278 4178
2393 3889 2525
2081 2286 2596
4691 4749 3993
1833 2832 3043
3800 4151 3112
2426 4057 2187
3757 4372 1605
1643 2461 480
3744 4848 3818
4965 4990 1746
1656 4722 3794
2765 2865 69
4724 4791 994
3366 4532 227
1282 3498 2217
253 1463 1481
238 493 2274
4392 4764 834
4587 4607 1524
63 420 20
4647 4764 574
4728 4908 295
148 2512 3249
1366 3021 2868
3375 4904 2423
3449 4120 2848
976 3165 2498
3347 4287 2465
2939 3821 316
289 3220 3057
917 2635 322
3925 4844 2041
855 2938 4596
4133 4559 1192
3866 3979 2276
1829 3687 1533
2975 3764 1221
4592 4873 2089
2330 4355 1311
44 1031 2524
4250 4842 3796
4548 4926 3810
3087 4442 3115
4583 4969 1290
203 4871 4973
456 2783 4956
1023 1122 2667
2120 2833 2590
4956 4976 1837
4971 4994 2605
819 4523 601
1475 4946 1772
4565 4899 1554
4796 4802 104
4101 4130 2894
4642 4973 4570
1196 3911 1267
4336 4657 141
4468 4837 754
261 2839 1310
2530 3798 2883
3793 4136 2311
3985 4247 3226
3409 3912 465
4457 4597 1859
3750 4642 4567
4050 4910 2586
3272 4175 2223
4200 4772 2447
335 1743 4541
2894 3874 2355
189 306 2664
2461 3616 4532
1345 4829 908
347 1645 4498
3148 3252 1944
1548 2454 3193
691 4645 4176
4709 4759 3618
2288 4369 2979
2969 4749 2318
1104 4096 4437
2817 3285 4833
2247 4637 1426
4170 4657 2259
2301 2534 452
1334 2954 71
4138 4730 3391
1901 4550 3185
478 4970 4968
2499 3564 4175
1778 2639 3257
3758 4826 184
2231 4110 1506
366 3917 2278
4851 4975 208
2273 2739 340
3496 4191 3036
3922 4688 3392
986 2576 4272
3461 4836 1095
2826 4000 919
2422 4041 620
3216 4739 3599
4558 4591 335
419 1580 686
4973 4986 2821
3291 3470 4402
1703 4952 2541
2155 3229 2627
4480 4988 2218
2183 3384 2299
2733 4687 955
2587 4089 3224
2628 4850 2329
2882 4325 4244
3570 4920 1379
1837 2167 3926
267 574 3687
1876 3992 4827
4692 4753 4966
764 3874 1982
2265 2506 1492
1881 3764 3849
2101 2650 1857
4972 4991 2828
1855 1919 1419
292 3773 3136
1342 2957 3575
2878 3422 1335
2395 4739 2220
4514 4567 4499
1562 3262 2630
1549 3746 2986
1573 1575 1504
991 2521 1797
2490 4526 1100
202 4823 1715
4825 4942 1694
1805 4438 3056
4313 4634 827
3489 4178 4044
3729 3750 4359
2917 4093 2578
4508 4918 294
2469 4095 1991
3112 3120 20
1548 2714 2579
2232 2277 930
4371 4480 2190
2736 4638 4594
1087 1762 4399
69 3133 3395
3783 4960 202
408 3967 2071
4132 4235 2268
887 3438 2166
3997 4315 213
2556 2672 1103
139 3247 3216
2733 3490 3454
2987 3065 3493
665 4408 2454
3087 4045 3716
4054 4237 2344
211 4861 1961
2131 4435 3658
1742 2320 2400
2660 3681 1099
4626 4739 2019
4030 4824 2458
443 1690 4563
760 1208 4209
2042 3843 4006
418 880 4781
4596 4786 3482
2165 3010 592
769 1059 2013
3949 4897 1825
3034 4256 3574
3691 4250 2068
3106 3876 3942
3303 4386 1033
3785 4428 1226
2309 4107 3645
4590 4956 4057
900 4601 1407
564 777 2243
2909 3956 2328
1225 4200 423
665 2316 3944
722 2912 2026
2544 4572 1278
4217 4502 1960
1801 4538 981
1555 2215 2693
1226 2129 2484
3915 3945 4199
1143 3452 4537
2896 4054 4523
3947 4197 1634
3281 3984 32
511 1109 3217
586 4189 4453
201 4457 778
4935 4980 4459
1471 4243 3791
2903 4876 1240
4042 4771 2319
255 2232 4992
1059 1778 2041
2899 4674 1322
3436 4855 868
4650 4661 1766
3060 3704 1235
2895 4995 806
3752 4392 2812
2177 3880 2132
2185 4029 3201
2095 3027 830
3122 4173 1263
2877 2960 4296
1016 4005 3753
3836 4651 2243
554 1506 4572
758 2071 1083
2631 3847 546
2543 2598 4435
4414 4841 194
4337 4416 2597
1481 1920 364
4511 4941 3553
2116 2518 3940
86 4465 3649
112 3344 2687
2281 3593 1061
2531 4536 1922
3996 4455 485
4249 4254 3223
646 3497 3203
1408 2403 337
2719 3834 1984
3618 4687 2284
4255 4852 3386
485 944 3835
3382 4177 4190
4255 4299 271
466 3899 2574
1053 1195 252
1147 1861 4957
1298 4895 4863
1849 3650 3345
1903 2949 4624
3543 4027 3687
2686 4094 4989
550 3604 3618
2512 4148 1693
4177 4382 303
3534 3723 1784
4466 4543 4012
3146 4068 2029
3508 4747 2485
1703 4258 2411
3865 3941 463
419 4926 2230
337 2215 2940
2780 4888 3159
221 1425 203
3243 4752 3548
1660 1932 1403
2205 3414 1521
41 4593 3101
3087 4377 1547
4759 4891 1613
1434 4612 1457
1459 3196 1746
149 2766 1610
3507 4096 1331
1790 4917 1063
1736 3537 1330
3916 4269 896
4270 4629 2486
1101 2016 3369
2902 3441 1651
2534 4954 243
976 1806 660
3291 4794 2895
3709 4042 4254
3467 4898 3763
3766 4715 116
4865 4887 4306
2161 4809 4489
241 1211 1278
4263 4907 589
3840 4484 3229
4551 4795 2330
2340 2445 945
2872 3256 1846
2494 4081 259
2601 3859 3024
2267 4036 3749
2186 2270 1736
3142 4006 3507
485 1102 4043
4988 4989 903
1375 4517 1520
2805 3689 3633
2426 4779 2618
3237 3486 1585
2039 2546 4468
1568 3333 1282
3440 4113 2568
878 3097 2833
3403 4932 3848
1481 3673 1279
554 810 262
2853 2975 3442
4477 4772 4811
2965 4027 3066
222 1129 2969
531 1768 55
4342 4989 2756
3502 4457 3294
3835 3955 1814
3457 4000 4806
1336 2311 2339
4886 4887 4079
4408 4935 3003
2900 4683 1883
4285 4765 3227
609 4618 2786
2917 4340 2303
382 2985 1790
3849 3988 3812
4050 4428 1337
39 1118 3834
203 1766 3504
4237 4832 495
217 3830 3916
2546 4705 4401
595 3185 2419
1088 1165 4634
4497 4671 4183
2566 4063 2072
4772 4840 380
1436 2077 2966
42 1892 3566
2487 3007 2093
3987 4921 1182
2341 3697 1903
4468 4567 767
3110 3139 3859
536 1217 4496
784 4104 3452
2910 4938 3904
618 1362 811
2387 2975 4009
2801 4235 3966
3572 3753 1571
1565 4990 3748
611 2359 1155
4867 4908 3919
1946 2990 4434
2665 4446 226
4610 4656 4955
3553 4204 2687
1060 1308 344
4183 4761 1681
3231 4645 1114
4758 4867 2579
4964 4980 782
230 1626 488
2485 4521 3170
286 4386 1295
3159 4608 2037
4746 4757 4747
4683 4900 142
1877 4671 93
3504 4413 4011
4795 4996 1951
2350 3658 4673
1537 2172 232
6 470 3357
24 1013 1147
1818 2347 4688
1554 4325 3400
4103 4567 2458
4604 4851 2997
2992 4466 2432
4711 4999 2803
422 1702 2381
2835 3811 617
2958 3404 4346
445 3480 1240
3529 3589 3914
774 3712 683
309 1330 4823
1367 2772 2411
1516 2712 3423
3218 4629 603
3603 4591 2464
1752 4187 1731
2002 2016 3222
1971 2834 722
284 4069 903
3946 4371 9
3109 4019 4516
1604 3570 4302
2363 3501 38
4110 4765 4842
1814 3880 3298
2374 2425 3752
4555 5000 2161
3044 3969 3790
3797 3961 4811
4183 4628 2765
45 4651 3107
1168 4385 381
248 1411 2754
523 1159 72
4417 4819 4435
4723 4787 4599
3958 4115 1613
698 4091 2617
4004 4874 1602
602 2117 1860
783 3916 4482
4233 4236 1597
576 4494 3424
3839 4836 1156
3679 4289 4117
1638 4818 186
3480 4857 3879
4624 4701 165
1095 2316 3873
2933 3735 1713
1978 4464 3812
3661 4476 972
4754 4918 3505
2035 4036 4301
4688 4970 1143
3508 4662 4331
4691 4763 1755
3097 3876 4581
4204 4954 128
1171 2407 3374
4088 4603 4813
2826 4782 120
4737 4940 4715
386 4034 3978
815 3846 4021
1800 2276 4862
411 4409 110
3763 4197 3362
1998 2723 37
1810 2369 1843
1864 3797 1086
2855 3923 1007
3920 4397 3542
132 318 3455
3520 4430 4635
214 3971 2717
2724 3919 886
2137 3860 3149
539 2909 4301
4955 4961 3742
2678 4471 4867
2245 4291 2786
2245 2822 678
1866 2099 3672
2028 2543 1930
3948 4364 4123
2062 3185 2937
4199 4663 2233
749 4929 461
3057 4670 4014
2574 3398 2292
209 1571 3549
1510 2315 4373
1398 3040 4002
1263 3253 1571
87 2670 609
3449 4517 4288
513 2784 2594
4438 4676 706
1560 3541 925
2262 4359 3866
3512 4272 1778
4206 4671 4760
1056 1579 1337
2528 3299 3771
2581 4944 1889
338 3018 2682
3173 4391 1956
622 654 4208
4547 4913 620
1098 2569 4314
4264 4954 1361
3248 4794 1108
3837 4839 578
1659 4493 771
1821 4053 740
3823 4037 975
618 2241 3156
3167 4214 2587
1551 3475 4660
2682 4003 209
4050 4910 1526
2445 3388 1044
474 2147 4462
2451 2654 605
309 2701 1389
4379 4422 291
4955 4963 1205
4723 4724 4431
4842 4902 2171
1960 2309 3547
3926 4635 2571
1511 3962 969
3314 4870 1175
588 3859 1234
3047 3685 3672
3761 4460 1413
2703 3569 4237
1333 2128 925
4998 4998 814
1028 1617 2102
2325 3634 2016
2462 4717 3404
1875 3710 4616
1502 1515 3072
832 4822 2733
219 4510 1159
957 2119 1577
3645 4915 541
3152 4679 2437
580 1386 1607
545 4199 2373
4170 4572 444
2161 4659 4594
4105 4489 912
3950 4114 1985
4800 4862 1146
146 4720 3819
1671 4977 4205
4398 4969 1977
4602 4677 3362
3217 4661 4544
3176 4446 1476
2699 4379 4830
4924 4937 137
3658 3902 1315
3341 3843 3784
3961 4900 3287
1839 1915 304
404 540 4176
80 2663 4373
3431 4732 1250
1413 2316 1744
3578 4027 3928
557 1226 2716
933 2593 2405
4348 4789 1607
4072 4392 3557
1616 2035 3944
1452 2055 4305
4872 4943 1951
4288 4524 35
4728 4964 2891
3451 4369 1243
1499 3516 626
2456 3852 2903
4766 4968 4714
643 2607 1091
4036 4916 3409
3346 4453 4386
3359 4105 522
4809 4862 3257
1127 4526 3776
954 4868 4881
2916 3618 4050
3432 4943 982
129 4884 2508
2533 4958 2108
3275 3615 4281
3843 4363 4786
3437 4526 2888
757 4294 494
4920 4943 84
4408 4517 4150
1429 3395 4332
612 2108 994
3441 4629 3344
4003 4406 3195
880 3191 1631
437 1925 2995
724 3623 4194
3487 4034 3334
4497 4721 3191
3797 4255 2442
4415 4641 4177
1203 4768 2159
2135 3165 554
919 1812 3533
4670 4961 4114
4022 4914 4747
1545 2075 4827
2908 3050 2423
1196 2742 284
4495 4650 329
3954 4011 1539
3789 4345 4485
1143 3491 4544
679 904 4731
2192 2370 1956
4736 4820 3522
1663 4470 1607
524 4853 841
1708 4570 4620
69 2541 862
3203 4590 2609
1569 4080 303
4017 4887 2523
4260 4387 4991
3483 4906 3121
3573 3738 3397
923 3246 3023
3321 3465 1677
4726 4898 1719
1108 4301 3242
743 4561 2560
3390 4953 3429
3721 4259 3754
1911 3757 4699
1028 1361 4048
565 2543 1524
3990 4894 4257
1259 2083 4158
4194 4409 3041
2736 4195 2231
2074 2596 3700
3871 4854 1851
2726 4631 842
757 4348 4579
4122 4840 4642
2980 4289 4141
4001 4321 3506
4664 4735 2586
3834 4326 4325
826 2330 4227
3740 3907 3436
2628 4669 2622
3039 3557 1189
1109 2172 4864
4011 4341 4481
2178 2861 1828
3431 3741 2327
4375 4523 2586
3447 4425 2407
1755 4226 3801
4994 4998 2955
1173 3455 2374
1488 4484 3902
4750 4884 1063
1787 4625 2546
2931 3343 2552
2479 4287 667
1899 4238 2831
175 3531 1641
457 2132 377
3689 4310 3179
2082 3885 2504
23 1632 4035
736 3148 3645
1816 4713 3910
2731 2834 1793
178 499 3698
2696 4941 2856
4203 4519 3736
2037 4505 3023
3081 3918 310
332 1575 25
1087 4580 3287
2060 4064 2926
2782 4462 3878
2623 3892 3468
1074 3399 2535
1989 3553 666
4751 4799 695
2780 4058 45
3053 3660 2290
2386 2426 3738
3987 4974 2723
2106 4620 346
713 4034 4562
3629 3991 3886
3505 4265 4042
1049 3587 4904
856 4922 2469
3262 4855 4562
1111 2096 4906
4211 4583 316
2547 4987 4127
3711 4495 1542
3622 4065 1389
4455 4773 4885
2101 2951 1154
290 2432 872
4245 4562 2635
2216 3117 4194
4817 4973 2446
4495 4654 594
1483 3574 1017
3029 4026 657
982 2892 1888
559 939 3998
215 3540 2975
3176 4276 807
1596 4058 774
1154 1911 3588
1533 2268 201
4571 4858 4604
1321 3792 3158
1247 4678 1328
3421 4758 3317
651 4303 2894
4679 4870 4836
373 4777 720
4103 4848 1032
2156 4185 2959
3481 3660 2638
1773 2533 2351
1290 3935 2377
312 631 2512
4517 4773 942
819 4821 2821
3353 4119 635
4147 4974 2630
1937 2416 3385
789 4219 4532
4237 4652 4281
1469 4278 3178
564 711 78
2417 2534 860
3803 4524 4886
2176 3395 932
3910 4155 3313
2840 3743 2868
106 3264 270
4235 4390 3246
1210 1335 1819
2273 2907 2069
3307 4242 122
357 644 2947
3373 4522 504
1698 2892 2003
2223 4026 4355
3839 4217 4743
2439 4025 178
2555 2892 1764
1567 2088 196
4151 4412 2263
4225 4411 2779
3187 4363 2003
1272 4570 884
3298 4776 2118
2979 4080 637
4916 4936 757
2408 3335 1864
343 4665 2795
3943 4065 330
608 2270 4030
1743 4237 1484
3600 4100 3484
3859 4257 1788
2042 3423 4463
2672 2952 3791
2497 3456 1015
2379 4269 530
1230 2215 2190
1017 4859 1188
2781 3791 1756
2897 3644 1485
2960 3627 4055
1294 2850 2809
2406 4202 3877
18 3068 758
478 1901 2162
774 3373 4091
3857 4906 531
1619 2874 4547
3219 3858 1283
1809 2411 2932
4949 4963 2575
1677 4154 1874
3915 4313 263
1626 1715 3018
303 4837 3036
3890 3990 1017
4027 4091 2061
2887 3301 509
658 1475 3174
3524 4773 4454
1199 1992 4339
2846 4082 3691
1552 2748 4071
4671 4932 2525
933 4469 2795
4194 4664 1660
3577 4218 4025
4854 4893 2268
4675 4716 53
2982 4095 561
910 3977 2318
4751 4790 327
2478 3054 3874
4236 4689 2578
4335 4342 4019
996 3972 1236
4350 4886 399
2203 3439 4268
2525 3956 3910
4160 4778 221
4346 4598 1848
3837 4931 121
4437 4983 621
3409 4851 4322
40 2549 706
1750 4409 4852
3088 3712 3119
2129 4734 3993
4436 4622 3765
4056 4221 3734
2628 3989 4224
111 4059 2002
4477 4719 1562
4516 4713 4962
726 4456 2817
1425 3063 1436
3783 4673 182
2597 2660 2688
1993 3573 4541
147 2271 3101
610 4038 2894
1941 4320 4754
1078 2225 4027
4893 4942 2983
1701 3917 3929
2462 4464 2946
3649 4905 4993
3671 3951 1144
3213 3552 546
3616 3750 966
3146 3420 4471
508 1161 921
3983 4529 3710
722 4886 299
3894 4363 1673
3462 3482 70
2060 2920 2151
1985 3910 3850
3154 4226 2845
4933 4957 4285
1499 4188 1131
4556 4967 3041
3961 4774 1017
3567 4850 1223
4198 4318 383
324 3073 2133
1135 2813 2867
1246 3657 4561
4354 4650 358
1809 2059 1735
4465 4846 3599
3108 3719 2368
1457 1790 2859
1462 3311 3360
3331 3706 1459
2163 2896 1571
1434 2955 1209
4482 4817 2169
2011 3722 1727
3017 4075 2588
4942 4989 734
4844 4882 4730
4569 4612 4878
873 4892 3807
3910 4713 1501
3818 4371 2558
1080 2813 4370
4475 4874 310
206 1949 1922
1039 4292 4891
3413 3927 3664
2518 2688 2499
3048 3117 3848
4436 4897 2356
2865 3462 1280
2976 4614 260
3654 3695 4071
220 4529 1686
2044 4329 2335
4290 4388 3613
1823 3108 3656
1486 1759 4870
4530 4624 4819
4198 4759 4004
1174 2912 2562
86 3834 3585
3164 4700 2881
971 3627 1748
2598 4422 1544
2969 3694 3824
50 4452 4373
4622 4835 2469
3409 3967 2543
3794 3871 444
1362 4953 527
80 2939 1823
4568 4814 4943
1703 3765 1147
866 1822 2543
1724 4962 624
487 2816 3640
2781 3138 2301
4228 4240 2655
2194 3423 2080
2130 4953 4638
2675 3344 2538
1076 4800 183
742 4832 4470
3861 4994 1088
1930 4567 1152
3323 3661 3313
4676 4834 2188
3684 4721 482
801 4777 2573
4456 4576 2786
3843 4988 3021
4389 4730 479
4916 4950 3125
363 2606 2354
1413 2615 3683
2258 2802 3577
319 2692 3982
138 2517 3892
1375 3333 4738
3819 4934 4643
626 4783 2376
347 1654 1965
2540 4416 2702
627 4098 4378
1303 4071 1492
2576 4809 1235
4847 4867 2395
3862 4395 881
2839 2863 942
4584 4879 2557
2339 3161 2005
4436 4464 3028
2953 3925 2362
2790 3512 1183
4559 4866 1308
4463 4749 1629
3713 3843 2764
3445 4201 3398
2009 4791 3259
1151 4438 1030
4867 4967 4733
4154 4580 4454
1889 4726 2605
2966 3976 4187
3688 4298 1389
1171 3702 1919
2508 3602 2761
829 4942 873
936 2500 2195
2922 3550 3315
901 2746 4910
3450 3733 2462
4919 4969 2633
2509 2898 2590
859 1722 136
2638 4982 4924
2883 3769 3926
1162 3685 1369
1660 2288 131
2850 4868 4500
3098 3210 4045
4674 4983 3367
4627 4706 2429
2015 4733 945
1333 3076 680
4121 4569 2625
332 4080 3527
1874 3386 2609
680 2979 4213
3547 4473 3671
1075 1694 3110
2224 4032 1910
3109 3578 4186
1699 2824 4427
1538 2658 4631
4746 4977 1215
3611 3736 2810
4697 4920 4880
1343 3653 2689
1600 3125 1420
3210 4160 1361
1392 2338 1868
167 210 1133
794 2942 681
1447 2299 4516
2428 4682 4614
929 1828 3001
817 4127 3537
1933 1996 4014
4254 4780 594
3533 3897 4289
1315 2550 402
3348 3748 4717
1491 1580 1734
2535 2673 1418
2967 4264 2397
4365 4945 1254
2073 2556 3853
4609 4782 2614
4210 4451 1571
4181 4643 3874
2389 4257 3587
2427 3671 2909
503 2801 4400
3786 4570 4476
4827 4931 2853
4516 4652 1785
2501 2979 778
1318 1632 366
4450 4900 4658
3986 4037 4714
4609 4655 3700
1573 2485 1574
987 4230 582
367 4809 3979
1282 2592 403
2094 4482 1325
4976 4995 416
50 1389 2562
244 1456 192
1686 4724 4039
4354 4608 110
3796 3993 242
2886 4671 3620
732 822 3392
4109 4312 2810
4539 4657 3474
1298 3913 461
1682 3139 3373
1896 3573 2996
4301 4607 4117
1931 4296 2867
3887 4886 4706
3950 4630 653
2696 4341 696
4314 4444 1160
1280 1597 2172
680 1260 3338
3909 4380 2998
279 2660 2611
4427 4617 3123
1289 3899 1628
635 4383 3003
304 2704 3066
1962 3531 606
208 511 417
1657 1967 1943
3112 4044 4091
2936 3740 1959
356 4964 4983
3229 3828 1791
2192 2494 4213
1600 4458 4426
157 3116 2748
3803 4940 4172
1737 2653 3192
3153 4950 4703
1647 2393 652
4976 4992 1536
640 4712 113
3483 4189 323
915 1967 4801
546 4028 2947
1054 4581 4342
3824 4699 1996
3360 4252 1553
2220 4860 2145
1528 1904 4988
818 3339 709
3538 4939 2889
1591 4944 948
1357 4594 2788
4776 4948 2509
3173 3428 3400
2833 3823 4988
294 2576 2594
2202 2825 4726
2343 3550 1780
676 2146 979
2735 3494 4713
529 1891 3687
4918 4963 2877
194 3188 1850
4953 4969 171
3004 3064 3178
708 2143 4729
551 3943 4800
4237 4520 3657
2541 4445 2496
3089 3582 329
3413 3637 3578
2012 2041 4018
3038 3995 252
356 3371 513
2764 3486 1952
2347 3096 4716
34 1518 4625
1462 4111 1987
4484 4674 4121
2778 4413 3980
240 3805 1109
3019 3411 924
2153 3399 96
2017 3204 590
1841 3825 386
2618 2740 250
3604 3874 1208
781 4759 2802
615 1487 465
3887 4248 3524
3397 4699 1058
4069 4955 1257
1871 4042 3780
4590 4757 3084
4395 4536 4159
410 4597 2013
1999 3328 3366
2687 4153 2123
74 3581 3742
623 4742 2583
243 840 3874
1104 4606 3782
2132 4690 665
305 3559 4313
1671 3252 1168
147 1173 155
1493 1672 3261
4284 4621 3246
2544 4324 180
555 2789 873
1263 2852 3753
764 3804 3030
2938 3705 1806
102 4236 1473
299 3148 4353
4308 4620 266
4105 4846 3670
1752 2866 3851
4788 4928 996
2034 3287 15
1392 2249 4670
3738 3762 3950
3429 3857 653
1003 3770 1447
1396 4174 3522
2587 4443 3732
569 3484 838
3222 3893 4622
1302 4076 1475
2133 2560 109
1720 3458 1378
934 3831 1955
20 3577 2965
2691 4589 1549
4465 4798 761
1141 3084 2478
3716 4094 3852
4166 4761 1979
2206 2833 2010
4639 4963 123
331 2172 3825
3498 4680 2832
1057 3142 2415
490 2092 266
190 1024 227
3972 4827 1953
1058 2018 4523
1739 2975 2912
2335 4429 4354
1035 4036 3650
2887 3941 2492
2007 3724 4206
2434 2576 1678
1602 2543 3797
4219 4333 3686
1975 2218 3039
759 3284 2958
3712 4500 2138
2798 4373 210
1744 4570 3002
119 262 3296
1650 2390 4433
1837 2873 2984
3088 4525 2489
960 4065 1611
738 2911 4198
2619 3251 3993
1510 3958 86
654 3491 1861
1881 4341 220
893 4887 2611
2161 3693 3550
181 3748 1572
3703 4099 4988
1010 4364 4433
514 4327 454
1433 2649 2975
3105 3774 3477
2803 3971 761
4500 4788 1455
1766 4457 4507
1317 2860 651
1301 1796 620
3033 3287 3988
1317 2885 182
1186 2616 2845
786 2301 4569
1489 2008 3806
3071 3414 69
2443 4613 2970
450 3297 4959
3050 4353 1718
971 1816 2052
4373 4719 4296
1518 2549 1091
4632 4686 2370
3754 3799 4013
1600 4014 2758
2859 3437 4658
2815 4598 691
2440 3753 4168
3698 4645 3517
95 1208 1839
1608 3289 2912
3065 3443 129
4812 4924 1268
3047 4108 578
3757 4214 1862
2016 2468 347
336 4489 4033
3085 3632 4295
1583 3418 4271
1365 3296 404
4705 4989 3008
4077 4818 3187
2613 4352 4550
4846 4919 2363
4966 4988 2440
265 765 3004
1599 4441 4418
1235 2835 2753
1141 4263 1329
3199 3338 439
3014 3616 2291
2665 3777 2003
2412 4237 3837
355 1899 3085
1834 3948 1212
3448 4529 330
4675 4994 88
3715 3946 2957
2528 4464 3822
745 2308 303
3051 4668 3850
4412 4854 3822
4135 4191 2632
4011 4947 721
4036 4659 3999
1793 4791 4988
661 4750 1727
695 1193 3929
465 2600 1752
3315 3801 2617
908 3899 925
3408 3735 3154
1330 2621 3044
662 4843 1921
831 3817 1814
560 3791 4333
2441 2868 2885
2081 2377 4698
2472 4595 2157
330 2964 2068
3305 4773 4713
4287 4478 2306
2873 3434 4649
3848 3982 4460
2355 4790 3240
2545 3338 3224
3703 4335 3547
168 1263 2710
2231 2953 1270
1987 2093 988
3822 4504 735
4507 4995 1288
1029 1822 4335
235 1039 3373
2443 4867 1670
4297 4823 4351
1023 3889 3378
4081 4232 4078
3814 3928 4065
2251 4192 2666
692 3206 1963
1031 1528 3514
701 1744 4458
3748 4857 2217
2535 4941 473
4911 4959 3606
1611 2060 3262
4812 4891 119
2631 4500 2423
1660 3755 2844
1513 2756 541
1475 3605 1461
303 4427 210
1304 4157 2337
2783 3020 2565
3387 4630 2268
1855 4331 2564
1311 1759 1375
1066 4833 3439
2331 2789 634
1673 1968 2303
2192 3785 3965
3370 3967 137
1996 4611 4454
2244 2995 1048
609 2072 2872
1787 2829 3476
3153 3202 1816
168 4261 1757
2765 3303 2580
1081 2376 2342
1820 3873 3667
1796 2883 1675
550 1218 1102
4351 4888 893
4588 4661 406
1425 1861 1826
4236 4292 2011
3881 4938 1036
539 1609 3523
535 4893 4389
1797 3154 1939
1837 2119 1864
986 3841 1522
4848 4912 153
4321 4346 345
3089 3126 1866
303 4750 612
1979 4074 408
4924 4932 1136
4453 4506 1006
997 2266 3956
4905 4954 1623
3964 4300 815
2185 4510 450
245 1627 1728
4161 4864 4203
1755 2511 1946
2451 3087 281
318 1900 2657
4453 4484 3807
1771 3166 261
1671 1771 421
2376 2884 4183
20 339 2537
3 4045 3284
1612 3416 1566
2574 4964 2177
3405 4980 3594
1774 2155 4904
3511 3753 48
1702 2574 1050
1754 1932 1667
3729 3898 4330
3530 3961 1761
1303 2024 2552
1849 3243 1345
1657 2763 3065
4392 4901 1118
52 3354 4877
3671 4269 1526
442 1249 4518
525 2587 1739
2283 4933 2579
4034 4776 3740
4394 4406 1957
3712 4746 1850
4844 4889 3719
1641 3939 3451
4536 4812 3379
3213 4523 3844
4888 4979 2084
2713 3703 3181
2322 3241 2000
1928 4488 1968
3548 3573 865
1595 3681 2887
3793 4589 3117
2071 2537 2371
4191 4843 3362
587 1130 2287
4589 4786 3586
1693 3741 3070
4836 4861 528
1842 4218 4267
1835 4226 1351
3907 4244 1715
3602 4782 679
4385 4870 3775
3123 4049 4431
1721 3732 3396
2762 4004 4664
849 1527 477
1555 2284 2540
1112 4221 202
4467 4706 3273
4872 4982 3620
2335 3290 4062
1868 1887 693
172 691 2217
223 3228 368
595 715 2541
2435 3806 3228
356 519 4297
1789 3073 3153
1565 3952 912
586 1188 4360
4768 4816 1207
4348 4444 928
1264 3657 1172
1452 4447 4222
4835 4886 3478
313 658 838
1720 3705 1725
3702 4409 1240
907 3834 293
3308 4811 1774
2763 4324 3479
1267 1633 2071
3485 4399 2510
3105 4198 4558
124 657 1116
3137 3759 3262
4616 4643 1643
2746 2806 3633
296 777 3374
4357 4463 2005
3052 4864 2564
3096 4375 2367
3039 4319 3921
1396 2915 3925
4938 4956 2133
4363 4655 4191
1168 4813 4763
3970 3982 2610
3420 3662 759
4793 4996 1494
257 548 1174
4087 4360 3775
3085 3922 3512
3648 4782 2299
3902 4658 652
13 2663 3738
1491 2987 2169
49 4922 885
3083 4497 4535
4319 4530 657
4866 4999 4062
2381 4006 472
1910 2325 688
4045 4195 437
2893 4100 3395
4221 4965 2426
1214 1821 96
4412 4531 4781
3357 4347 4116
2556 4481 2638
944 1112 4263
2430 2949 4850
1957 4153 1489
1642 2272 2860
622 1885 1738
4383 4546 2261
2437 4105 2251
4278 4909 2417
842 2389 4075
389 2580 1028
4103 4536 4158
1645 2855 3904
161 1905 794
2146 3646 2897
520 3003 4389
3662 3863 1581
1729 2392 3056
4620 4952 4528
4630 4663 1254
2513 4897 2235
3049 4690 4401
4114 4213 4796
4800 4917 2707
759 4011 638
214 3595 3273
4876 4888 111
3187 3390 778
2193 2244 4515
1171 2172 4020
3476 4588 2823
4212 4644 2388
3159 3891 3678
4297 4523 2057
2195 2789 2374
2347 4292 2186
3735 4096 4259
4290 4637 3728
2813 3852 3599
854 2787 3139
2516 2845 4612
1279 4088 618
1685 3046 2525
4086 4272 3432
2923 4756 777
2028 2622 1554
55 234 1571
476 654 694
4647 4942 754
1016 1763 2817
2514 4646 2784
4993 4997 4743
4980 4989 4784
391 769 2765
511 4259 923
3419 4839 4962
1548 3142 1214
4225 4700 4010
1444 4720 3342
1526 3454 2829
2426 3286 1607
1694 2601 4251
3649 4424 4970
1111 4232 2255
2390 3322 3749
916 4489 1705
3064 4158 4336
4491 4678 2066
2300 4149 4193
3086 4911 2633
2526 4621 3235
4537 4566 2779
1403 2939 1738
2382 2889 965
4244 4588 4057
2866 3795 267
493 1118 3701
427 4700 3728
4761 4799 4223
3830 4031 1447
2394 4852 2397
4859 4953 2738
1694 2290 157
3213 3942 901
4562 4797 4514
4205 4272 1944
2358 4418 1256
4835 4929 4762
1635 3122 3348
633 3474 1156
3753 4055 1072
3289 4490 2656
3373 4054 786
1569 3499 2822
3939 4177 2509
3164 3664 526
1532 2319 3711
3776 4743 3540
4017 4208 1000
1077 4944 2812
2187 3402 270
1396 1795 793
727 2124 1244
1842 2182 2471
3309 4545 4938
528 2756 4304
3915 4164 4649
1775 4897 4125
1803 4465 4767
935 3894 2733
2380 3486 1602
2848 3052 2848
2462 2994 4655
2549 2994 3579
3999 4414 464
3600 4375 416
4784 4856 2553
3905 3958 2383
4886 4948 2549
4341 4944 4336
4282 4528 3072
194 455 4629
414 1327 2156
2422 3291 2619
703 3650 1533
4401 4541 1846
3235 3859 507
2217 4100 1067
4810 4834 3111
3104 3787 696
3844 4222 4109
4410 4519 574
4041 4617 3286
923 1423 2714
2562 3663 2720
1384 4239 63
1210 3080 4802
2105 3180 3000
465 619 1761
925 3052 3552
1331 1987 281
1444 1457 4792
2470 3414 1607
152 2476 2457
1906 3095 2905
3363 3841 4211
3404 3839 3656
4350 4434 4084
3855 4379 4006
1791 3954 703
2190 4361 1336
522 655 1754
144 213 3621
3572 4895 4622
3508 4746 4454
3579 4685 1603
3493 4905 3824
1101 3131 1090
2878 4375 3784
465 4643 1731
1965 2887 1412
2669 3223 3646
1784 2354 4049
2708 3335 3722
4646 4667 3984
3382 3726 2881
2779 3769 3310
1465 1489 3335
4408 4575 1308
3040 4850 2706
3180 4601 905
3258 4850 1559
1523 3256 2150
4203 4743 1791
1894 4552 128
1287 2104 3195
891 3307 3351
2887 4727 1301
4626 4955 1824
3492 4835 651
4625 4898 2639
2060 4658 2005
4997 5000 4254
419 3598 4853
3515 3521 2614
2627 2922 1230
4972 4978 2701
2997 4834 271
4546 4659 1382
1586 2405 2426
1163 4947 703
4564 4805 3840
2215 3957 3099
3318 4246 247
1523 2256 3023
677 2887 578
1799 3120 289
817 1991 2097
4040 4759 139
1723 3019 3721
2425 4574 26
1661 3501 4894
4563 4784 1377
4715 4787 813
4025 4909 1791
721 4789 706
3730 4003 114
4285 4697 2173
3786 4960 3173
4885 4931 3172
156 3714 3282
2606 2896 1473
4449 4635 4900
3048 3599 4778
1641 2620 4968
2598 4789 378
632 3448 479
947 2815 2580
3665 3807 3785
1822 4664 18
2127 3854 1065
952 2915 4617
2394 2434 876
3814 3836 566
4722 4948 2831
4387 4482 2790
740 2242 1065
186 933 4016
2423 4835 1182
4935 5000 1105
1322 3501 1866
2422 3919 1914
1803 2423 1090
4792 4803 3456
1246 4155 3241
3216 3797 1255
4635 4791 3295
4016 4052 3140
1985 2659 436
2011 3632 1011
1845 2368 3477
2259 4927 391
1015 4209 3802
1232 2244 1212
495 562 817
4206 4538 2741
3521 4268 3039
1707 1721 4238
2038 3637 514
577 949 2679
2060 3383 1536
1844 3942 648
240 399 2042
4231 4335 2423
4430 4741 3303
1869 3050 460
85 4650 4852
3642 3820 3562
3040 3180 3590
893 3650 1128
2784 3398 4005
2509 3929 4404
912 1517 4151
443 2723 677
2046 2424 686
1156 4884 4576
3105 3921 974
3572 4851 617
189 3634 1583
447 2743 2323
2628 3133 4443
1934 2753 1296
112 2987 4931
4887 4956 2598
4732 4810 2884
4185 4194 693
1731 4079 4030
1588 2291 4797
2700 3142 2743
2429 3410 3362
3371 4423 578
4487 4556 4443
2996 3393 3756
2002 3433 3390
2298 3288 1086
4682 4857 3249
420 1377 874
3045 4582 2201
3478 3559 155
333 2453 4537
1105 2047 3900
353 1239 1773
3983 4811 3358
2958 4910 3018
197 3351 4764
3895 3956 1536
1739 4961 4051
2120 4452 2607
432 3764 3416
1265 4977 3197
4205 4592 2708
4948 4963 2031
3945 4496 3300
3327 3545 4604
3118 3256 3726
52 1908 2780
2649 4706 835
2371 3688 2854
4044 4854 4620
1827 4058 605
3812 4413 1365
1743 2395 380
4538 4764 763
3739 4268 934
3241 3420 345
4577 4852 4558
4179 4242 1375
1584 4903 2
1336 4464 2430
4801 4816 375
3975 4775 4193
3614 4535 2801
2358 2823 557
3536 4200 192
960 3865 2168
1569 3855 3165
613 1967 3872
107 249 4801
2434 3086 1881
1464 2089 493
4161 4505 269
2032 3385 558
4958 4990 3915
4416 4981 3289
989 3488 3547
2505 3023 2613
3927 4410 4019
3825 4035 2201
357 1297 4861
1785 2090 2673
1664 3419 3339
1877 3781 748
3832 4909 2120
3501 3545 4450
954 1122 944
2506 4201 3778
3247 3273 1007
3654 4186 1620
4955 4985 3963
4068 4760 4490
4651 4675 874
4414 4997 2494
1571 2877 3626
4239 4942 3171
3895 4368 234
2701 2788 2801
2396 2489 3731
3326 4289 2877
4741 4914 4177
4621 4872 3119
4170 4704 4559
3028 3905 4508
3542 3679 4849
4920 4964 1185
2259 2886 3395
3393 4024 393
1368 3230 302
1614 3851 2142
2878 3836 4364
4849 4880 3619
2962 4091 2057
2090 2214 1894
1552 2099 4103
875 4665 1363
2177 3394 4173
268 4140 1976
3607 4038 2264
1766 4243 366
4748 4921 4397
4757 4877 2262
2079 4062 1278
428 4590 3796
4521 4889 3866
3626 3694 151
2116 2440 3247
1223 4075 4671
672 2969 2371
2934 3549 2091
1710 1847 1580
2750 3863 2152
1180 2019 4807
3262 4691 4412
2714 3344 2807
3140 4200 4173
3774 3835 3735
2144 3062 1373
377 2644 4583
4601 4681 2767
1565 4263 461
619 4597 3443
2690 4915 3570
786 3381 1092
2013 2900 2438
2682 4841 520
3434 4846 3332
185 4851 1821
4337 4857 4452
3027 3861 2839
668 2839 4999
1021 2515 4019
4492 4521 3032
2969 4292 3904
2759 4082 69
4528 4787 3878
1600 2826 1797
251 1117 603
2351 4552 376
543 4491 3942
1675 4819 1746
4676 4997 2420
4868 4959 4387
4544 4648 4997
3075 3740 802
1314 3360 1509
4374 4975 3456
3812 4624 504
2196 3222 4727
2584 4366 3700
2084 4329 4728
2845 3766 4768
4615 4800 1553
3190 3532 4247
2927 4844 2631
3070 4414 4920
4151 4707 2365
3964 4722 2106
4681 4682 4176
4919 4924 2611
3450 4679 902
306 505 2349
539 1799 4393
2522 2908 4094
134 1516 3015
2372 3745 605
2157 3287 4507
2856 4114 1290
4675 4813 2741
575 2832 3674
1476 1747 3190
2845 3964 1788
1999 4817 255
3551 4642 4519
2182 3633 934
1266 4417 4556
2612 4198 917
2804 3710 1616
3152 3768 1147
2353 4759 4117
3654 4849 1304
4651 4702 1684
493 542 1002
4463 4601 651
2310 3527 2034
4573 4798 1670
4655 4760 1422
3549 4856 3671
4050 4406 3862
2 3961 3991
2158 3376 548
1802 3888 929
2200 2360 2131
3240 4221 2347
1162 2702 1197
2936 3723 626
2460 4063 2861
852 3183 1918
3500 3924 4994
3502 4656 3653
613 4607 469
2011 4238 1519
3263 3965 1655
1733 4596 723
636 3480 1606
1352 2354 1993
2961 4370 1873
4993 4998 4012
306 3119 4656
302 2164 2828
3480 4072 2996
2725 4893 2235
2491 3074 4138
1018 2468 1848
3470 3555 1623
437 508 4846
1150 2714 2597
715 2186 4512
1424 2427 3512
3410 4348 1027
1875 3517 4158
2423 3376 341
567 829 1479
4605 4650 607
1522 3197 1619
3352 4375 1965
3798 3904 1830
1017 2044 3245
598 3602 1661
3591 4794 4413
2318 3916 2467
2044 3128 2577
1271 1530 3620
1034 1425 2271
4836 4901 1786
2528 4640 4950
3878 4184 1410
3304 4009 1946
1131 1804 2813
4599 4738 258
1891 4166 416
4371 4901 2046
3741 3917 2160
1572 2732 792
934 1466 3196
4493 4967 3879
2320 2813 2485
782 2870 3493
1915 3366 3403
1196 2621 4031
4863 4884 4870
1477 2368 2869
3892 4765 4575
2144 4502 525
4253 4334 2690
4755 4865 2915
4409 4659 3311
4934 4968 1816
763 3925 1962
2044 4573 1173
2798 4928 1034
1417 3107 3726
4451 4733 1230
234 3257 3299
3641 4619 3313
3586 4897 2115
1478 4052 348
812 1389 2907
3091 3929 2579
2896 4808 2652
3602 3966 998
2962 3779 703
2344 2344 2023
4128 4985 1253
4443 4885 4029
3999 4885 2047
4367 4472 3754
548 4353 970
3948 4532 2727
2544 4617 1583
2884 3330 3902
3605 4665 1044
2279 2682 634
1646 3205 1920
3915 4210 407
399 1939 397
905 2822 653
746 4696 3873
2191 3415 1589
3574 3919 957
4008 4229 3409
4333 4847 162
4878 4985 130
3044 3976 1480
3404 3447 4105
4346 4878 4274
4613 4697 2744
2822 4398 4934
666 4614 3494
1671 1734 1343
3389 3960 1599
696 4503 3539
4176 4487 1244
4105 4380 1213
2398 3294 960
4371 4455 2133
883 3753 3436
4055 4732 3347
4085 4346 4886
1745 2661 4352
4831 4989 3548
3903 4231 3357
3828 4674 2002
2751 3658 4585
116 1160 4157
3673 4932 1215
350 4183 1394
3501 4613 763
1186 2578 2426
4353 4872 2393
3591 4463 1010
3607 4683 1325
4894 4912 932
407 586 2322
2759 3267 927
598 2116 3224
3496 4457 2047
1219 2975 4840
4770 4798 1630
122 1140 2303
19 3373 2610
4190 4943 3137
3113 4471 1468
4212 4429 1820
3771 4536 413
1069 3622 635
86 3291 3853
2909 4022 94
3600 3636 3
2696 3266 157
3593 3613 48
2713 3045 3
2629 4137 2226
1972 4784 4617
1761 2119 2442
3647 3902 448
2174 4618 3624
580 2473 1373
3526 3803 4609
4222 4735 3272
3622 4376 758
297 4780 1784
2849 3930 1685
4331 4570 3117
1277 1364 3227
2555 4169 267
2338 3863 3743
2953 3507 706
4629 4761 4465
4167 4685 3779
4337 4729 3207
1871 4234 923
1859 3832 612
2616 3892 151
4952 4978 2781
1642 2920 3063
822 4029 4953
1070 3781 3655
2050 3262 4823
1881 3981 77
1078 4085 4304
153 2305 1065
4381 4789 3595
252 503 1241
1937 3206 847
4439 4734 2276
3320 4212 2780
1520 4910 4678
2741 3267 11
75 2772 2423
3355 4972 2675
3290 4616 210
4056 4397 1567
3741 4614 1575
1313 2874 2481
781 2499 3669
1896 2439 1275
2468 3331 1504
4340 4882 3213
636 2284 2897
3653 3922 1699
4964 4991 4756
46 1702 4899
4279 4695 2704
3320 4726 1972
4894 4949 4095
3804 4903 1913
5 4648 4010
1251 4840 2670
1656 3914 1806
2328 3124 3308
4265 4664 4717
3353 3543 1386
4002 4022 2029
4830 4869 1066
1043 2079 2888
3537 4807 2464
3792 4597 1144
1297 3716 1891
954 4130 4655
593 1214 3262
126 2542 3553
4389 4857 849
4491 4609 4673
3947 4331 19
3974 4306 4145
2565 3054 3089
688 3008 3036
4434 4998 1866
3434 3841 1732
939 1409 2169
4314 4811 3839
2125 2898 1191
592 4063 2260
1335 2661 1146
4783 4793 2174
3497 4057 4648
4690 4802 2183
4275 4880 1720
3408 4308 3087
1334 1617 3373
4061 4563 287
1474 4016 3661
4616 4673 2230
2493 3421 3938
2832 3371 3319
971 4413 887
327 508 1719
2719 3364 4210
2927 4120 2829
2713 4360 44
1468 3404 3871
2257 3723 3179
4236 4716 4496
1545 2307 4113
279 1165 2386
2684 4366 2097
3054 4169 1330
1823 2587 4224
3925 4900 1562
1858 3900 4055
3205 4924 2343
4494 4644 1212
2336 4081 1073
407 4679 313
520 4651 4459
3009 4754 3097
822 2130 1377
2686 4378 2686
4176 4354 2224
648 1781 1322
3561 3748 3578
1165 2777 264
2022 4443 3506
2077 4949 3896
2667 4649 2933
4189 4730 714
3536 4892 4574
1621 3237 4112
4837 4853 3872
2674 4587 2047
4204 4552 2141
2368 2961 3134
1569 1610 2801
4244 4742 1453
2521 3432 3574
1107 2889 2626
4166 4744 3151
2876 4738 3846
985 4496 2011
1035 4277 3598
1977 3792 3772
2285 4033 1768
4210 4219 3799
2703 4293 914
1745 3313 3169
3718 3826 2416
3412 3822 4879
4891 4892 1663
4539 4741 3403
3158 3943 3539
4136 4617 3427
4006 4857 1350
4412 4917 4572
795 1246 2306
842 3822 2509
3152 4798 1420
3177 4716 3711
4044 4435 2276
3173 4451 1092
949 3908 4239
2809 4833 2362
2466 3287 2705
2498 4322 2635
734 4506 4273
2708 3936 263
1965 4351 3908
2557 3702 561
1076 3384 524
2567 3985 4590
2718 3402 784
3119 4330 1581
4134 4395 2692
2488 3396 4326
4684 4730 2068
3935 4567 1063
253 891 4737
1069 2630 3969
1016 4548 2034
2473 3420 748
1554 3157 4268
3607 4851 1275
3686 4834 410
1392 3691 4316
127 3299 506
772 4612 4106
2435 3997 3966
4640 4737 2756
4852 4936 3911
1900 4156 1612
2262 4011 4151
2685 3676 2485
914 4196 3424
3134 3426 4646
3076 3375 3657
1038 3351 3198
3681 4767 3541
1712 4270 4865
2132 4454 344
4243 4481 4214
1480 3102 4853
4583 4663 3530
4652 4693 2044
1480 2745 1735
2699 3173 70
2826 4595 3706
335 468 3685
1656 2298 2026
701 3668 10
2545 4238 2249
4306 4765 1723
4288 4789 1363
2309 4304 1965
272 3127 2686
4905 4981 2634
210 3718 659
3044 4594 2346
4478 4645 3999
1143 3286 259
2306 2806 1686
4000 4235 1916
2551 4983 3136
4586 4607 1420
279 1800 3090
1882 3600 3356
88 4365 3802
886 4782 890
1174 1951 2745
3332 3799 2180
3271 3709 1638
1116 1158 3876
2812 3238 3232
326 812 3952
638 3100 1729
4757 4782 4762
4074 4657 1127
4053 4702 1998
189 2080 4714
1543 4537 3660
411 2450 2736
2375 4350 1422
1407 1408 4254
3842 4515 3833
3688 4157 1125
2621 4910 4490
3002 4533 3606
2279 2605 2847
3723 3760 2599
1266 3754 635
337 1902 948
114 3708 3485
4010 4999 3967
537 2146 1159
4113 4880 3148
823 4749 3046
582 2034 2022
1113 2257 3980
4318 4560 1915
2424 4849 2233
4332 4700 3028
3791 4459 2720
3493 4288 3365
2360 3492 2098
3081 4964 4589
4615 4753 2584
4255 4872 584
105 4180 1740
3307 3786 4897
3921 4628 3946
4269 4682 3734
1375 2045 1218
3711 4372 4879
4403 4981 204
1126 4771 2613
669 3785 3867
1031 4704 2619
1927 4074 3669
1974 2989 1215
4200 4515 2358
1696 4773 2243
2686 3872 4045
189 1672 62
4829 4831 3142
3725 4003 4442
1438 2443 1894
1802 2428 3707
2561 3479 4650
1836 2051 2407
4118 4281 3743
1247 3000 4098
4419 4474 2269
2600 3680 4338
3206 3416 689
1381 4674 3704
2562 2846 2059
4266 4911 4648
1210 2479 825
4437 4643 152
2411 4160 2715
495 3413 679
2126 4134 3206
1314 1499 2068
802 901 2737
218 4494 4001
1368 1626 4025
1474 4517 1809
3382 4550 4627
2463 4255 2534
1986 4854 2215
4021 4522 4072
1761 3319 2946
3609 4284 2366
2251 3913 1369
1665 4347 2456
337 4076 2987
399 1530 943
4107 4469 1219
355 3282 477
3516 3903 969
2943 4692 1432
786 1748 895
1063 3887 501
1610 2489 1048
2487 3243 2295
800 1429 1160
4058 4920 1754
2399 2521 2447
1510 2047 3898
4614 4949 44
3602 4123 2908
3484 4396 3781
4546 4703 3351
790 3295 1774
592 4252 3698
93 1492 552
2425 3278 3369
3256 3655 3249
1941 2673 3634
3967 4931 1933
859 2226 2806
3252 3522 2056
4802 4969 3458
324 2143 2632
2513 4743 1390
4858 4957 3203
3204 4312 3179
3441 4216 3564
1353 2084 2211
2886 4482 4852
1413 3661 665
3026 4800 1471
4092 4762 1314
2912 3522 1797
2993 3269 3714
2954 3319 980
860 1976 2623
3018 4593 1101
2514 3793 2979
2121 3803 2479
2098 2431 1336
1430 4967 3421
518 3236 1699
92 3743 3276
2239 4854 4382
2484 4809 3041
4423 4812 1633
3078 4569 111
632 4620 840
3090 4103 3449
2328 4116 4536
942 1692 4695
4045 4087 1421
3637 4948 1635
4566 4760 2854
2354 4588 4331
67 1697 133
2167 3142 1786
2576 4435 1844
306 3159 2806
2861 4103 4424
3589 4061 3662
1942 2040 4566
2454 2777 2097
3552 4129 4352
1468 4228 3253
1279 3757 3134
3122 3870 1442
2746 4254 4277
1424 4280 4708
2297 4846 2296
2856 3738 1149
113 4341 1566
592 4991 56
1594 4672 4868
4905 4997 3587
3018 4463 1108
3405 4592 1058
1504 1995 3032
1164 1228 2258
4346 4403 3719
1787 3726 3537
330 1008 1475
3937 4827 1255
4593 4863 2257
1907 3370 2379
3129 4650 3940
249 4520 488
3656 4825 1071
3450 4839 1455
1902 3547 3578
3198 4493 3297
953 3788 652
3499 3902 212
632 2506 3995
465 1447 179
1223 2847 3653
236 2153 763
4646 4975 196
4534 4766 425
2597 3535 2431
64 817 3698
3395 4937 1501
732 4573 190
3838 4907 2273
1224 3177 303
3390 3934 4270
1290 2904 2185
2776 2925 4970
1280 3029 365
2966 3097 3948
4551 4781 565
927 3829 1738
2087 4606 1156
89 4705 717
4044 4144 1422
3376 4754 3067
3609 4681 3444
1301 1904 876
66 4332 2185
553 4581 667
3217 4910 632
2173 3445 2764
4684 4787 571
2796 3755 2973
3779 4850 1745
3841 4409 2177
1617 4107 2704
101 4618 4757
3490 3767 3785
3137 4292 2980
237 4810 1140
855 2166 3951
737 4055 3313
209 3063 3401
4162 4713 140
3902 4269 2474
2221 2593 4293
1017 1810 4289
1854 4306 3714
2712 3342 182
1927 4313 2160
4544 4838 758
3378 3508 867
3494 4570 1408
1600 3445 2612
3553 3993 3819
4183 4420 1343
541 4976 1342
1771 4334 1246
378 1045 2066
3363 3975 125
3621 4724 4164
2999 3035 1948
480 1238 1233
4283 4759 2670
4398 4705 2699
2738 4332 1337
4519 4951 2538
3112 3233 1134
1492 2951 1524
298 3544 4244
2821 4315 3831
1971 2284 2605
3241 4320 552
4008 4183 4315
2444 3258 3225
2967 4257 659
4681 4810 4586
1407 3208 4840
2796 4815 1510
3217 4582 1104
3761 4002 568
4855 4895 794
2295 3658 3936
2486 3549 3231
1271 3188 4367
4341 5000 4679
2713 2849 2778
4691 4950 1436
3645 4363 1875
3525 4832 4544
3676 4576 4039
3178 4582 650
1467 3058 2515
3199 3589 401
4576 4626 4861
3243 4996 2646
633 1034 3544
4049 4605 2892
1147 4014 310
2708 3853 3563
1329 3236 4031
1117 4033 2530
3939 4253 3833
2788 4432 1128
4107 4703 436
3478 3981 3215
899 1078 1004
1824 2696 3102
2609 3200 4552
2585 4562 4078
2818 3487 1231
908 1318 2374
4040 4285 3336
2903 4528 3965
4515 4835 1247
3606 4291 1462
434 2819 2121
1557 4777 2548
1050 1528 217
1577 1655 4951
425 4034 2887
4919 4958 83
4169 4405 896
354 3176 3271
2515 3700 1589
2380 4129 1133
1036 1981 1945
1218 4045 756
1735 3004 234
742 1944 1685
3252 3873 9
1958 2303 461
4209 4711 4745
1792 2727 2705
4111 4742 3032
3309 4999 2788
1029 3862 984
4266 4674 2466
826 4352 3548
4959 4978 369
3126 4149 1358
4896 4981 2033
4873 4897 565
1964 2160 76
3581 4771 962
750 2793 1647
2755 3995 3687
57 965 4310
1503 1530 4003
4515 4878 3894
3977 4706 1647
1466 2638 1151
3052 4723 2556
1933 2093 3858
3671 4887 1815
2104 3294 4353
3281 4468 1959
1104 3673 4030
550 904 3912
4760 4847 4341
4204 4561 4334
4714 4851 369
2800 4438 2113
3333 3796 4873
3199 4498 4854
1573 4067 2862
3314 4474 3691
4478 4747 2388
3071 3074 2353
970 1469 204
2589 2722 1021
1065 2619 600
4804 4916 3861
2325 4337 2377
2048 4780 1448
2089 4536 840
1648 3469 2323
3676 3993 4520
3059 3124 4859
882 1394 1863
3840 4033 1962
1581 3867 4193
3971 4005 2203
2131 4177 4396
4826 4896 1301
1599 2690 1776
4721 4860 512
497 1215 1125
750 2221 1960
4529 4849 1190
903 1597 1924
1154 1902 1758
3493 3873 3242
4556 4714 2061
4039 4613 4454
4142 4144 3857
4048 4073 1877
3032 3463 4702
1459 3251 1206
3742 4206 4547
3789 4329 4900
4512 4553 2126
1938 4080 2344
4050 4545 1984
1854 4141 3203
1427 2373 3069
4014 4350 816
2507 3286 255
235 766 1427
3404 4588 591
3432 4442 3573
1595 2967 4389
3197 3575 2551
1046 4631 1081
1273 4485 4524
809 4850 2094
3514 4933 4173
1825 3597 1823
709 1002 451
1699 3953 723
4690 4751 2883
614 4717 1699
567 2864 2371
1289 1833 646
956 4606 619
4174 4713 1223
4894 4926 125
2001 2782 3805
2552 2911 4543
866 1110 2458
765 2474 2160
2465 3294 537
3458 4949 4406
3431 4291 4590
329 3699 585
2681 3593 2294
4987 4990 4290
2393 2608 3545
3895 4469 2744
4224 4834 2906
4950 4997 486
4327 4941 1418
4061 4686 2852
854 2413 3346
3373 4018 2395
3751 4627 4565
4571 4660 4733
3977 4787 4975
1136 2667 2487
3799 4360 1507
4881 4947 3409
3677 3721 758
1812 4639 4244
1997 2033 1261
4871 4934 3055
2607 2968 113
4796 4837 1442
3439 4511 3504
2853 3735 1018
4349 4922 897
2060 4628 4749
3048 3650 3797
4330 4625 215
4912 4993 2063
92 3117 284
3798 4803 319
4902 4903 1642
3562 3851 324
4976 4999 3396
1309 3265 4638
3952 4942 3091
2471 4525 3333
382 1067 619
3745 3803 326
4494 4930 1717
4923 4992 4059
4521 4967 4432
447 4777 2336
2916 3571 471
1387 3003 719
2145 3340 3411
4691 4791 3616
2025 3641 4677
1629 3450 2695
2486 3324 4622
623 2723 1630
4289 4752 2337
1878 3135 1142
4251 4883 3542
3649 3696 3551
3529 4945 2586
4880 4910 2335
2612 3007 407
1755 4774 3337
3495 4074 288
3610 4340 862
4978 4984 2410
1719 3788 3666
3517 3626 176
1416 2426 2773
3896 3953 2600
564 3490 3709
2536 2999 821
962 2153 2668
11 1294 4242
4074 4458 3514
2614 3781 4553
2627 2882 3320
1785 4983 4920
2557 3650 2368
4841 4972 2421
2844 4574 1671
4351 4494 861
393 911 3731
4320 4900 1128
437 565 1843
26 4445 4771
2234 3810 4512
1181 3465 2836
3053 3841 444
2601 2722 5
2837 3592 6
2431 4503 2081
2341 4753 4735
3028 4502 3841
2036 3686 4086
3808 4582 4968
3324 3640 1408
1855 3920 1295
4436 4833 4966
2368 2527 3824
4921 4977 960
1755 3520 3516
321 3168 1067
3720 3938 1776
1947 2919 356
2157 4171 4278
4742 4790 1421
4077 4902 3025
2922 4762 2130
2227 4498 2854
229 4643 1418
3682 3686 2956
3655 4454 4442
3371 3426 2033
1205 2930 1718
1076 1316 4313
2187 4267 3752
4152 4944 2797
2355 3764 4929
568 1408 2185
4964 4980 2892
3518 4549 165
2937 4040 20
2080 2478 2407
3862 4833 147
2040 3504 4691
2176 3947 1823
4878 4889 1142
3835 4780 3776
3652 4281 304
506 3963 4064
2519 4423 2159
2541 4409 1889
1642 4181 4944
4554 4562 2579
4823 4860 4209
4038 4571 2810
1389 3974 3951
4027 4251 3341
650 1341 4397
3099 4259 763
2694 3783 779
2105 4000 908
1753 4984 4032
3316 4560 526
1974 4224 2144
3199 4293 859
3474 4018 59
1844 4624 4555
3104 3390 649
3180 3254 3022
555 1431 3560
1740 1899 4591
1626 2336 4771
3680 4376 4863
2416 2931 3175
1423 3779 3315
443 819 1218
4471 4533 4189
1262 4247 3871
4487 4731 4712
3720 4428 4152
2702 4752 2682
4423 4535 1069
2109 3984 1273
325 558 2389
3684 4039 1602
4073 4709 309
4803 4892 4057
93 504 1763
4309 4625 4923
2893 4787 596
4861 4867 3757
3425 4714 4237
3923 4553 1982
370 3541 3046
2283 4268 1730
3993 4990 1961
283 4951 2145
3419 3684 4246
3092 4695 3961
3385 4895 129
1812 2700 3157
4228 4844 4120
4198 4701 3984
388 1572 4018
4467 4850 4560
597 2829 342
4598 4973 4438
4355 4775 709
3309 4305 4220
655 1714 569
1433 3951 4391
1056 2885 1160
1220 1943 2273
597 2173 2133
3796 3888 18
2334 3763 91
375 3991 4684
1934 3445 4872
4788 4866 3623
1882 3428 767
3487 4717 1233
2290 3344 3847
4894 4923 4680
1473 2382 2497
319 1589 4517
2186 2659 2288
4 3651 2780
4259 4656 3315
4106 4716 3733
1330 3150 821
4370 4964 1259
3228 3396 1588
4032 4079 3012
1011 2128 1254
613 3531 313
2875 3131 3477
2972 3802 3590
2871 3133 2568
4583 4593 4374
4773 4857 4198
121 2181 3384
3738 3874 3541
802 2595 2875
3709 4883 2263
2930 3756 2286
3158 4195 100
2197 4691 4597
4980 4991 3614
2949 3334 4246
2675 3593 1245
3340 4412 1959
3136 4350 3982
2980 3582 1282
1773 3645 1743
2298 3789 2437
4432 4713 352
39 4342 2516
3882 4936 2104
535 1418 3035
3099 3377 4493
2195 2860 2605
2613 3523 1596
3375 4808 3193
2515 2939 3711
1728 4622 434
1738 2433 4242
2325 3934 4250
2607 3057 1358
3439 3819 1569
2521 3595 2209
3170 4510 3858
540 1995 1187
2096 4214 2228
3855 4116 1484
3701 4471 3858
504 4231 1295
2587 4332 1078
1116 4959 2618
4499 4560 1921
4113 4534 1144
3568 3763 1040
3497 4891 1825
976 3181 900
3311 4871 2499
945 2823 2969
574 2187 399
953 4914 569
4680 4859 438
700 918 2008
521 3658 3233
1690 3762 2685
891 1239 3665
203 3583 3977
3997 4671 4564
1031 4502 3673
2726 3606 3236
1280 1812 3803
1888 3325 88
2601 3886 713
2509 4932 3109
1298 3070 1313
2860 3094 1601
3327 4142 4750
1808 3856 3891
395 1334 1292
369 2327 1635
1947 2863 2498
4438 4990 12
1443 4458 1572
1653 4546 3686
2711 2971 3100
1857 4166 4649
4322 4721 4265
3330 4774 2368
1513 2194 3009
2361 2742 775
2182 2537 4568
2043 3927 2644
3222 4425 2354
907 2207 4964
193 668 2268
1977 3110 3925
2565 3311 3727
2157 2357 4130
4420 4596 4607
4168 4621 293
23 3958 2557
137 2457 4369
3395 3828 4195
2148 2598 4398
4669 4671 1911
2363 4681 2016
3717 3805 824
1720 4954 1428
4481 4865 3600
910 1216 2665
748 1170 1004
348 3319 655
525 973 2394
334 577 770
1078 1589 399
511 1831 1585
760 2255 4067
1360 1752 1068
3291 4837 2973
365 788 958
4050 4353 4862
2057 4938 2624
4290 4539 158
1007 1204 287
425 1114 1748
4847 4892 3635
3601 4643 2973
590 948 4848
1604 4477 1661
760 1135 4095
2405 3084 3325
3863 3970 3238
398 2181 1407
4669 4732 4631
1260 4861 3788
4640 4981 802
2403 3586 224
3247 4383 3870
2847 4427 643
2999 3082 180
1578 3555 1868
4236 4814 27
4913 4952 2734
3679 4428 4193
3579 4055 1503
1452 1757 1788
1341 1573 2191
3999 4358 1450
2522 3774 2156
1022 3571 4888
4314 4480 3182
1255 1834 901
4931 4979 4231
3419 4990 3530
2708 3183 261
3717 4364 2241
3063 4024 1179
3438 3794 662
59 804 658
1975 4132 2087
2351 2876 32
585 1757 360
1584 2308 3214
4130 4831 3564
3423 3821 602
549 1854 2877
2781 2991 874
49 3747 783
314 1474 4792
4023 4481 1834
4036 4380 4720
1517 3005 3102
4826 5000 2041
4162 4389 4871
2104 2912 1764
694 4228 2569
2955 2965 2297
1829 4501 3386
3437 3751 1455
1611 4863 4645
953 3722 3363
3012 4581 3606
327 2795 4547
713 3819 2926
4977 4982 604
1947 4947 207
4829 4968 4793
4022 4039 631
4984 4985 1409
2025 2704 4071
4901 4996 4065
4278 4733 4877
1140 3199 1366
4655 4912 4031
1415 4612 4922
2127 2150 1328
1514 4574 4599
3148 4359 644
1182 4004 2849
2987 3194 4200
4403 4573 3424
3772 4399 4707
3968 4399 1241
2908 4464 4720
2767 4583 2591
4585 4650 3100
2916 4535 1109
4923 4965 986
187 4674 3042
775 2212 4782
1898 3967 3595
2582 4629 1683
103 3142 1000
1803 3184 3999
660 2739 4930
886 1743 343
4924 4979 3698
1062 1770 3131
588 1424 3958
4039 4769 456
4427 4772 1472
721 4954 3064
4674 4883 2871
3161 4954 1130
1187 3668 3300
1531 4932 3978
3311 4935 3131
4307 4562 2681
2505 2569 537
3408 3973 3203
1822 2817 2515
722 2540 3575
3139 3546 890
1474 4044 2876
3070 3646 4478
495 3822 3546
3515 4946 4261
1163 3025 4437
1620 2879 1111
2595 3048 1267
411 1464 2712
4441 4790 4914
4103 4479 1095
4333 4994 2120
3826 4101 4211
4254 4551 2680
4537 4747 1903
3843 3895 1557
3148 3700 516
517 1274 3507
4112 4145 3534
3128 4686 1423
4679 4785 2457
1714 1813 4875
130 4891 4008
4374 4480 3608
4818 4979 1039
3454 4896 57
3320 4150 3925
1694 2013 2222
4223 4964 2208
3474 3855 4296
3715 4898 186
3122 3175 3406
547 4823 2488
2065 2650 2160
1611 4924 4801
1497 4094 715
1290 1816 3832
4418 4927 1201
2466 3549 4180
3689 4892 1630
2350 3117 1987
3261 4599 2699
3228 3526 664
3176 3519 4650
2429 3086 3452
610 3115 3561
2071 3364 2003
2806 4388 4990
3731 4144 548
4945 4997 4205
3599 4644 586
38 3442 4806
3304 4828 1256
4577 4613 2678
2935 4730 161
1934 2313 1677
3588 3806 2041
1922 4456 1943
1567 4158 1736
476 685 4198
369 750 4295
2409 3999 470
1857 4595 3653
2735 3873 4511
633 1773 70
3773 4577 161
1425 4638 4423
2089 4236 2984
4724 4776 3722
3310 3656 4766
2697 3327 3274
2933 3252 2356
1620 2125 1795
3879 4014 1269
1464 1535 4318
3022 4301 833
1546 4853 2440
868 3697 2323
2498 4005 1346
3298 4186 4552
4266 4697 3361
4412 4591 2161
3202 4883 515
1315 4133 1964
4864 4886 3039
3903 4875 3639
3304 4387 4781
1348 4817 2992
2498 2859 3611
4208 4687 4752
1321 3720 2770
3780 4122 2908
4305 4417 4616
3013 4047 591
3273 4607 1480
3792 4131 3644
2993 4116 451
404 1210 1558
2119 2862 3719
3178 3809 267
1276 3460 978
2640 4385 4245
4443 4940 3927
4237 4477 1802
4726 4759 1509
2074 3058 1909
4464 4668 3129
3888 4345 228
2686 3532 3383
2487 3916 1327
3816 4223 4710
425 4229 4574
632 2069 4776
1540 1899 3602
543 4931 1097
3313 4717 3615
1603 1721 2912
4219 4252 489
3578 4391 312
3450 3558 1680
2687 4104 739
3011 4529 593
2215 4785 948
76 4197 1410
4950 4952 2568
2668 2706 512
4982 4992 139
379 568 2302
3691 4011 2176
4496 4512 324
1327 2621 2713
3419 4910 494
3058 4202 3173
1082 3646 249
4533 4860 732
3988 4605 2329
3923 4595 9
4903 4971 492
1305 2459 1886
1502 3399 3246
1867 3942 3135
415 1234 958
1579 4374 660
4302 4389 2712
1741 2905 3641
596 2033 666
3476 4810 561
2080 4086 3529
4473 4959 1523
3459 3925 2878
478 1066 3257
1728 4870 2713
4008 4154 2136
2988 3697 4073
1625 4868 1797
1779 3580 2207
2255 3800 2815
497 813 3316
3426 4215 799
3069 4398 3922
2134 4899 330
4794 4848 2854
2555 4658 4650
1513 3674 828
1206 1776 3395
1291 1415 2628
4674 4952 1967
236 4763 2778
3327 4913 4057
1766 2483 2297
1713 3416 3591
1495 4357 1860
2153 2789 3020
4696 4996 2491
2921 3200 1867
4456 4969 2778
1657 3014 97
4638 4853 3102
1229 4447 1631
3634 4581 2265
4835 4919 3998
4902 4974 465
4941 4979 1421
2733 4353 4167
4156 4351 4579
3634 4180 489
1571 2449 1662
1049 4110 838
61 1701 297
944 4477 3533
3261 3854 552
66 1635 4210
2218 4871 558
2355 3274 3423
3024 4745 60
4543 4799 3528
3987 4577 1187
4333 4404 1118
1631 1827 914
1792 2544 77
4737 4869 507
2095 3510 2980
858 3494 1540
1475 3724 406
1441 4135 2740
1629 2007 4171
1725 4695 4635
3422 4359 3417
3927 4214 432
1253 1830 578
2333 4636 3296
2844 3565 4176
1490 2120 1580
1496 4475 4443
1463 2654 2521
1269 3293 1386
47 3966 4734
1091 4692 1264
4025 4674 1347
1409 3366 2600
218 3374 3864
2221 3482 838
1221 1855 4087
4265 4703 4032
4283 4774 806
2605 2805 1981
3711 4136 4095
196 4528 691
3908 4093 3986
2785 3030 4988
8 935 3644
4080 4098 4534
2768 3760 3499
4029 4170 1944
4115 4184 3197
417 4578 149
4283 4872 1934
2731 4874 931
2082 3694 1673
4064 4721 3993
3698 4484 272
551 3147 1241
4344 4413 1476
3726 4897 3083
4004 4415 4496
2273 3980 2934
3498 4482 1332
3214 4814 2495
720 4942 889
15 2011 105
2458 4814 728
3627 4521 766
1864 2939 206
1431 3851 3417
1841 2390 3639
4176 4472 2845
181 2152 2197
1600 2941 2704
2800 4707 4139
2317 4355 2634
1537 4188 2504
4529 4546 3188
2707 4977 2391
469 3012 1060
1797 3547 1201
2396 4526 2305
4623 4980 4733
4428 4969 1245
2620 3218 1840
907 4491 442
49 1193 1695
4937 4965 926
3979 4653 63
4819 4839 181
2017 4007 1624
4851 4911 4730
3738 4919 241
4543 4633 130
3422 4235 2723
4825 4995 4628
136 503 82
3246 3701 4565
4911 4935 4937
4881 4961 208
620 3895 855
2616 4653 2171
548 4199 3546
3795 3890 3911
4030 4854 3357
4253 4751 135
960 2209 3633
4394 4525 3805
4156 4851 1282
4313 4809 175
2459 4819 1032
4205 4669 884
2718 3574 111
4538 4578 2546
171 986 3465
4320 4588 3109
2514 3175 2851
713 2082 4453
719 4697 1590
1101 3502 147
4289 4326 1295
3910 4662 2763
2616 4263 4866
3106 4600 230
23 947 946
357 4725 3605
4592 4747 1301
670 3983 1188
405 3510 2045
769 2415 1707
1332 3114 4722
2044 4316 4915
2425 3945 2965
4757 4942 3588
1416 4215 2560
4535 4934 4703
1602 4451 2481
2654 3193 2210
2830 3577 621
3384 4448 964
1533 2104 1338
4504 4777 4027
4282 4994 3470
1185 2819 581
4694 4964 2401
3962 4021 2139
2041 2401 4791
2735 3475 2543
4140 4155 1718
596 782 4682
987 3205 3145
2516 4594 4756
4903 4938 4934
1943 2218 3378
2971 3826 1491
3836 4873 3650
1623 4365 245
3867 3986 1464
3908 4479 420
2083 3315 231
1519 1533 3211
2602 4078 3672
2903 3793 3724
3233 3339 706
1345 2413 1078
197 344 2530
3649 4983 1145
2092 3139 440
4219 4544 2620
2440 3768 3679
276 4787 4980
1234 1984 3586
1056 3582 3355
3472 4617 652
4670 4948 2569
3072 3460 4729
1514 3864 3680
1894 2401 4505
2089 4356 3523
2526 4902 1644
3712 3902 4904
1241 4800 1212
586 4478 1571
4952 4991 477
2627 4817 581
4032 4865 2438
2816 3285 3510
4415 4736 3735
644 2823 231
1689 4439 137
1692 2589 644
429 3170 3024
4229 4357 2231
397 2382 2149
1384 4321 710
4453 4781 2667
3411 3515 3036
2322 4017 1522
203 806 1925
1210 4229 1465
2188 2429 899
51 2652 3277
3075 4078 2654
3467 3904 4736
709 1132 4804
3399 4968 869
3700 4707 4298
2447 2813 4737
522 4526 4420
1918 3037 3425
2385 4396 2998
415 511 3775
1952 2137 4763
1949 4215 3004
2258 3120 221
3997 4175 3274
4673 4677 4660
3552 3740 3972
4098 4745 2371
2170 3633 4009
3796 4816 4948
738 1150 3956
1107 1479 666
932 3237 4458
1469 3377 3764
2380 3769 2000
4631 4681 927
1838 4431 3897
2563 3805 4773
4573 4742 2600
585 751 1040
931 2590 2508
756 2424 765
4847 4879 4485
1449 4332 240
3421 3873 164
184 528 2937
1321 4649 3330
2108 3093 2127
2761 3222 4759
2321 2653 2083
1924 3423 2414
441 3184 1949
4607 4959 376
3457 3674 4580
2121 3417 2586
4949 4959 1267
2695 2905 4192
4048 4397 2160
788 2958 2988
251 4174 225
731 2662 553
2459 2698 849
2453 2511 2405
410 1076 2314
3821 3881 4186
3836 4124 62
4360 4415 2937
2665 4979 1527
4391 4915 1753
2456 4403 2172
642 4277 2282
1395 4942 3528
3236 4143 3724
1766 3894 3399
1683 2174 1975
3519 3665 2113
754 4649 4276
3291 3510 1784
89 743 1910
1924 3632 4610
3925 4717 4467
787 4240 2996
3016 3880 1151
1380 2433 3476
599 3058 240
857 2454 3718
2897 4757 120
1799 4250 4676
4970 5000 1052
2441 4153 1686
2257 3699 1265
715 4743 3496
1264 3811 4936
1024 4081 1395
1696 4371 3116
3502 3521 2687
983 2261 1414
1333 3646 2106
3275 4227 1614
842 1075 2658
4270 4340 3132
3147 3406 2529
4898 4924 1455
4306 4316 1394
517 1287 3939
1425 1585 3886
4396 4548 3316
1672 2375 4173
1242 1988 3769
971 2546 3330
1113 4272 2281
2768 4822 4647
1841 3479 404
3393 4084 4369
3881 3979 4039
2497 2660 3899
78 959 3006
1943 3490 4333
4475 4620 1217
3277 4241 1898
3616 3981 1116
426 2685 3541
2575 3748 1093
3064 4009 577
2536 4074 4982
138 3595 1633
428 4007 1879
2631 4595 4394
1054 1060 3860
4346 4369 3758
2283 3065 4308
281 1851 4618
2419 3962 911
1570 2312 2892
2199 4571 4897
2312 4021 2907
1922 3009 2765
402 3254 3814
4323 4800 1763
2308 4883 3669
3404 4545 1608
1626 1715 2580
3762 4733 624
3433 4660 4136
1999 2458 4851
1762 4513 2789
4900 4956 294
2380 4189 4424
1790 4123 3605
1587 2363 447
3942 4469 917
813 3702 1626
791 2202 1545
254 2092 3776
4613 4879 2643
3009 4275 2121
4014 4580 421
2668 3404 191
148 4284 3530
4577 4988 2338
1767 3386 2771
1341 4899 825
2391 4436 1347
764 4757 2113
1156 3028 3593
2583 4693 3315
1080 3008 4103
3720 4965 370
1731 3874 3817
1575 2632 322
4583 4618 3345
4815 4823 2422
2149 3002 1653
3276 4484 3195
2836 3765 2230
4053 4362 3052
1725 4389 4468
738 1562 3644
1369 2591 2583
2399 3186 3343
3578 4501 3488
1512 2086 2215
1119 3303 189
1676 3100 94
10 2812 18
4993 4995 4537
4208 4499 2845
2981 4218 2893
1886 1999 1183
3430 4962 3391
4615 4935 725
1479 2883 4752
1750 4857 1613
4495 4573 1142
3947 4564 213
1681 1972 3255
4481 4635 1599
178 1610 15
3561 4864 783
4186 4468 1198
4833 4960 3822
2778 4553 4570
4518 4972 4535
3225 4792 3463
4073 4095 2694
20 4004 2329
135 3142 3858
1931 3008 1980
1007 1639 1439
155 161 4961
4184 4290 1530
2050 3064 846
804 1657 4181
979 4687 3300
1188 4152 4201
4563 4821 1976
1098 2544 1902
2840 4278 2516
4089 4834 3156
819 3852 4115
3167 4732 4475
2927 4884 4827
1259 2428 2297
3618 4967 3429
3026 4929 20
1342 4389 3874
2912 3766 900
2970 3948 1870
2921 4728 3853
862 2576 1923
1976 2330 909
877 4390 1717
446 3606 4128
3576 4559 4680
2739 2740 3831
2875 3547 376
4414 4443 4020
1845 3447 4889
4140 4367 4676
444 4677 536
3632 3895 3030
3055 4771 412
1652 4609 797
4357 4513 2714
1643 4767 2698
4138 4741 2949
2089 2598 4669
2156 4561 4915
1118 2400 4484
3719 4054 2809
2741 3008 1004
2607 4005 3860
3823 4118 4030
3600 4749 4996
2858 3308 176
4130 4955 4598
1975 3681 558
2467 2938 328
210 3455 2526
3849 4375 3103
295 3549 3152
3887 4793 83
3378 4514 3231
4732 4819 4869
2828 3248 2084
4689 4714 1690
2182 3976 382
1170 2031 2318
1489 4158 4256
319 4662 802
2152 2170 670
2392 2743 300
3279 4070 4541
4778 4827 4091
277 4759 1412
3854 4677 1237
1538 4328 4877
4341 4380 2935
2894 3218 4416
1545 4969 2349
1689 2959 4291
834 2408 2201
3906 4648 2550
4759 4933 4841
1786 2980 3594
3584 4310 4522
408 4869 3062
1881 2292 567
3957 4908 1613
4405 4888 504
4672 4711 4082
3146 4259 2862
375 1237 2303
3695 4669 4031
981 3378 3207
3997 4841 327
4562 4765 4637
4099 4367 1938
4281 4998 3668
2001 2882 871
448 1285 1033
3657 3761 2376
3875 3899 1717
708 2315 947
978 2389 4922
3510 4814 4431
1361 3295 2719
1458 4898 3974
3524 3996 2055
3766 4651 1640
1748 3607 3772
2032 2253 1077
4314 4541 3812
74 4089 1540
4628 4646 3357
1839 2750 2849
3721 4648 3467
506 4016 3589
2536 2734 4204
1186 2556 4236
2922 4484 1563
734 4613 4616
3689 4099 391
2083 2872 2975
1884 2098 2859
3668 3919 363
3756 4743 962
2494 4156 2096
693 2703 774
4388 4833 4193
801 4653 2539
2173 3865 570
1880 3546 2072
3448 4020 1126
2645 3043 2515
3448 4264 2694
714 2687 3987
1457 4611 4095
117 401 2511
2698 4864 1758
2591 3471 2263
879 4835 2526
4652 4850 4108
3734 4024 3795
366 3819 2956
4152 4216 1999
4266 4725 1311
503 3186 4799
4759 4786 3769
3028 3860 1094
2731 3699 3602
1216 4236 2677
4469 4571 1407
2793 4887 906
824 4515 2062
4668 4739 2205
723 1659 464
1520 2783 1327
1638 2037 1135
2247 3503 2215
3423 4431 3025
3021 4428 2427
4425 4942 36
820 1047 2064
2376 2907 2037
2127 2327 1683
4460 4894 2306
3723 4955 4393
3652 4351 675
3771 4921 166
4434 4537 1226
3539 4291 1192
4657 4698 4484
1617 2471 2018
1465 3544 3164
2551 2777 771
1713 2211 4032
4896 4958 142
2146 4052 1917
1337 4368 4749
969 4396 2359
2275 3460 1632
2094 4015 106
1296 4566 2844
4006 4405 3849
1173 1421 2616
819 2484 103
3759 4048 552
3516 4390 2971
4801 4867 4349
2355 2814 1566
1515 3599 4209
4054 4295 417
1000 3917 4794
1635 4913 1940
1084 2458 3852
1609 2208 2639
592 2084 182
2294 2693 2908
3849 4755 4848
4107 4305 2228
2915 4737 3990
1806 3420 976
622 2066 4187
2184 3089 1009
4319 4833 3146
1989 3287 4708
841 2183 150
2329 3572 3737
2037 2568 444
4646 4856 3928
1918 4772 1057
672 1487 3293
1004 2136 1102
3513 4174 619
2869 4105 4616
1633 3293 1657
1470 3844 2998
3017 3908 1527
127 1360 3551
1872 4673 172
367 2968 2290
3822 3926 4781
40 556 4163
2777 3496 1643
2274 4869 2098
3429 4814 1083
785 1829 4374
1173 4511 2679
986 4075 1103
4272 4857 1696
1134 2906 1231
1636 2629 2110
77 3914 2017
3937 4658 3305
2192 4457 881
53 2736 1952
1060 2980 143
784 2304 2430
933 1509 2881
2723 3336 4542
2218 3321 182
4401 4401 2319
4360 4858 2708
3527 3852 4370
2167 3054 567
1236 2389 4399
671 3415 968
3905 4726 106
4085 4941 7
191 4648 192
3419 4999 1073
4623 4991 1503
312 3041 1995
1156 4654 3814
2479 3899 2867
2634 4738 1363
1178 4196 3099
368 4644 1431
1749 4222 1122
266 3171 3185
33 3312 20
3786 4155 3171
922 3670 1038
4921 4966 1601
4369 4966 848
1869 2782 1152
960 4319 1395
1932 2087 3531
2728 3026 2181
3507 4615 4589
2327 4934 2249
1573 2951 991
790 847 790
4814 4836 631
2707 4336 3742
2507 4805 340
4474 4894 3753
2742 3548 4172
183 3473 1400
876 1344 4079
313 2435 2291
1717 4648 2423
2349 2565 863
4232 4656 4684
2586 3344 1162
1501 1658 2232
4383 4986 273
818 4755 1684
4931 4978 4969
3960 4396 2488
648 2097 427
834 4345 4841
4926 4953 4610
761 4356 140
3363 4169 1816
1440 3732 4040
3572 3833 3578
2022 4792 1746
4985 4993 3837
1704 4376 4795
3967 4563 4514
1561 3440 4723
4312 4736 3557
4341 4729 4390
3563 4256 940
2035 2644 4086
2084 4108 813
2135 4124 4623
1809 3381 3651
981 3377 3631
4560 4749 2857
1119 4958 3038
3278 3486 553
2725 3842 4318
1247 3209 1228
2087 3716 2030
1883 3461 3953
1320 4096 4903
2432 3455 4773
4599 4946 2419
3033 4857 2820
2774 3201 2587
2585 4276 2019
2890 4997 2507
782 4225 208
4731 4987 1429
1474 2684 3593
3615 4701 3470
2765 4887 3410
1262 3368 239
1778 3644 22
3683 4701 3689
2263 3861 188
4317 4941 1720
206 2502 4295
127 536 2397
420 3743 4606
3021 4283 823
794 2974 1820
2396 3172 2506
1109 2546 1399
767 3035 1154
1228 2156 2777
532 1803 3666
2649 4772 4485
4876 4918 2237
4121 4228 2345
3954 4947 1786
4966 4996 3558
4794 4864 1200
4894 4952 4316
3747 3925 16
878 2422 1137
251 1321 1395
3456 4013 2786
665 4699 4940
2805 3958 574
1067 3689 3156
1027 4483 1306
2812 4066 4721
2191 4810 3508
3800 4783 795
247 3671 628
3292 3419 3177
1795 4941 5
1991 4092 2900
4911 4966 3913
345 4200 1880
2548 3447 686
1347 3519 2317
2136 3475 3664
1540 2142 1467
4793 4966 2548
3882 4486 1376
4054 4722 3362
712 4260 2924
2979 3181 4342
2892 3248 857
224 3867 1897
1359 2864 4789
1857 3605 1196
4972 4977 3211
4106 4592 3379
4086 4565 4430
117 3851 1340
1394 3092 1122
329 4042 3653
4414 4664 393
249 3634 2464
2103 4129 2330
2067 3468 1464
2299 2507 3619
30 1355 3796
4544 4716 3080
2085 3604 3318
4255 4542 3626
4388 4555 3109
3083 3586 1011
1640 4264 967
1205 3801 2421
3045 3652 4464
8 1592 1746
2177 2413 2839
2925 4930 2074
2755 3280 3475
3863 3929 4281
4432 4512 2265
2682 4077 2120
3196 3793 1838
1977 4593 3364
2196 3825 4116
1169 2988 1222
3703 4159 3421
171 2792 1743
4878 4932 4789
1018 3727 3972
3351 3843 4978
3373 4775 712
2954 4632 4990
725 926 3395
912 3156 385
1179 4280 3043
3276 4851 2924
1393 4313 4507
4614 4890 2416
1614 4289 461
2141 2843 4533
4503 4995 3103
267 628 4111
954 2113 1613
1447 4256 89
2896 4539 3435
1421 4202 2043
210 4848 417
4022 4125 4545
627 3021 4977
1234 3641 4383
1883 3831 1461
3556 4646 4201
2985 4104 3757
294 1247 3997
314 1756 1811
48 1100 2813
1123 4804 1930
1317 2968 2864
3982 4825 3962
2916 4613 3928
2557 3472 794
3205 4277 3850
343 3252 4103
3314 3605 3038
2434 2786 2628
2953 3551 267
3374 3425 4133
2802 4528 987
4393 4430 2822
4760 4919 3594
848 4307 1276
1645 2490 4593
1249 4941 1903
4735 4956 3734
4529 4692 2886
143 786 3839
4809 4876 427
728 4935 99
3388 4062 770
2889 3241 858
527 4498 4075
2901 4412 2858
3708 4556 1752
1197 3025 4160
2010 4844 4739
1305 4895 3195
2487 4394 1841
4071 4084 2007
115 4229 1949
406 697 1389
751 4481 1332
4775 4797 4013
2525 4103 3917
3181 4296 398
75 223 222
1391 2275 41
4823 4847 3707
4688 4964 3270
3920 4089 1586
3035 4885 2460
2491 2711 2367
2298 3280 3401
4214 4543 1794
4932 4935 3517
2094 4362 2792
4954 4995 1547
194 1011 2267
2636 3769 329
2604 3930 818
2402 4495 2672
3010 4049 4781
3174 3916 642
577 4126 41
4762 4957 1748
4711 4845 1678
2540 3390 193
3264 4286 2160
947 3074 4163
1678 4776 3372
1818 2777 434
2578 4397 2221
3993 4370 2787
753 2018 104
1753 2978 2909
507 3321 1401
2887 3287 4221
4830 4953 743
1371 4992 4415
2371 3476 2301
1848 3937 4214
1717 3903 2817
1944 3439 1996
1065 1412 3594
3362 4377 3834
1859 4198 368
2735 3155 1896
1908 1924 4103
4660 4786 1961
1972 3224 2645
4163 4929 3345
3124 3910 1676
2881 3963 2468
4018 4786 935
3470 3982 1549
4977 4979 2086
3782 4491 4566
35 3305 4920
4005 4194 3445
4428 4725 544
116 343 2447
4539 4980 4717
415 2858 614
4168 4554 116
4083 4931 1300
2285 3427 915
1678 2618 2031
506 3759 383
2255 2703 3946
1713 2226 4348
2571 4306 2289
2388 3785 289
1612 3909 2890
4943 4951 4163
3388 4591 3827
3969 4845 3238
3694 4504 3164
4337 4586 3110
4381 4930 3791
3291 3520 87
2471 4434 3585
3542 3967 3445
1151 3522 1497
4995 4995 1379
3926 4806 2066
740 1734 1198
4945 4999 1082
562 2147 634
4051 4682 1068
2415 3967 1460
3788 3909 3460
4500 4661 3083
1505 3940 2779
565 2985 4602
1896 2939 3920
4287 4686 532
2071 2573 2550
661 4278 4469
4438 4837 4121
4946 4976 4053
1402 1465 4172
4071 4250 2796
915 3246 445
3014 4443 1551
1142 3070 2274
2035 2757 2040
3769 4251 2176
3179 4483 4145
83 220 431
2680 4670 2495
3429 4999 2992
748 2304 111
2381 3691 2615
1110 1485 2944
2474 4614 1564
946 3815 1795
1475 1680 2264
4258 4547 4268
941 1037 4798
1458 3206 4497
4789 4896 21
2315 4070 339
2377 3215 931
3482 4504 523
1735 2010 3018
2863 3466 4056
2437 3214 1815
3636 4552 2277
779 2190 567
2075 2972 3569
1026 3659 1410
4500 4889 2206
3379 3545 1177
4981 4982 4966
178 4146 93
114 3266 4682
2730 3482 4466
1417 4991 4278
4074 4439 783
4596 4872 4988
2338 3762 3378
2938 4122 983
4886 4967 3728
4300 4723 446
3824 3913 827
4643 4773 1502
1498 4862 87
3381 4770 1527
3964 4957 977
2239 2753 4226
3163 4195 421
123 4093 2513
1299 1560 3409
4197 4686 1165
334 3883 3353
4767 4822 687
4559 4650 2311
4972 4986 4087
532 3604 4505
2250 2640 2896
3176 4809 3212
2567 2903 3002
557 2227 1207
1517 4828 3290
4076 4101 4043
3301 4812 817
270 4334 3423
2673 4315 4882
1000 4794 2153
2169 3599 378
2722 4541 4380
3468 4944 4295
1656 4487 4254
4512 4778 1566
4817 4855 3845
4024 4536 2507
3608 3733 2022
1447 3463 1712
633 3632 471
4134 4955 593
358 4922 1785
1350 2799 175
2885 4064 3911
4584 4861 2000
1612 2681 1891
2982 3195 3223
494 4501 1252
1691 2865 2690
1008 3610 2255
4686 4846 4992
1583 3528 3827
296 1272 185
4200 4856 2757
3300 3404 1159
2562 3314 2738
2463 3647 827
1104 3556 3335
4369 4641 1763
3507 4739 1756
4827 4847 1970
250 3025 4486
3084 4712 2272
3537 4031 2526
