5000 5000
4103 4302 3165
2431 4343 4475
255 3563 692
4418 4805 4251
4388 4884 265
356 476 3118
716 2019 1999
1042 3954 2221
3855 4690 314
2565 4521 4270
979 4661 2738
2038 2932 4912
284 333 4086
2168 4887 2593
4907 4959 4246
1926 4545 1099
4356 4535 4515
4849 5000 2957
3691 4853 1355
743 3224 1818
3336 4120 2482
2598 4260 82
247 4591 2324
4050 4074 3768
4426 4966 3238
475 1693 3668
3448 4030 2026
1301 4674 3257
3317 3665 3278
1623 3032 3484
1748 3253 3936
660 2154 3096
2259 3277 4424
842 4049 2623
2114 3875 4118
1359 1916 955
3752 3756 2239
1971 4298 2248
4012 4012 460
4505 4698 3743
4108 4682 2998
2740 3948 1332
4051 4393 1485
723 1243 1067
2882 3499 4753
869 1439 2522
316 1741 1922
3869 4311 2161
871 1789 63
1431 4979 3519
2913 4394 2916
3882 4506 2741
3277 4387 590
2117 4917 271
2572 2593 3175
2298 2568 2733
4776 4988 3074
1714 3047 371
3242 4677 1420
816 1674 4713
4382 4971 1696
3147 3417 2320
3232 4319 2990
1180 2327 4608
1605 2736 1932
2987 3016 952
722 2493 2208
2927 2993 2269
156 1870 353
1488 4803 4598
3584 3867 1297
196 3105 879
3101 4868 1733
161 4117 4450
1231 3974 1082
1319 4428 659
2765 3102 302
2472 3260 185
3996 4944 516
3451 4140 4770
2942 4470 1460
4213 4505 2011
2795 3785 3613
4825 4833 486
3655 4319 847
1416 3628 611
2954 3706 4528
2408 3427 1938
3784 3830 2108
2266 3958 527
630 3626 2983
4782 4930 1013
633 1327 2561
4493 4974 1067
1395 2693 127
4054 4566 3327
2828 4512 2799
4411 4725 3552
3688 3756 1565
4686 4764 2459
652 2107 1731
2612 3618 116
1811 4490 4910
1753 4195 1731
3414 4560 1290
3001 3404 1373
2039 4833 2729
318 4807 2180
2051 3237 1925
4200 4277 3662
2777 3317 4664
1219 4748 3542
2328 4830 751
583 727 1398
1831 1856 2370
4823 4914 330
4801 4817 916
42 1903 4530
2980 4034 874
3919 4569 14
3155 3616 3710
2887 4868 755
4017 4042 3243
2540 3576 1513
2435 4895 3646
1679 4879 1619
3924 4056 225
3827 3967 3566
3788 3995 4618
2745 2821 4661
1311 4051 117
1681 3297 2194
2501 2553 3374
2727 4493 2691
861 2464 2145
991 1417 3226
1295 4626 385
1491 1684 877
3794 3803 3888
4635 4907 2814
186 1148 2554
2053 2294 4755
1774 4527 3791
4983 4999 4092
4133 4642 4676
1320 4911 913
2298 2552 2863
3199 4012 4050
2342 4074 1003
2885 2956 597
1921 3410 712
1147 1989 4370
3061 4046 4118
2229 3583 1723
4557 4811 4735
2592 3383 4314
3623 4352 4449
4465 4572 4078
2568 4928 3239
2642 4692 616
141 3647 3410
4060 4140 539
709 3576 4953
1649 2160 4300
570 4938 3897
1989 4053 1499
4174 4224 2997
1980 4330 3580
4478 4879 1112
2423 3913 1890
3732 4073 4292
350 1162 3505
2578 2946 151
2556 4018 3191
1851 3225 1012
1828 2155 1794
3966 4530 1525
4544 4786 2274
3873 4942 1489
1123 1248 3000
3040 3494 2498
3538 3589 4116
2336 3327 2920
1637 2541 3652
1113 4177 1159
405 1265 4654
4323 4720 1707
3615 4115 4295
2493 4816 851
1206 3977 659
842 4140 2016
420 2164 4347
1158 2308 219
1777 2085 72
1486 1673 13
1984 2749 1011
2835 3257 1080
3611 4441 2161
1117 4319 357
824 2359 8
4546 4645 433
1926 2083 4582
1891 3295 2707
3793 4702 774
4946 4996 2502
2972 4450 1209
530 3112 4876
4469 4494 3588
415 2285 4585
110 3031 2618
3544 4062 300
341 682 4987
406 539 2994
485 4259 2609
3823 4756 3543
4002 4430 3761
1150 1517 914
4294 4726 4330
3810 4055 2669
4412 4797 623
2485 2763 1918
2392 4019 3055
1277 4752 4965
2425 4118 4853
4491 4525 3511
3180 3799 110
3445 4334 3298
35 3509 4319
2480 4023 4587
2602 2989 1315
504 2976 222
4286 4707 3430
3482 4623 1908
2315 2989 1377
4649 4941 331
4033 4278 596
2874 3973 1595
4617 4826 1867
4733 4978 1895
3057 4242 1748
1897 4309 2867
79 4974 4972
2360 2750 3110
1624 2399 4140
3718 4588 2423
2427 4075 4520
4955 4987 1341
3850 4119 416
1450 3874 4744
3901 4563 2159
3634 3682 3282
77 4681 3331
4924 4954 2299
523 1753 1007
231 3034 2695
3121 4486 1105
3914 4489 2651
3233 4906 696
4834 4878 584
3178 3496 4076
4977 4994 487
3122 4154 4744
2847 4687 3906
1234 1861 4058
2957 4615 1892
2221 4115 2672
4104 4701 3183
3375 3695 1639
2646 3187 4028
1829 2246 478
4508 4512 3720
1041 3028 1821
2971 4363 357
137 2180 1796
348 2357 729
3510 4375 2039
432 3507 1902
2545 3881 3019
2131 4904 2082
2733 4764 379
3145 3269 4297
1378 4523 247
3753 3802 2062
3752 4221 4316
1345 3466 2277
4878 4969 3983
1005 2322 2455
4523 4924 3384
3101 4658 3404
2586 2973 4089
3272 3311 3626
2236 4254 3349
1877 4867 2348
4444 4521 3304
3891 4341 4447
2869 4583 4425
781 2676 3277
572 2238 1188
2247 3800 3400
2340 3475 58
4297 4894 313
609 4537 4276
3220 3340 4380
3586 4958 3309
4639 4871 4269
2629 3907 2931
199 1160 2337
871 2980 96
2758 4506 2690
3379 4213 2197
1382 2756 3381
1231 2103 374
553 4812 3566
1753 4255 289
1445 3771 2731
295 4684 4656
1693 2772 3899
754 4485 171
1627 1913 1154
1285 4123 2226
2404 3358 2666
3488 3911 1347
620 3561 1500
1986 2599 1005
1298 4492 2723
3097 4056 2455
4726 4747 1407
4089 4262 1084
2451 2987 3644
3075 3095 3884
4169 4549 4965
2722 4146 1647
4819 4830 3778
1420 3058 3074
4358 4567 2533
3464 4966 1842
4695 4796 4286
2242 4673 1231
4191 4309 3560
2151 3749 4783
1846 2303 818
4984 4993 2049
3612 4358 136
2808 4936 4277
3590 4564 744
4605 4793 3571
3945 4216 941
4979 4984 3302
3055 4228 996
928 3931 2260
2645 3322 1414
4796 4917 396
1176 1642 4936
1674 2963 1305
1068 3367 2296
25 1627 148
1652 4606 1267
2081 3244 2199
4602 4851 923
3225 3256 1373
3014 4965 1865
2895 4854 3873
1037 3340 3695
3561 3576 4116
1441 4231 2217
1750 4047 4269
750 4410 143
2645 4367 4449
2081 2797 498
291 1621 452
3581 4128 4054
81 1100 881
1784 4902 1274
419 1205 509
1451 4271 2537
4451 4466 4834
3097 4685 3694
151 3594 3873
3201 4214 4301
4618 4848 832
379 4686 2135
4222 4402 3269
1112 2742 2814
3496 3843 3754
1880 2683 4435
1668 2157 48
713 1072 828
927 2953 255
131 1988 4790
2626 3355 2045
215 4532 1830
3889 4163 2639
1297 4449 2929
3100 3524 3565
926 2996 2605
3322 3484 2782
634 4340 2432
689 2449 4768
4631 4894 955
4160 4718 4923
1063 2808 4348
1370 2068 3101
3502 4788 1238
2691 3611 1999
3756 4964 3103
2679 3738 1282
1176 3514 405
3462 4707 3041
722 3497 2118
89 2919 1252
4929 4940 3467
2845 2971 2687
4179 4287 4815
390 4486 918
3919 4909 4571
3585 4724 2199
2279 4924 1677
2008 4178 4799
3649 3822 527
1237 2722 4639
912 3658 646
1304 2656 2987
3951 4358 2657
263 4816 4078
1117 2993 4310
2080 2998 3984
4922 4944 1567
1126 4573 365
3945 4198 408
4869 4949 2943
4900 4938 4187
112 3789 435
4467 4504 649
3437 4469 2386
1889 3677 4046
2826 4027 1155
1366 3746 4856
1618 2432 30
2260 3729 78
4411 4949 3106
4938 4995 4592
1510 4125 3005
4609 4635 3253
2685 3103 826
2134 3761 746
3327 3810 3309
1688 2485 655
875 3482 4902
4286 4306 3416
2255 4387 4949
2184 4234 665
261 4096 2806
2494 3655 4514
1437 3022 496
3514 4457 1527
3276 3631 3909
4705 4941 4434
1055 4629 1557
2739 4150 319
2608 4963 160
4189 4476 1054
3979 4060 3861
1996 2848 3523
2250 4709 571
2994 4034 4143
2961 3012 4611
855 4229 4832
1870 3700 4873
1685 2055 3574
4303 4497 1965
38 1473 4860
4527 4550 3126
3609 4060 1378
427 3289 1866
1973 3386 2191
1154 3349 3093
4431 4840 3842
896 4837 1715
3591 4965 3810
2882 3209 1675
4201 4558 1185
822 4796 2018
3950 4591 4019
1251 1478 264
3106 3848 2969
259 885 34
2769 3194 2573
3050 4916 4162
1012 2987 255
2573 3338 891
3636 4507 2684
2797 3019 4437
32 3336 2545
2423 4608 1972
41 3705 2710
1297 3945 3804
191 1784 1032
4945 4982 4483
108 3209 3062
2180 4080 4899
4886 4990 1045
566 4243 3199
4790 4983 3807
1675 2144 955
1517 4597 2331
3186 3567 876
1062 2849 2998
2047 2312 1619
1404 3799 1126
1422 4588 154
1886 4795 3377
586 4243 4789
445 1288 2751
1194 1721 3185
2897 4007 1296
1869 3137 1922
2083 3594 1304
3996 4201 1683
3849 4517 3343
3659 4347 848
851 2704 3412
1415 3030 223
4394 4529 2439
839 4004 3945
596 4579 552
3918 4374 576
4859 4962 1010
3207 3681 4921
1882 3734 2026
2730 3067 3536
3468 4668 2107
3021 4054 1351
1139 2242 2441
3659 3798 3242
3464 4999 1209
3695 4352 659
4064 4567 640
1073 4097 3934
3005 3161 2047
2139 3058 2442
4498 4840 2669
4571 4957 2863
1275 2767 3088
93 4049 1670
805 1719 2339
4873 4942 3257
715 2773 1483
4484 4941 4828
757 2888 1073
755 3742 4843
4646 4848 3012
3242 4997 324
1641 2874 1871
4216 4903 1559
1620 2891 3285
4222 4380 4541
4465 4971 1822
3127 4323 368
312 1127 1929
4384 4602 551
1116 2560 2672
2053 4493 1412
3600 4649 343
2163 4620 3710
4232 4576 2162
3148 3547 3817
1565 4603 4822
4026 4521 1500
3224 4340 2324
1909 3923 1356
1704 4795 1716
4529 4721 3369
756 3986 1479
3651 4892 4170
1933 4474 136
527 2438 4439
515 3957 2087
2428 4797 4014
3502 4095 3810
1713 2155 2326
3692 4790 4104
3131 4191 221
2539 3817 302
4528 4983 870
4874 4912 2031
2496 4619 2283
1833 3584 1946
4887 4950 569
2453 3137 1284
432 3605 340
493 3854 4497
1662 1690 4279
4997 4998 1951
1666 4022 2249
3460 4728 3950
631 2581 1151
3625 4659 2110
4690 4858 2476
385 1530 897
4335 4681 1711
4141 4379 4706
4523 4878 3663
1203 3682 3530
4530 4736 3296
4329 4443 1138
1136 1803 2605
4731 4907 3249
589 1777 4289
3888 4388 11
3749 4773 3007
480 1157 2824
731 3834 340
1966 4293 4599
3845 4151 4567
2864 3848 4173
962 2859 3786
4118 4894 1463
991 3332 4203
2342 4126 4386
87 1495 1307
3684 4107 499
1339 4489 4071
4492 4813 504
58 4766 2598
662 4620 4247
603 4112 1640
3585 4515 3642
2905 3674 3142
666 1237 1470
2365 4561 1008
2996 4191 2658
2484 3060 3607
4752 4756 490
1021 4605 112
3422 3888 2910
4967 4983 807
100 1122 3881
2102 4563 3391
2160 4480 2891
321 1952 4101
3734 4109 1677
1519 4736 4235
1671 1677 2
3560 4672 2598
3572 3942 4078
4799 4826 4657
124 1253 2863
3668 3814 1894
252 652 4703
632 2664 3148
4804 4887 3728
1259 4605 3273
1227 3641 3774
2992 4751 2252
293 1803 1975
505 2166 966
3371 4842 110
2202 4434 132
3090 4156 4831
4414 4989 2550
4073 4240 4345
4867 4925 4240
2891 3447 4032
151 3500 919
3028 3441 997
4933 4973 149
507 3320 1637
670 4002 1296
1967 2383 1589
2689 4874 2837
282 3233 345
4113 4195 4149
1390 3319 3409
4667 4929 432
2463 3541 2312
1370 4405 1214
4720 4818 1897
3789 4588 1926
4751 4769 4430
4978 4987 2586
2991 3852 4932
1029 3186 136
1586 1845 3662
4675 4807 127
3757 3849 685
2971 3697 3760
1234 2966 1380
1542 2507 1492
2866 4593 1125
2795 4143 135
2315 3305 1625
3822 4264 1870
3997 4987 4633
4150 4345 4876
2158 3642 1848
2447 3975 3562
4771 4926 3333
4542 4831 668
3213 3390 3238
3730 4027 2361
1343 3418 147
676 1254 1619
2249 3629 638
2156 3808 3772
2970 4624 1184
967 1835 1348
3900 4671 2125
4870 4933 3726
215 407 3790
1928 3836 136
4063 4184 4599
3244 3399 2268
1025 1104 851
3623 3830 642
1237 3700 2091
4661 4897 1538
498 690 1042
112 2651 2017
3872 4669 4961
3574 4175 2096
4568 4586 1586
1169 3612 1300
1657 3553 1999
2739 3127 2725
3817 4613 1608
2153 3423 2893
2705 3881 4281
3817 4855 3361
3633 4473 4337
822 3025 2404
4863 4979 1135
3751 4625 4200
4305 4937 76
3413 3536 716
345 4173 2850
4657 4866 913
4349 4611 4910
3527 4061 3558
3022 4900 4184
2414 3013 2656
2020 3643 4434
906 1267 3879
4152 4311 2050
398 816 260
1516 2249 2782
2792 3455 1207
1326 3586 1397
1094 2941 4323
3665 4055 2395
1981 4465 2287
217 1309 3867
1677 4240 3116
3664 4781 4506
1337 2161 403
3751 4571 3181
4774 4846 482
4535 4961 3728
730 4464 287
3364 4568 2426
944 4172 4808
269 1223 3643
1409 2313 1321
2404 4808 3728
686 2384 922
2432 3761 4803
204 244 4313
2444 3323 1692
389 4750 1495
913 2992 4606
3386 4401 514
4 2105 3433
2912 3312 1078
1283 4593 3086
2921 4404 3658
4648 4998 262
4125 4829 2605
899 1995 2682
3047 3505 1293
1660 3859 2537
4497 4561 473
2472 3027 2091
617 4848 3190
4997 4997 2847
4112 4445 3700
2240 2339 2080
1775 1857 2438
381 2729 3293
4726 4803 2379
2643 2701 2114
411 4705 1072
3871 4231 1192
25 507 4680
4866 4886 1532
4986 4998 715
4976 4988 3556
4362 4920 2124
1927 2141 3460
1181 3614 4222
457 2722 4144
2 3597 3387
2655 4288 4889
4953 4954 4356
1135 4158 2731
3475 3615 3004
1739 2303 2650
2557 3485 1537
6 3372 37
4316 4633 3263
3448 4777 3676
4886 4909 1698
1694 4478 1238
4477 4892 31
4867 4978 4416
827 1776 647
3982 4675 4522
4773 4822 2595
3161 3325 3489
2825 4861 3044
3150 4296 3627
4116 4429 2277
4578 4587 2356
43 2673 913
993 1045 1196
2084 3204 3496
1216 1895 2244
3458 4530 2417
1817 4431 3473
2123 3535 118
2203 2977 2667
804 2534 4416
1931 4420 2359
158 778 4174
4499 4732 3123
2711 4874 1664
516 3079 126
3144 3961 774
1363 4550 2854
1457 3054 575
2431 4174 3099
2819 3642 3312
2768 3144 4442
4285 4849 1343
931 3511 1356
3509 3784 4768
2050 3305 1917
1280 1292 3080
4393 4848 857
4994 4997 2478
2852 4818 2818
1598 1739 2779
4099 4709 1864
3943 4993 2015
2622 3171 506
1158 1482 209
2768 4309 4600
3354 4783 1429
3613 4738 863
3870 4611 2739
3304 4396 2941
300 4816 3565
2580 3989 1154
1803 1938 1032
239 1614 3811
4490 4537 1054
2455 3900 3198
613 2811 3750
2286 3176 4965
3595 4274 2406
3831 4476 4551
1140 3487 4062
808 1849 1503
2997 3158 1286
3169 4114 127
1840 2755 17
3303 3846 3182
1564 2149 1039
4925 4949 2514
1938 2109 1123
3036 4368 4209
2754 4492 2127
2019 3216 3209
3137 4597 3009
3023 4274 3892
1337 4895 1728
3953 4656 3805
173 2681 3989
3422 4363 2750
1880 4151 3202
3660 4111 4179
1969 4596 4111
3736 4206 3171
1986 3961 469
2126 2834 69
2080 3069 2103
672 1015 3429
2350 3923 550
2853 4493 203
4506 4728 748
3779 4643 4251
4222 4939 3775
2330 3482 4750
2965 3486 4174
2535 3294 4350
1196 3724 4472
456 873 1666
1248 1694 2883
1612 1891 4428
2040 2915 4676
3235 3665 485
3900 4339 3234
2768 4606 1738
1446 4572 4820
2076 3832 389
2595 2943 3043
2086 4905 4065
1727 3321 980
1593 3009 79
1833 4713 3209
421 3735 2525
1869 4422 2432
2502 3607 1855
430 4059 843
4836 4877 932
2812 4439 642
3630 4925 3256
4977 4985 2886
444 3557 2582
2769 3370 4961
4357 4501 4616
3253 3861 2105
4100 4384 3599
865 3287 4563
2677 2738 2726
2695 4421 1955
2523 4499 2636
2750 2822 3801
2918 4360 743
1994 4312 1453
2639 3973 3222
2532 3858 4365
977 3607 2427
2519 2796 4263
4572 4993 2348
2072 4755 2498
2434 4938 3791
2729 4787 1921
3573 3687 40
3006 3703 4349
3607 4877 2753
2566 3081 4964
2481 3937 4819
91 2875 663
2668 4100 4438
4974 4996 4922
262 4793 2028
4157 4493 1774
2975 4269 2496
1887 3554 3107
1195 2470 3665
1922 2075 1832
3185 3612 1567
4035 4136 2916
4085 4368 1720
4710 4765 305
2799 3210 3749
1532 4081 298
3855 4912 1548
4524 4939 4016
2863 3929 4953
2798 4435 2142
1095 3863 1993
1125 1282 4192
800 4724 3265
4536 4725 620
1398 2096 1715
1457 3405 3674
1228 2594 3532
2748 4273 748
1170 4195 1086
4213 4707 4921
4127 4937 3326
3786 4058 586
3963 4425 3855
2570 4948 756
1654 4039 732
3025 4265 1541
2774 3941 4270
699 978 4764
1183 2081 2986
3782 4737 3068
345 4348 933
4010 4694 4349
2077 4013 3449
524 2048 2061
4452 4887 3381
915 1200 4810
2063 3891 41
1200 4820 2755
629 2922 365
43 2440 4885
3288 4887 1031
924 3423 2251
338 2702 4113
4335 4417 3323
3937 4560 3380
4011 4766 1193
1730 4484 737
1770 2722 3606
981 1741 4296
622 3600 1875
81 2816 3961
2562 4221 4723
1110 3877 4017
4352 4967 1347
2612 4500 3086
380 1382 4884
2085 3096 4985
1262 1982 2162
2773 3005 2156
4406 4550 39
1621 2558 4692
2614 3426 1915
1515 4654 2688
3512 4820 4492
2998 3649 2570
4386 4858 4866
1669 3488 3687
1316 4969 533
3632 3910 950
2806 3853 1574
3307 4474 3564
2693 3767 2712
26 3601 2101
3283 4590 1170
3007 4063 975
4969 4985 3208
856 1961 668
2096 4650 2800
3913 4996 4577
3095 3865 3747
3359 3890 3633
4300 4748 802
2426 3017 1297
842 3696 1947
1042 3636 3855
2897 3892 719
986 1010 3907
2442 4391 1835
1209 2146 4227
223 2342 1560
1326 4528 3451
1093 3473 342
1419 2131 4026
556 1854 2794
4820 4820 4514
1114 3466 4848
2392 4415 3626
4746 4756 4052
4604 4856 2162
1953 4144 322
247 4993 255
4641 4932 4881
3010 4311 1406
2640 3836 1678
3592 4806 2540
4560 4619 3303
4246 4639 1145
4989 4992 1793
1930 4790 3094
1973 2009 2813
2426 3647 2103
1180 4288 4793
1786 4316 3938
1987 2141 3547
1492 4978 3243
2298 3693 4166
4058 4266 651
1481 3022 2493
3985 4492 2564
3746 4581 1989
687 2696 2412
3143 4697 983
191 763 2598
4442 4963 3655
2481 4123 3111
3672 3725 1513
3354 4144 3229
2314 2710 4718
2146 3245 4809
1758 3811 2233
2505 3593 3268
1282 3338 4541
3761 4203 3336
4286 4764 2362
1582 1636 1923
4651 4655 4638
671 1184 4341
3017 3463 3991
4395 4972 744
595 2364 378
3577 4684 2478
4951 4992 1038
1063 1524 4088
4166 4696 70
1828 3875 656
4572 4948 2050
36 1426 307
1623 3375 3512
1376 3808 948
3578 3924 3557
2288 4789 4320
1846 4695 2407
4277 4361 4762
4168 4758 493
4233 4941 3582
3036 3223 2347
114 2412 1288
1429 4541 4808
853 2598 4014
2077 4864 1956
4643 4990 2297
2481 4579 2155
1642 2579 2242
3963 4926 544
2545 3482 1742
757 2375 3266
829 4711 4337
808 3278 3044
927 2719 1126
2199 3298 3832
3829 4891 2472
1126 2452 815
1959 4992 841
270 3145 1340
937 3679 3912
373 3941 3785
4767 4844 3112
934 4742 1370
3465 4176 4064
3196 3990 4309
2331 3818 776
2903 4361 2482
2241 3460 2448
4129 4542 2717
2460 4022 4488
1389 2093 3157
964 3885 4543
946 1724 2298
26 347 1252
4064 4134 4943
2238 4988 1660
2781 4431 2295
3350 4113 3072
436 3670 23
1921 3964 1156
1099 4422 290
4616 4860 4162
3606 3760 1120
3639 4351 543
4606 4814 2199
3979 4190 988
1088 4317 539
1451 1793 952
1894 3863 1846
3437 4726 834
189 757 2789
1042 1557 1865
4078 4925 37
2905 3374 1960
537 4866 1069
54 2595 4885
2326 4422 630
3023 4233 3245
3114 3761 2172
1427 1878 1295
1140 4561 1524
3819 3968 1603
1565 3454 1477
3611 4981 615
4973 4993 4870
2001 2611 2921
67 1779 2239
4723 4797 4802
4132 4940 2574
1070 2329 4458
676 4429 1053
4176 4430 4802
627 2229 678
1653 4023 85
3477 4740 3887
479 4146 2453
3925 4483 904
3087 4249 4416
3251 3403 989
3323 3736 2257
4083 4853 3195
405 1833 255
3271 3960 3530
3307 3995 4779
4935 4971 4526
2847 2957 2251
553 3766 3329
2483 2881 371
2991 4493 4260
1813 3130 3740
4654 4785 2110
599 2175 1464
2024 4282 2997
4402 4905 4587
2490 4938 4222
3614 4657 3098
629 1407 4220
4866 4910 215
3247 4286 2890
3410 4930 303
70 1347 3304
4419 4720 2733
382 1852 828
1880 3561 2803
2663 4577 4986
4885 4991 1234
3836 4557 4481
3529 4969 4468
474 597 781
4439 4828 858
257 846 741
4843 4924 1515
4205 4596 422
4911 4965 1042
414 2454 421
3731 4843 1869
4715 4793 2223
2754 2972 1657
1606 2692 83
2523 2798 2629
4815 4889 4226
3080 3588 3569
1032 2376 4995
2050 3606 1311
866 1580 3818
2478 2733 4349
1992 3912 4408
2981 3505 2427
4792 4792 3095
1375 4596 12
2963 4927 4741
4299 4923 1302
1633 2918 313
630 4909 2268
4966 4971 3784
4225 4782 1533
2423 3632 4143
942 3547 4638
4210 4424 4348
2132 3462 4706
2252 4368 4483
1706 2899 4090
4657 4734 629
2743 3195 3724
73 1843 2373
2806 3017 604
1315 4922 3727
2004 4006 2761
3912 4793 1680
1291 1441 18
3027 3198 4199
2030 4547 4957
1886 3692 1421
2391 3353 1219
1107 4618 3616
1811 3794 3114
4706 4886 2169
264 4221 147
839 3859 680
1137 4396 3668
4749 4905 611
3375 4388 2067
3963 3971 412
933 3476 1634
4507 4882 36
1617 2764 4510
1676 3147 4636
1661 2283 4793
732 4956 688
2130 4894 3221
1885 3431 4009
846 2963 1864
4936 4984 3548
2128 3241 495
1133 4944 2552
298 3249 1514
3766 4507 3920
5 3117 1094
2408 3623 3610
3774 3888 4931
3917 4979 1921
890 4898 75
3303 4828 4507
635 1035 3309
4122 4328 1028
4344 4899 2587
782 2569 3588
2128 4315 1347
4760 4972 881
3050 4867 2660
275 2456 2665
4972 4978 4606
1465 4743 869
167 1606 4548
4012 4124 4905
181 613 962
815 3980 2990
2263 4287 4886
1549 1648 3483
84 2239 973
3855 4208 2927
2061 2262 4055
1502 3762 310
1479 3649 1330
3303 4773 1981
151 1550 4043
3079 4096 2622
2542 4976 1281
3748 4516 3447
4084 4217 3361
424 1885 4928
1702 3411 3590
3021 4944 2183
3630 4767 652
147 4662 3143
2200 2683 444
2440 3475 764
2 987 2960
47 3531 313
4633 4998 1502
4205 4336 3781
2776 4304 185
2710 4597 4455
1392 3299 1137
2531 3040 77
191 4644 310
156 4475 4826
202 326 226
4428 4778 87
884 4742 3150
4473 4905 4937
1372 1697 1659
1736 2061 4759
4856 4937 3606
4672 4721 397
273 4057 872
551 3283 2132
1047 4495 4225
2669 4565 3601
3745 4280 4538
3126 3790 2867
198 3945 4431
359 3796 3459
3948 4980 4607
214 756 3540
3551 4668 2304
3588 3629 2461
2650 3287 524
4992 4998 2417
4618 4715 127
1881 3502 4741
1387 3994 4876
4528 4650 657
4703 4718 471
1148 2464 1559
1767 3937 727
1030 2672 1634
3290 3651 2105
2232 2754 3464
3645 4406 378
3064 4189 494
3720 4598 4872
2319 4865 1921
4622 4691 599
1098 2741 2251
2895 3023 1699
482 1475 1293
1107 1125 2250
2533 2780 1637
3787 4863 891
1198 3767 2935
4868 4931 1142
4176 4619 4680
4366 4599 2925
4477 4974 4938
2067 3070 2749
3962 4952 1547
4727 4769 2097
2534 3608 377
2201 4498 761
4321 4626 3603
2387 3693 731
158 2112 1569
1414 3642 1796
4600 4986 4796
463 2139 4122
47 505 1438
1011 3057 4751
2406 3702 1939
3655 4787 78
486 3741 111
968 2312 2417
2674 2827 2238
2798 4237 2107
3549 3728 3319
3243 3530 3868
4061 4713 3322
564 3131 2803
2039 4961 144
385 2351 1256
4778 4996 3981
4152 4573 1669
3878 4673 4222
1090 2239 3446
4492 4629 88
4588 4797 2547
4017 4450 3433
2552 3839 1171
3644 3693 3317
3635 3711 1036
4103 4204 496
2198 3779 719
2546 2804 4599
3639 4580 1180
2763 4502 1610
450 3794 3520
2234 4188 1180
176 4069 4701
1216 2859 1763
3437 4706 742
3750 3809 1863
1806 4440 839
1737 4528 3646
3592 4567 1273
4496 4798 2481
1042 3994 3486
3325 3523 1722
1025 2481 3064
248 3704 937
1179 1516 2352
4726 4950 1732
4313 4528 1067
4906 4911 683
2596 3364 1039
1391 4064 2807
1494 3797 1741
4669 4959 679
2461 2885 975
4895 4938 3665
952 4605 1386
518 679 2864
3835 3892 3317
4388 4781 3226
1835 2184 2751
4533 4557 4567
492 3341 4191
2661 4663 401
4035 4590 1260
3805 4236 1342
2482 3181 582
2192 3314 1456
3350 4619 4191
568 2276 187
2580 4460 1021
4161 4323 4840
2654 3331 3805
4943 4972 3980
576 3969 2258
4745 4951 759
1550 1657 4257
2050 2947 4622
3968 4761 2398
4827 4949 3819
4246 4766 3663
1976 3962 3449
1446 4969 3413
1021 2023 2006
2838 4075 165
2841 3297 3024
1076 2066 4747
2213 3486 1620
2832 3449 1775
3072 4321 4224
2574 4703 865
304 3433 4700
2792 4880 2853
1964 2837 4822
3642 4549 4069
1011 4142 506
4318 4510 2171
313 2861 4641
4506 4855 1557
1462 1588 3674
1559 2075 3796
1864 4525 1957
4321 4413 3995
3031 3780 1769
4609 4909 4926
3423 3544 2886
3974 3995 3393
737 1373 1189
4548 4780 2442
3181 3281 3680
4814 4966 697
2066 2692 3907
4099 4606 769
2044 4646 704
1606 4416 4611
3689 4300 3684
4433 4604 2881
2987 4186 4699
3477 4928 2154
179 4636 3808
629 2734 3153
4255 4440 708
632 2318 802
3222 3831 2726
586 2192 1597
620 2653 4197
3291 3619 4304
595 2928 2437
2258 2698 3653
3678 3779 168
2131 4530 4615
213 1188 1463
1448 3252 2322
577 2125 2498
775 3650 4427
202 4292 4910
2645 4340 2166
1266 3107 4072
4972 4998 1598
34 4276 248
2737 4503 1160
838 4083 2261
3545 4899 2493
6 1578 3158
348 4034 317
3204 3813 2430
735 2677 1773
3812 4742 3216
3605 4370 372
4743 4829 934
2043 3551 2686
4754 4927 4195
2976 4710 4224
1198 2200 4840
347 2326 3596
145 2281 3617
2547 4034 256
2258 2986 271
858 1487 1858
507 2420 347
3100 4121 1980
4034 4079 1687
2426 3761 2494
23 1725 2999
4392 4988 31
1344 1398 3487
3395 4833 2194
4730 4961 287
4355 4551 1846
1414 1962 1997
2372 3523 4509
2536 3494 570
1053 4122 207
1905 4062 45
4697 4728 4057
3737 4624 4143
4677 4831 2669
485 679 2857
4719 4813 2932
1657 2389 3297
1771 3565 504
4651 4717 1663
3828 4479 474
4771 4968 4253
4955 4990 3121
1900 3270 3456
222 652 3326
613 4749 4231
3952 4005 4323
4262 4892 2954
4985 4994 1967
2928 3512 235
315 4185 714
2045 4684 4280
3283 4954 4285
4697 4760 4119
3672 4810 1458
2446 3836 967
1782 3927 516
1952 3007 1997
2515 4480 4167
821 1911 1081
2575 2680 1955
3675 3910 4326
3449 4516 3848
1200 3371 1141
4507 4803 3433
2292 3455 2610
2381 3899 1485
3391 4685 1447
215 3045 3632
3341 4869 2562
2769 3153 4305
250 3956 1925
2670 4137 394
1292 4876 3134
4684 4912 572
963 3973 630
2189 4490 4216
4166 4932 2873
4612 4820 1243
303 4884 2359
3711 4970 132
2930 4847 2925
2150 3266 2076
2133 4205 4261
1988 3279 2669
2499 2708 2941
2476 3172 4298
4889 4962 4277
3309 3702 2206
2149 4851 3136
4679 4687 4450
1574 2422 2170
3872 4564 3472
4560 4681 588
506 2415 4806
1481 4095 2658
3464 4113 3727
3238 3537 67
3479 4262 2706
503 4115 813
1236 4774 4412
1028 3606 4620
2100 2342 3739
4835 4835 3237
3398 4293 2080
4352 4511 4312
254 3195 2649
1862 2126 3950
3877 4935 1804
3338 3392 360
2964 3169 2935
1434 4867 1599
2028 2882 880
4320 4626 3530
1013 4773 3638
4757 4947 1090
2557 4451 1989
3895 4576 2708
2319 3452 4024
2245 3682 3937
2802 4198 1435
4169 4495 1631
2337 3783 711
4775 4827 4347
4004 4745 3087
2499 3428 3098
994 1832 4890
778 1803 4627
3635 4842 2512
3149 3250 2695
1158 3232 527
997 2628 2719
4068 4614 902
2877 4943 3993
1180 3678 4397
4893 4999 3539
3627 4884 3513
2959 3274 2559
4183 4514 706
27 1629 107
2542 4925 2718
1802 2803 160
4719 4772 4919
1148 2723 4356
504 995 2532
760 3926 3330
1429 2516 164
2279 3432 2264
3874 3875 3772
3664 3916 3730
3876 4984 3480
2234 4592 251
2282 4076 1444
3625 3918 1097
3910 3960 88
4794 4930 3803
4876 4928 3833
3344 4117 4129
3765 4092 4312
1398 4309 610
4772 4776 3942
2441 2550 2493
1232 1764 3234
1359 2860 787
1117 3960 2144
1314 2939 2344
2872 4856 1279
272 2708 2327
2190 3788 547
3632 4915 554
467 4371 4711
2523 3245 3332
1338 4664 396
3680 3846 2572
2722 4327 3761
433 1133 3145
2925 3848 3662
3713 4284 1121
4811 4814 2973
2392 4997 1615
167 944 4683
3636 4682 1445
4599 4854 714
644 669 1261
3876 3933 4426
2248 3522 1397
1925 1929 4056
4891 4966 4033
2877 4637 3077
3581 4503 2809
2776 3827 1391
2612 3823 3899
930 3788 4468
3653 4478 702
1114 1472 3863
4859 4912 2477
3148 4526 4836
2435 4210 449
4677 4946 4059
2733 3946 523
3775 3851 4876
2591 3684 3633
2141 4489 762
403 546 3417
3888 3948 2114
453 4794 656
1138 2925 23
3522 3830 1748
2168 4163 4211
3866 4431 3600
1307 4458 4309
1482 2599 58
1316 2608 2022
4507 4844 670
2985 3028 1118
1526 2836 4958
2184 4014 2349
4362 4558 3410
3880 4318 4536
855 2843 635
3271 3516 1778
2072 3721 1029
4045 4633 2820
4986 4997 4231
3322 3402 3664
633 4527 3897
4610 4619 2587
2627 4557 2976
3994 4404 2649
4474 4582 82
4558 4666 1532
1655 1672 1832
3762 4111 342
4812 4898 2355
586 2117 716
2011 4523 1705
3495 4231 1089
820 3539 3335
3123 4196 826
76 3395 4219
4790 4995 47
437 2408 4187
1070 4825 3089
3783 4798 2400
1532 2896 2307
489 2281 4162
1375 3495 3955
4966 4970 550
4740 4939 1427
4457 4510 4655
4230 4891 2525
2058 2167 2831
1056 3194 2281
2812 4772 4902
1643 3734 263
3729 4329 3358
3338 3586 3192
3748 3811 1372
3356 4648 1366
4796 4989 1403
4988 4993 3282
2478 4863 916
2347 4719 3007
4244 4844 3768
4114 4608 292
3157 4911 4725
3940 4078 2589
3956 4551 4795
2742 3001 1073
4758 4842 327
3005 4592 1213
169 1506 1645
4738 4882 2878
4947 4982 1419
4973 4991 1088
4235 4945 3744
1213 3325 2299
3640 3749 3090
263 2350 315
471 4819 2147
387 3663 3520
2704 2730 4699
2583 4310 1305
3625 4078 673
2616 4721 230
2792 2811 4867
4050 4575 2955
1291 3939 3676
3303 4490 2966
2138 4673 2508
2487 4817 4771
3302 3443 4089
2007 4084 2617
4190 4663 4512
2108 4916 4933
3918 4396 2803
276 2237 2088
449 1344 851
4557 4750 3001
3069 3620 1597
3459 4940 2086
1398 1921 1759
2481 3804 2075
1405 3529 4520
4250 4526 1089
3370 3926 3247
2602 2891 4427
797 4278 4119
327 2828 3986
178 3963 2630
2343 3060 600
2344 4814 557
4388 4642 3282
1682 2706 3494
1947 2737 4814
2166 3297 1586
903 4398 2226
4118 4192 2265
2474 3929 4556
1696 4218 2586
725 3042 1899
1524 4547 1388
338 3309 3582
4418 4719 4465
421 1620 788
4307 4417 13
3720 4840 4236
4930 4945 775
3036 4512 3041
390 826 260
3828 4689 1211
4265 4771 4982
658 3429 3321
4441 4938 2232
355 4890 1695
261 4895 1638
2194 2524 4278
952 2450 1422
3789 4334 2613
3113 3706 2172
1631 1720 2297
3044 3638 1
4711 4847 2291
1641 4326 3802
1346 1799 4642
1215 3270 2529
1593 4168 3752
1487 2935 473
601 3272 3128
625 942 389
4250 4539 1462
2845 3234 2021
3584 4005 4215
3123 3271 345
2980 4167 1445
3295 4278 3246
3998 4142 993
1092 3617 2459
4148 4232 2405
2358 4911 4594
3192 3551 4179
4711 4907 2625
3842 4962 3973
4743 4746 1351
2862 3323 4501
2002 2485 750
3470 4043 1859
1971 2258 4678
2318 2930 672
1020 3329 1307
3798 4286 333
147 691 2017
2202 3670 3272
3057 4472 2726
2681 4225 4799
153 3096 4441
2803 3137 4508
1102 1291 50
4858 4895 4695
3377 3847 3347
3904 4337 2216
3098 4387 4270
4442 4485 1153
1042 1893 887
1575 3180 3583
3453 4750 2501
2615 3452 884
1565 4076 4820
4563 4801 3266
448 3672 14
2487 4552 2184
2843 3423 1602
1316 2327 2736
384 4799 2458
3657 4659 1705
3882 4664 2168
3634 4493 1223
4512 4593 3975
3387 3523 2512
158 1634 3616
4068 4548 1047
4164 4704 2713
878 2681 4201
3049 3908 4083
4372 4980 614
3236 4862 1511
2191 4200 3133
2595 4014 2805
3061 3638 3660
4562 4562 1025
4049 4183 4038
4345 4520 1847
1653 3163 3246
1547 4703 3591
2134 4002 730
978 3406 1286
4270 4650 2528
2396 4623 1597
4639 4743 3607
2635 3299 2136
3211 3743 4244
1208 1943 4832
4036 4406 642
3230 3778 1229
2879 4751 1068
1273 3854 657
286 2921 1574
1871 2589 4610
4908 4924 3420
1279 2177 2366
4179 4439 2671
4485 4747 4139
705 4068 4026
1343 4961 3626
1122 1278 4124
1389 4249 4867
146 3210 4060
2636 4493 1019
570 4221 3412
3451 4686 639
1977 2925 1002
3270 4003 1163
1793 2165 3370
254 4684 3839
2485 3349 173
4859 4883 4839
235 3153 3023
1831 4794 2378
3048 3404 3626
51 2554 1277
4540 4750 2368
972 4515 157
2331 4997 818
3403 3785 2257
3791 4258 1681
407 2240 4053
4792 4799 2234
4067 4979 661
1394 1889 4866
1125 2603 2518
2589 3005 3197
1690 3834 1859
4364 4476 4335
1068 1523 1779
306 1198 413
14 1043 973
3373 3815 4011
1786 3105 4570
813 3530 3561
4278 4815 3343
813 3807 621
4138 4728 512
380 1070 4510
4195 4732 851
3146 4879 65
1829 4849 3107
2329 4912 3128
2164 4555 766
3630 4139 2631
2531 4307 2532
3897 4516 3714
1892 3758 3474
1442 3098 3029
2196 4566 238
1301 2215 2051
3330 3592 1591
4775 4900 1710
784 4447 3758
654 3602 1446
131 1323 1317
8 1342 413
3434 4890 1675
1489 2621 841
1819 3512 1901
4490 4886 1777
752 4279 2362
4034 4775 2243
3517 3685 2957
1100 2656 4805
4077 4635 867
4417 4840 3404
2553 3137 263
3156 3835 4248
3885 4736 79
3201 4949 2726
153 1229 585
2077 2707 2615
1320 1411 3609
3393 3726 1092
4190 4430 4091
1711 3036 1048
3471 3934 4651
17 3854 3138
3919 4395 2972
287 3065 3534
709 3521 3595
4201 4834 2224
2465 2662 4684
3230 3711 549
322 402 4625
93 1471 629
4953 4955 2843
4777 4997 934
1506 4863 1638
4362 4683 4406
936 2466 4335
1706 4045 2615
132 167 3471
2391 3177 3448
3943 4342 4557
4816 4995 185
18 3703 3476
1173 1316 2420
2194 3477 1242
4353 4462 2994
3895 4108 274
3137 4629 4869
883 4282 113
2781 3788 1486
1072 2951 1477
574 3371 4778
4311 4702 190
2042 3676 1274
4802 4843 1688
2380 4374 4480
209 2072 43
24 1662 1608
897 1926 4550
3686 4788 3915
2494 4027 3178
874 4115 2007
596 2662 1640
4139 4219 3822
3744 4744 4527
101 1349 2860
2044 3008 3642
2939 3838 4765
2757 3179 3355
3728 4423 3807
4316 4350 2629
3933 4803 1189
3503 4572 893
418 2175 795
887 3896 2553
974 3796 3731
3749 4938 4432
3316 3784 4143
937 4281 4488
3247 4336 3629
4774 4902 3185
1436 3445 1358
3071 4407 2365
3418 3825 1354
3473 4460 4161
3183 3414 1236
2778 3870 3455
1201 4829 3209
1781 4737 2203
4841 4919 717
649 3682 2963
1743 1925 2586
3073 4278 1836
314 4905 4108
1293 3357 4705
5000 5000 205
3792 4457 4234
775 3830 1832
2194 3570 2565
1581 3734 3133
2122 4551 3618
4875 4937 4333
603 4260 1543
645 4217 2301
566 1929 3961
642 2891 4437
2923 3102 1277
368 4966 706
3110 3432 923
3116 4961 3653
4615 4619 1364
4073 4281 2000
1214 4183 1580
2580 4809 2618
515 3144 3758
1279 3559 853
1189 4561 3222
4598 4614 334
565 3063 3468
4342 4508 2479
3265 3971 2028
4647 4674 1384
4762 4849 3452
262 1589 1613
201 2566 1852
3899 4943 4612
947 2210 3116
2938 4953 3662
58 1889 4907
4072 4943 3073
4405 4915 2253
684 2171 2308
1236 2541 2328
645 3581 2478
2840 4822 2363
2426 2776 3476
3474 4673 2151
1760 4838 2831
3813 4318 2501
3386 3633 4078
3707 4558 1990
2866 4587 2046
2032 2418 1423
3064 4929 2521
2950 3853 3306
2504 4682 3853
3650 4847 2438
83 4993 4776
3953 4655 2264
1399 3574 2564
1279 2708 3694
4661 4872 2524
1213 3224 928
811 3804 1119
4510 4920 1173
1496 4663 1468
2061 2719 4561
3394 3523 78
2791 2932 3516
3319 3679 438
2441 4301 2761
4849 4899 3981
1627 2144 2339
3859 4709 1271
3696 4112 1552
1279 2265 4853
2014 3576 4680
2435 3196 512
4680 4867 1563
4249 4803 4818
660 1513 830
4773 4813 2302
2457 2831 102
909 4879 500
967 1650 1310
1618 2765 4013
1260 3180 2009
314 4555 2533
2316 2859 2224
738 1712 170
3979 4506 169
1560 4906 1216
17 1517 4879
1388 3498 990
2843 4928 4337
43 3685 3053
3513 3972 2528
2715 4680 3914
2848 3280 2088
2708 4175 22
4728 4732 834
3724 3914 4750
4764 4936 1101
1381 2035 2586
2666 2768 3936
3949 4101 198
1378 2168 3431
3881 4508 269
3539 3735 1486
4739 4751 3423
159 2766 3091
2565 3553 1856
1778 2759 540
3461 4768 514
624 3395 163
1212 1830 828
2880 4401 2948
902 3293 2842
551 1535 4139
4169 4595 545
3594 4096 4402
3933 4434 3624
4937 4970 3728
1107 2951 4639
4099 4879 3333
1708 2542 1574
3631 3983 971
2014 2607 4873
4383 4397 1953
3182 4033 3993
1587 1770 3678
207 456 2916
2137 2498 4128
4504 4957 4132
2894 4431 3960
3895 4605 2487
3960 4420 4472
559 2612 2167
4766 4825 3251
2161 2165 679
804 3285 1681
1202 1449 4546
1890 2080 4843
3055 3961 2445
4084 4482 4101
2410 2519 1195
2383 3486 2709
572 3549 4749
3163 4421 3477
4797 4963 4928
2713 3938 1462
3523 4160 3135
1552 3076 221
4955 4985 2807
3432 4415 3884
1254 3869 1131
1327 3018 4862
2804 4597 3641
3282 4780 4543
1333 1788 1086
1555 2171 2845
234 3251 3182
2435 2505 4338
3564 4795 4284
2994 4114 1370
2901 3345 449
622 3413 4110
1087 1413 4068
4619 4968 1755
4492 4671 2702
4680 4698 2821
1414 3949 712
956 4008 2390
1468 3162 4798
4263 4705 3532
1946 4439 4415
734 2166 2447
4561 4575 1166
4624 4762 4559
1546 2711 2038
1368 4021 3249
2493 2717 3505
418 4026 3297
3774 4384 276
1900 3379 2125
2620 3757 2260
454 4830 2892
3600 4046 2918
2681 4150 1556
1336 3367 2382
3261 3848 2857
2955 3539 2895
4542 4959 4671
616 949 4922
3244 4369 3449
104 4414 2562
24 1414 517
244 4846 1805
2509 4261 2968
351 2757 4753
2777 4775 4558
1076 1279 880
3621 4215 2673
2137 4646 4727
3861 4003 3571
4827 4832 3294
3589 4148 4014
75 558 4420
4741 4928 4146
348 3994 1706
3064 4578 2368
4134 4402 1105
4097 4868 2666
1458 3852 1109
2474 2799 939
764 1863 1512
1294 4372 1718
2794 3979 3009
4207 4401 3455
1434 4311 2760
2725 4464 2399
1500 4409 1623
1316 3359 2937
918 3652 1018
2873 4577 3869
2392 3492 1092
2371 3261 2084
1965 3287 4454
4378 4671 3986
3403 3506 4553
1000 1717 442
1805 4484 1123
4880 4942 196
4823 4904 1582
760 4459 156
1692 3154 4667
1307 2409 2256
15 1036 4038
1312 2940 519
1322 3398 1626
1091 1914 2755
2102 2463 4199
1987 3405 1586
4982 4994 2580
4641 4651 3795
3633 3646 1556
3703 4685 4074
1160 4438 2205
675 4035 4942
2484 3453 1235
1472 4729 1991
3614 4598 3580
3334 3928 4707
106 3097 2522
246 807 4637
1963 3221 2955
4117 4282 1362
2015 3285 127
4101 4246 4176
3892 4810 2675
1846 4308 1079
1134 3752 3745
1114 3940 2012
2673 3468 3321
3517 4811 3091
634 2755 4022
469 2429 3628
1403 4096 2031
2080 2327 2897
468 3615 815
1273 3805 2601
2886 4276 583
3489 4801 4981
719 4025 106
3585 4178 4614
1634 1943 1641
3888 4102 2818
2470 4174 1185
4055 4309 721
2898 3119 274
99 729 3946
4886 4978 1085
2977 3761 1859
3475 4839 1050
2256 2922 3386
3071 4314 3972
463 2016 3345
4915 4967 4708
4704 4843 2965
2991 3073 4856
720 1886 4763
2856 4456 2813
3815 4601 799
3034 4020 4429
4012 4155 4222
1604 3657 3638
4515 4931 2840
4795 4796 1689
3859 4494 3679
4276 4656 2570
2529 4298 147
3884 4943 4751
2569 3678 4637
1303 2674 1691
4890 4952 3644
2747 4397 857
2912 3853 1225
1598 3959 563
1018 3325 1129
1844 2633 2719
683 1899 1375
1776 4850 1190
4209 4995 450
4825 4930 4127
4087 4419 4937
231 1944 3679
4964 4976 4777
3993 4401 1330
993 1682 3811
2144 3353 2643
3965 4015 2154
770 821 3525
3315 4952 3098
4504 4672 1505
2919 3899 4882
712 4122 2337
1903 3831 2085
3365 3866 3507
952 3457 2550
4288 4731 1358
3178 4007 2758
543 2917 742
495 1113 3672
809 2159 592
932 3301 1414
1812 3602 338
4897 4975 367
2119 4646 3976
3228 4993 3460
3520 4286 3013
256 2278 4939
2408 4120 4019
4701 4815 468
4426 4844 1947
3594 3836 723
4562 4889 1813
1186 3966 1369
3520 4076 1950
669 4023 3027
810 4106 1320
1160 2064 4184
4305 4636 809
2977 2997 1417
4418 4456 3728
3368 4380 3273
4818 4949 1985
4088 4375 1996
1401 1877 2414
842 2684 3467
4099 4106 395
2151 4750 4768
2761 4003 3323
1841 2623 4949
891 1369 1320
2383 2912 3321
2657 4924 3736
3871 4190 828
2333 4411 4407
923 1711 2439
188 5000 4286
4618 4871 3381
3133 3647 1530
4422 4932 4372
2330 2782 1435
1681 4294 2152
3678 4835 1491
583 990 4817
1757 4911 4653
1214 4470 4799
1002 1380 3147
4135 4625 18
4614 4769 4144
2622 2666 4000
190 4818 1738
1427 4867 2590
4243 4695 4967
2347 2939 2249
3322 4631 4091
4399 4533 1538
94 910 4657
2148 2476 4182
3816 4188 1602
4706 4961 119
4792 4813 2765
2242 2668 3352
2813 3002 2178
4710 4852 1785
4564 4665 2729
3196 4680 3620
3339 4864 4478
4005 4073 803
4266 4497 3844
793 3839 1860
1485 2900 3950
3824 3930 3395
811 1089 4320
1198 2639 4848
2617 2927 1165
3742 4444 4011
4370 4727 2247
1114 1233 3466
4518 4545 4069
4855 4945 194
39 279 692
1991 3539 139
687 4727 4101
2424 2528 4456
548 1615 1602
4628 4811 101
4643 4751 378
4343 4436 444
731 3797 894
2569 3698 4451
2378 4227 1230
2315 3832 4346
4568 4785 937
2695 4626 982
1962 2573 4979
2462 3752 981
3431 4194 82
3425 4587 4026
1674 4915 2093
1892 2359 4899
2673 4370 2725
3938 4544 4008
1866 3553 1839
4634 4854 3258
2088 2315 4252
2589 3433 2582
1509 1725 4902
43 928 282
2433 4725 172
4150 4241 3605
787 818 1313
4549 4557 4249
2704 3703 4984
3533 4371 2924
1451 4421 2394
908 3716 1784
3940 4584 870
4468 4841 1178
2165 4823 1859
793 3749 3100
3457 4997 638
333 3053 467
2197 3732 4675
4661 4812 1806
2407 2916 3545
2629 4622 335
2726 3075 2785
4345 4778 3662
2653 3706 646
3987 4251 4765
382 3814 86
1436 4246 2944
1098 3287 1019
1321 1401 3358
4940 4972 1151
3476 3695 4487
4118 4746 2226
2710 3726 4898
3086 3904 4109
4200 4522 3923
4748 4863 137
3044 3237 1869
262 3267 3266
1398 4849 3196
818 1144 4833
2249 4170 2660
4335 4694 4212
319 2126 2856
601 1187 3880
196 2692 3361
3932 4321 3093
2922 3366 2652
4272 4459 2213
1686 1702 1152
2818 3637 2952
1100 3693 690
204 3850 3833
2398 4704 1502
930 2439 3543
1438 4517 1038
4937 4962 3853
2 4382 76
621 2423 2514
1203 4999 4426
1248 2100 3986
4598 4683 4809
3629 3698 2998
4450 4598 834
3017 3634 3797
2671 4405 1006
4849 4906 1301
1765 3708 1741
3656 3769 1617
4642 4813 2405
4740 4881 1924
1495 3900 3891
394 815 1116
1028 4732 2366
2770 2809 1647
59 4880 4483
3610 3837 2478
3165 3376 3483
332 4206 2794
3375 4434 1994
1947 3818 4
498 2747 2121
677 2440 1632
2484 3916 3096
4786 4812 2765
3432 4887 3993
3881 4753 3621
4076 4345 4109
558 3116 746
450 4973 3177
4575 4739 4570
2576 2746 2270
1617 1717 4572
2466 2622 1973
3488 3856 2715
1039 2201 3279
31 2190 2432
4531 4884 2849
4610 4815 1032
4067 4784 4870
11 766 3018
2853 4985 2869
4103 4863 3213
282 2666 2945
194 4578 4124
3941 4598 2978
540 2068 673
3084 3141 2817
2615 3775 315
3277 4199 670
4694 4823 3447
3510 3632 1677
2364 2762 831
4274 4820 895
958 1894 407
2314 2630 2207
1080 4310 2445
2882 4138 4562
1195 3943 393
2203 2531 2088
3878 4550 514
2367 4372 1902
3261 4713 4149
2391 4153 2012
136 2533 3992
4777 4812 1414
536 1141 3313
41 3806 470
3631 4106 693
2450 3149 1488
533 1906 3097
104 1182 4928
1736 2724 4737
576 3927 1159
444 3434 518
1627 2400 234
1936 4307 3337
4487 4561 1603
3095 4073 3640
82 1759 2428
3559 3702 2411
1716 4174 854
1321 1609 257
505 4505 4537
235 4106 3396
75 3594 4328
2200 2568 4092
1387 1655 816
2267 3371 4690
1068 3515 4095
1015 2966 4535
3096 3284 3990
44 4022 2426
2678 4812 4506
3648 4085 3393
4952 4982 2655
4506 4790 4263
2960 4524 2300
776 4560 4683
1426 4941 2144
4728 4798 433
378 1609 1311
4242 4436 885
433 989 783
4166 4632 4434
353 1124 4643
3361 4407 3367
2192 3721 3947
757 3457 4909
620 629 168
3996 4758 3018
2853 3029 4295
2050 4759 2669
2373 2602 4395
3267 3372 783
4316 4933 1646
125 3960 287
720 1576 1284
2670 4559 3447
2823 4794 3472
3010 3958 1334
4408 4755 1297
528 4683 1570
4739 4881 1342
1496 3673 411
4368 4600 550
906 4299 3187
1544 3171 2108
3859 4820 343
3423 3605 2292
1759 3267 4315
2162 4696 4051
819 4293 2316
762 2493 4092
1317 3427 2851
4067 4487 2025
2590 2844 4580
2284 3843 1360
4035 4262 4662
1827 4244 4843
3048 3344 1113
1413 4607 1102
4684 4746 3990
4754 4778 2721
1700 2461 228
4754 4979 4553
4405 4772 4158
4597 4605 2277
329 1443 4486
2027 4729 2487
4853 4910 2246
2147 3283 2053
3358 4545 2404
4156 4525 1476
3191 3851 1234
4780 4872 1572
3094 3402 4151
2457 4423 629
987 4052 4559
3402 4684 1314
255 3028 2698
2531 3492 4933
4873 4973 4591
3497 3947 428
2028 2732 2211
4099 4566 2284
4808 4931 1906
2236 4242 1215
4866 4940 3691
2575 3100 629
3492 4223 2977
1153 4060 1416
4511 4862 3400
1352 3742 320
4225 4240 4770
1003 1077 847
3770 4999 1505
2850 4838 2602
1456 2222 1576
3060 4029 603
4100 4919 2041
1484 1801 2195
1327 2423 2891
671 1941 1815
1457 4870 316
2883 3860 505
481 1478 1238
3373 3951 3991
346 4825 4494
1238 2879 411
4671 4739 2987
4700 4995 411
304 1857 2382
3070 4195 2999
2506 3192 443
1565 3519 2348
1044 2006 4020
45 3976 817
4574 4597 2451
2623 4853 531
2209 3362 1540
748 2944 589
1252 1418 4027
4177 4750 3046
3276 3555 4556
2576 3332 2419
3795 4163 1609
3353 3609 3619
2329 2935 368
3043 3347 4716
3796 4147 1817
304 2871 96
3106 3761 3521
4416 4661 3705
581 3714 1308
3871 4778 3573
2225 4528 3168
1089 3638 1550
2317 4113 545
4423 4547 324
3295 3500 2005
36 1731 3977
442 1810 1007
452 556 718
1807 3926 2
1690 3727 3412
1553 1689 536
4623 4725 4830
3185 4219 4550
422 3128 3947
793 3416 2054
1348 1939 4940
4319 4660 2885
1466 3732 2204
526 4760 699
3863 4282 3828
3000 3072 452
840 1907 1648
1922 3814 1723
3546 4711 3810
1430 4557 75
2633 3978 1230
1587 4366 2324
1869 3632 1935
484 493 4790
3006 4665 369
51 3526 247
3765 4793 4409
2247 2403 2875
718 4904 2740
2556 4112 3454
634 3290 3160
1106 1408 1749
856 1894 2319
2177 4310 4817
3251 4090 3668
927 1097 4376
3600 3723 2972
235 3937 2925
4542 4907 2366
466 923 3150
4631 4759 413
183 2167 4504
1744 3642 2070
1894 3892 1278
1255 2768 3217
747 2626 2565
1062 2060 4253
4604 4636 1836
1469 2227 4916
2821 3315 2463
1284 1435 338
2570 2993 1195
177 1145 564
4916 4988 2433
3853 4465 3016
2895 4577 3229
4781 4802 2552
3749 4805 1264
1491 4715 1510
1645 2190 2045
3358 4790 2705
643 995 1819
1159 2317 2330
2744 5000 3795
3867 4497 1630
3185 4095 2510
2013 4019 2801
1862 3366 1301
3820 4396 427
795 1173 4857
168 1900 536
3097 4512 157
26 1938 4978
3362 3662 3367
2231 3700 4886
3554 4661 508
503 2360 4253
2834 3113 3462
1518 3208 639
2652 4202 4805
3221 4638 2452
2056 2668 3238
2448 4109 3225
2503 2721 1644
3664 3903 4346
1345 2767 459
4997 4999 4250
921 4482 3261
462 1270 2267
1701 3750 3651
3381 4616 4438
2274 4144 2865
2943 2972 54
4218 4294 3698
453 4563 1242
2883 3370 1871
491 1064 765
989 2313 3474
2108 4684 699
4150 4968 1015
4980 4999 3985
465 2477 4990
684 4127 4967
2859 3960 4723
2231 2946 3748
3009 4518 4175
4124 4619 2442
1374 1964 3174
2354 3779 378
194 1373 4527
4326 4609 1056
102 3778 4453
40 1077 3635
3194 4136 1455
1750 2270 3867
4727 4796 520
4818 4917 1
276 3525 4515
3777 4861 4192
4626 4890 3030
573 3768 4856
3131 3627 2120
4151 4767 3307
143 2354 3845
4335 4945 517
1201 2623 2278
1389 2413 1441
4199 4850 299
2105 2461 2255
4510 4530 2138
4637 4831 384
3611 3928 2253
1174 4986 4472
2609 3967 1843
3080 4365 3412
567 1048 4833
1203 4952 2042
1857 2607 4524
487 1464 4588
3534 3889 3597
2242 4527 1818
1842 3124 4583
3133 4507 335
4210 4433 4305
4452 4833 3652
4848 4926 167
1252 3516 271
986 1670 807
1970 4784 3231
3811 4192 4007
911 2752 3275
4341 4343 4325
2132 4822 1805
4536 4751 1307
3010 4337 2217
310 4285 1788
2413 2429 950
1813 3636 2968
192 2807 4000
191 4263 2754
1852 2223 640
2562 3268 1089
285 2393 791
3054 4435 2074
746 3713 950
1504 4302 3797
1061 4482 3952
1271 1824 4171
1881 3321 1254
4598 4873 2648
3830 4972 935
798 3091 2974
766 4652 3925
3958 4965 3804
3045 3331 2295
4994 4995 3383
4673 4686 3445
853 2487 1236
273 696 1189
3556 4726 585
4661 4835 2772
2642 4250 3432
4157 4355 4392
2691 4669 3314
1205 4527 4555
3097 4759 3599
1416 2397 2264
2816 4366 4062
3247 4936 1592
1141 4381 1752
3227 3625 1576
1766 2327 4157
328 2213 1010
3684 4456 1605
1420 2337 4429
4903 4950 3272
2714 3617 2018
854 3428 4531
2819 4746 3870
4155 4562 206
4332 4770 1093
539 4518 4867
332 3483 742
3467 4296 3926
784 2002 2295
999 3462 2175
954 4775 99
2834 2943 1082
720 3759 3587
3151 3348 2866
364 455 3974
2248 2510 4604
2391 3039 2283
2421 3830 2800
2121 4460 1730
3995 4308 125
160 692 4424
3240 3401 1622
2555 4933 3515
798 2803 954
748 4763 123
656 4795 716
4238 4599 1185
1275 4639 4884
796 2500 1274
4614 4712 926
3865 4523 346
452 2329 2385
2576 4333 4522
947 4047 3169
585 4051 4148
1492 4491 4239
1722 4715 3587
3486 3593 1286
2906 3137 4823
4980 4997 3532
2739 4491 1403
2168 3783 2788
4595 4722 2352
2121 2625 1566
73 2008 1098
3012 4055 4223
1305 4366 3379
3754 4472 1436
2038 3065 2692
4191 4483 1456
556 4489 3054
1473 3761 4110
213 3792 2066
3134 4333 211
2707 4927 3963
2940 4923 3387
490 2569 3428
1257 1570 3724
2176 3448 590
2088 4152 4368
4174 4946 2702
3474 4274 754
2343 2844 2046
3408 4717 1442
1633 3419 60
1971 4598 4457
4479 4506 2839
1683 4452 2767
2456 4118 3665
2131 2829 2523
3759 4364 2197
1428 1622 4501
3412 3481 1466
3741 3775 1436
2121 3865 3656
1955 3891 3746
2557 3296 1760
1759 3838 2004
1842 1971 4625
1351 2883 1926
4354 4677 990
3761 4920 4170
1272 2092 4775
3486 4264 440
3533 4018 933
1458 4122 3023
3706 3708 3932
706 1452 2289
4831 4943 2965
4247 4984 4638
1384 4195 3365
4235 4983 4615
2925 3247 933
447 1073 1281
4610 4714 2226
3624 3824 58
1154 2834 4464
3573 4498 2835
1900 4202 2749
4879 4888 2721
740 2197 4703
1049 1226 2011
4104 4912 4575
1633 3129 3182
3868 4555 115
3284 4391 585
3513 3879 571
4543 4935 3013
1938 4308 4661
4639 4996 3199
449 4389 1351
1934 2290 2597
3652 3871 3641
21 3037 1317
533 3591 237
4228 4921 2505
2719 3214 2008
1279 1801 2432
2379 3013 3153
1647 3502 2264
3956 4187 3867
1736 4337 2691
1658 3722 4470
3053 4852 1459
234 1531 3427
3957 4130 3997
4568 4959 2341
1656 3944 1846
1252 3734 4413
3422 4164 4058
1897 4148 2104
4966 4977 1510
2589 3614 1877
2386 3388 2000
4361 4522 842
3760 4038 864
2135 3111 23
2427 3956 1246
2810 3949 3078
4479 4898 4460
1110 4331 4050
760 2108 2075
4523 4898 3466
310 3904 4860
2807 3012 2545
1201 2452 4396
2345 4057 4075
4459 4580 2274
1782 2250 1818
1130 1182 2778
2878 3156 1479
2271 3267 4202
169 4084 4624
4527 4990 3558
4880 4951 4680
4081 4693 4993
722 4150 2338
3760 4765 1744
722 2447 1378
2081 4365 2971
3109 3820 2668
4076 4866 1497
3156 4458 1688
4382 4590 4797
4414 4675 3313
2636 3589 3167
4310 4717 4524
1182 2893 4716
1632 2040 1339
691 1336 4619
517 831 2364
288 3010 3757
2908 4706 3560
3633 3786 4713
4616 4898 3947
741 2359 3908
538 1048 271
217 242 1378
2241 3477 2348
2878 3609 395
2806 4949 4044
1755 2392 764
3530 4244 4910
4885 4991 4787
2449 3030 1605
3241 3444 3092
4483 4925 258
2832 3059 4010
3968 4786 1298
2884 3360 4859
3795 4882 2427
2103 3699 2685
42 3398 4922
2962 4613 2894
162 4359 3979
2304 4882 714
888 3492 3531
1080 2331 3953
2858 3131 2380
1575 4974 1517
2912 4110 3560
2413 4655 4762
3253 4629 2457
67 844 3071
1639 2054 2390
1211 3766 4435
1182 2157 3826
2238 4426 2009
1563 3671 3971
3847 4447 4268
2764 3364 772
3522 3732 4569
2569 3775 4752
1270 2756 4928
4274 4560 12
3284 3792 2371
1350 1533 2259
1193 1874 4675
3568 4274 4936
775 3634 4271
3427 3949 802
4693 4785 162
3019 3296 4405
930 1594 2830
3186 3814 355
1578 1835 1430
1166 1535 1296
2185 2736 3100
1787 2231 2912
3126 3254 2930
2563 4796 493
3756 4222 345
968 1717 1214
2173 3691 3478
438 2285 2496
3907 4211 2380
3393 4089 2481
1000 2245 3755
563 1315 3172
1285 3909 994
1581 2689 3342
3825 4196 3075
2247 4992 2038
3094 3579 366
1577 2771 1670
2197 4415 1421
971 2771 2177
2600 3924 3824
3231 4418 890
2493 3899 4695
4845 4956 3462
4258 4853 4609
3625 4243 4956
1673 3514 4688
3503 4895 4499
978 2739 871
264 1445 4732
1762 2400 2136
101 1911 1767
1590 2254 1544
4821 4900 676
1031 1065 4432
2056 4492 4284
4012 4877 3834
2208 3400 1421
2601 2973 1056
2388 4789 4208
2956 3574 3646
871 2378 1278
3602 3731 1075
2536 2990 3478
4449 4450 4315
2222 4961 2876
2609 2611 1588
4209 4929 1622
2427 4341 4480
4287 4428 2798
818 3713 3611
1072 1971 2145
1509 4879 4641
1274 2241 503
4965 4974 549
3630 4495 3478
735 998 3860
3516 4489 1862
4813 4834 2354
4229 4398 4241
239 3674 515
3029 3794 3819
1922 3157 2204
2442 3506 3195
1035 2435 4881
2563 3431 2507
1395 1395 3413
4796 4953 3167
3104 3757 1427
3154 4376 4459
4271 4926 1640
2247 3491 3249
1804 1854 4579
1934 3137 2164
1961 3573 3497
4885 4979 1024
1525 4401 2727
81 551 1125
1535 3332 3272
3505 4961 2792
3682 4704 2658
4848 4913 2813
2967 3123 2750
1394 4138 2803
4844 4976 4494
2647 4127 1204
475 2314 2240
3083 4484 526
3395 4264 341
2416 4744 3037
2259 3357 633
49 3353 1755
2617 4825 266
4285 4340 2072
3266 3437 1609
3191 4416 2751
191 2061 4915
2676 3631 642
3547 4659 262
1644 3670 2595
1070 3018 3874
4762 4845 4984
1585 3505 4868
3756 3973 2139
3433 4064 1314
4181 4267 4471
2103 2996 795
932 3482 3383
3203 3463 2656
2302 3906 4053
3614 4347 3886
3366 4983 3213
727 4836 1775
3448 3999 472
851 1154 72
443 2021 2271
1650 4225 4560
3409 3844 4437
1794 2105 4632
2757 4834 2068
991 1812 2421
3313 3514 3232
858 4313 3196
2794 3172 2847
2730 2859 4852
3837 4765 3232
2412 3082 2555
2843 3664 463
754 4377 1455
4309 4434 881
1026 3083 536
3924 4999 3110
1334 4747 3051
3102 3141 2796
94 3033 4856
4289 4530 370
579 4719 4200
141 665 3489
2267 2693 2131
3517 3875 1747
706 4968 2982
3244 3306 3350
4625 4909 3666
2377 2691 4518
3150 4374 961
2379 3736 4339
2356 4468 862
3573 3717 2848
1467 2326 2805
4114 4549 183
838 2383 2934
4022 4437 4831
2687 3392 2769
4850 4901 1252
1196 3650 1478
2795 2970 2794
1575 2881 910
38 2672 3862
1416 3533 1159
2021 4810 2782
1064 2692 1831
3675 4656 1183
4478 4884 3593
3874 4929 2342
1866 2556 948
4242 4956 3695
2406 3991 4584
2701 4990 4947
1992 2806 2324
2686 4337 1840
637 1385 1192
3314 4327 1012
4137 4724 4625
1133 1508 4074
1503 1715 4723
3801 4546 559
2142 2150 2220
545 2202 2277
859 4306 826
1245 3895 3639
4357 4919 4137
1540 2747 1026
2093 4448 2611
4663 4951 3159
1999 3619 4242
2033 4661 1181
3715 3729 465
4134 4453 3603
834 3028 249
1065 3086 257
1751 2410 3905
3939 4877 1756
521 4157 681
1372 1868 2812
4546 4671 817
1157 3866 1629
4025 4214 3092
4499 4816 2238
2190 4185 4672
2077 3950 2252
3261 4950 2470
4349 4564 3653
1837 4741 4655
4046 4687 374
4899 4949 4905
1538 4709 1101
2033 4235 2983
160 434 841
2979 4461 1016
4425 4826 3886
1547 3907 3963
2331 3545 405
188 3337 3294
2753 4165 2109
2700 3851 4471
26 3986 4948
39 1055 1148
3914 4014 3980
2668 2675 942
3898 4245 2266
757 2524 4092
1932 3441 3526
4638 4675 1228
1430 2339 4787
499 2721 2914
3974 4931 4245
873 4630 239
1864 2089 3502
4967 4988 3915
3893 4840 2661
3416 4654 1378
2564 4190 3239
2524 3660 4971
4289 4442 3461
85 573 3932
259 4365 4346
4373 4447 1041
3357 3792 3502
1521 4453 4425
3664 3754 295
1037 3115 1813
4116 4129 2167
3595 3969 3314
1690 2834 137
2320 2418 1048
2610 4342 262
3626 4182 1277
299 1750 3841
547 1027 2172
2117 3340 3380
1379 4273 1297
2612 3581 1453
2217 2583 2689
4615 4787 2924
1615 4743 1241
3680 4786 1504
2054 4355 2492
1129 1915 4527
2427 4157 1209
1133 4660 4494
3406 4245 3784
3539 3771 3804
2714 4619 3140
679 2259 664
3801 3898 471
1345 1648 2653
1110 1902 1180
4384 4694 1581
3236 3250 1170
2283 2453 4013
2113 4580 4244
4388 4696 2657
4335 4714 2491
3107 4787 4957
3685 4614 3574
135 4045 1430
2819 4745 2908
3720 4553 1337
2144 2553 3026
3665 4789 1386
4830 4874 2415
2362 4214 429
2266 3365 1338
4936 4970 4226
199 4301 2435
2365 4347 4202
414 2636 2790
2369 3524 2739
2569 3210 4246
821 3525 4279
1798 2349 2521
505 4969 4191
4985 4992 270
935 4877 4443
2467 3801 2844
4243 4839 3489
1146 4616 3515
431 3301 725
1982 2785 4483
4607 4977 1901
2444 3194 4327
1654 1958 3029
2608 3427 1414
1457 3046 4745
2178 3871 4706
2155 2193 4318
2244 3841 1442
1962 3700 4705
1773 2926 1044
1445 3497 1815
1374 1513 2198
691 1849 1962
2920 3813 694
2590 2643 4804
1654 3922 1
734 4424 1564
1994 4293 4307
737 3492 62
1405 1939 839
4157 4931 2828
951 4927 3449
1275 3547 1942
2401 4903 3889
1674 4576 1560
3616 4604 657
3018 3443 2212
2372 4873 1697
1083 3011 914
63 3114 2371
4454 4971 3911
1171 4331 1527
2360 4292 4100
4196 4855 1249
1497 3235 2801
2782 3461 2656
3407 4562 4032
4404 4653 2207
4798 4967 3199
306 3143 3669
574 2265 3312
2586 4444 4476
136 4354 638
4670 4887 2580
834 3033 940
123 2980 3130
4727 4809 225
3547 4740 4737
1795 1922 1940
4960 4972 1744
3932 3978 2502
3533 3802 3643
3415 4423 2977
4895 4952 2936
1140 1322 1752
396 3217 738
2253 4134 528
4901 4908 1794
1235 3365 488
2002 4703 2582
1020 2999 333
1581 1911 1065
2060 2412 1224
4621 4736 1631
876 3868 2284
1258 1733 282
2480 2603 3491
724 2531 1761
3381 4812 3067
1881 3493 2827
2672 4082 1094
189 3522 1395
1577 2903 1796
1914 4524 1374
4620 4721 3057
1902 4701 4696
560 3644 2727
434 4217 1688
79 1874 4004
669 1371 93
1876 2255 2716
4128 4692 2273
4275 4522 4153
1212 4236 2037
2964 3643 2223
4454 4883 215
2239 3860 3587
4392 4995 2863
2579 3391 2274
1759 2664 2913
3315 3667 2075
191 2219 2280
956 1446 2376
2613 4097 4206
2292 3004 1439
2725 2974 4994
3573 4913 1776
3349 3501 4089
1437 1471 3673
492 4647 1133
3995 4856 3594
1544 4806 1579
4764 4854 2664
160 2673 35
2520 4179 1305
3856 4830 3080
561 876 4086
3974 4174 223
277 3712 2373
3189 4840 3151
1625 2122 4216
354 3813 2649
228 2504 1775
4917 4948 4626
3382 3507 17
1992 3794 705
3327 4474 486
1646 3243 4817
3725 4821 916
552 1992 3924
4853 4920 2980
4652 4889 2006
4073 4549 3946
2433 3741 1443
1057 1970 245
3881 4113 2630
3950 4740 3034
4835 4977 52
1971 3623 747
3331 3668 4423
1068 1413 2094
1149 2824 1718
3880 4966 1464
2164 2990 3658
2403 3634 1020
2530 2915 2985
3251 4584 265
127 1779 3386
180 4224 1465
1892 4084 3014
3931 4819 3707
1074 4227 2639
3506 4562 3024
3534 4954 4343
2326 2626 1160
4173 4718 4560
4115 4528 341
170 273 1768
613 1664 2908
3010 3658 522
777 2532 970
4829 4872 3709
1178 3260 2063
2551 3312 1785
953 3130 1611
4423 4774 3189
1611 1868 3628
1834 2784 1872
1134 4692 1446
2036 3517 2556
497 2159 1744
2824 3721 981
2059 3391 3701
2546 4157 1884
633 3361 469
4537 4908 1375
4744 4936 358
1897 3903 4924
2647 4545 4871
3454 4627 3579
159 4044 1988
845 1215 1242
2196 3650 610
3840 4304 1236
2013 3257 3359
598 4497 592
1301 1463 482
1321 2615 2254
2691 2932 4552
1156 1593 1680
1374 2520 1124
3114 4319 4992
2833 3273 1307
1996 4990 2225
769 1400 905
3100 4410 369
1497 2283 1824
2318 3518 2091
1341 1916 4911
4346 4754 1262
2716 3530 21
625 1898 4237
4085 4898 1305
753 891 2025
797 1910 1835
2442 3121 2718
808 3241 3478
2737 4231 3305
2738 3977 2250
2616 4779 2302
2733 3857 2409
2201 3955 2728
1279 4556 1813
2968 4020 4222
2705 4737 2301
1944 3427 4612
808 3110 4793
4326 4351 1578
4462 4978 2057
2724 2893 2586
1539 3355 714
1748 2170 819
4269 4757 2384
178 2279 3666
3733 4171 472
2646 3652 1249
4518 4713 2647
1064 4550 3340
1989 4482 3097
2081 2306 553
2226 4106 1773
4023 4800 4635
556 1052 4368
2297 2880 3505
3040 3744 4889
2498 4900 898
1147 1337 510
4549 4930 4116
4578 4606 2128
2046 3336 4122
2377 2603 584
1902 4149 2892
1609 2691 4742
928 941 712
4918 4959 4920
4528 4552 57
2337 2699 1789
994 1682 1376
4572 4795 2199
4129 4530 4436
2613 3794 3890
2245 3613 826
644 4807 3512
1717 2578 2898
3410 4845 4152
165 466 1608
1635 2090 4266
567 1509 3789
4830 4954 1289
3426 3589 2859
837 4517 3566
4700 4748 2154
4180 4246 3604
2421 2747 674
4100 4656 4485
1237 4967 2139
4152 4766 4152
1562 4984 4758
1418 3712 4404
3849 4793 3277
4101 4391 389
239 2800 2533
2904 3068 4521
4102 4861 2393
534 2125 1461
2552 3608 1639
297 4986 1386
3806 4347 4468
3912 4208 1195
2500 3688 143
3543 4406 814
1432 4567 4853
1876 3298 2600
2194 3960 1698
2858 3622 3444
1347 2458 3671
2417 4677 2451
2813 3008 11
72 1858 4708
1034 4816 2243
4728 4859 1029
224 4063 2921
3781 4689 588
3454 3682 1172
4824 4902 3077
358 1857 4185
4590 4921 4313
3825 3913 2666
3139 4619 1993
2118 3573 4986
2647 2817 1772
4748 4944 1381
3985 4780 4986
3393 4994 322
939 2674 3773
793 2632 2121
1925 4010 4947
458 3003 1016
3525 4115 1093
2003 2980 2604
1435 4955 3902
4240 4262 3894
304 2627 4267
50 1695 4527
1802 3247 735
2254 3727 3509
718 3214 4540
1257 4670 2113
3189 3541 2039
3229 4076 1405
1148 2342 1595
3587 4646 3711
141 1040 4389
4883 5000 3827
103 3843 4041
442 1027 868
236 2802 881
2785 3582 881
3371 4623 2548
602 868 4454
951 1574 3564
3862 4895 4829
3332 3337 4543
120 1014 1437
1730 3037 4424
3792 4569 2571
900 4442 2048
3426 4642 4979
1266 3946 4053
4996 4998 4981
1686 4848 1152
3038 4584 17
1410 4690 1943
3825 4466 2263
1880 4915 4216
1534 3997 3643
387 1272 2186
2074 3395 2163
101 2876 2017
673 1710 4009
3581 4499 2886
4446 4880 3896
2778 3226 1783
571 629 2574
3700 4734 2073
1446 3384 459
3046 3261 961
385 3388 2667
4190 4793 451
2713 4306 1902
607 3045 3678
703 3872 646
3348 3833 3568
800 3789 1838
2914 4399 4639
271 2918 1711
2234 3438 3710
3556 4723 1720
1011 2404 4429
2337 4025 3513
542 2004 3177
3780 4296 313
3388 4056 3084
911 4614 4599
1631 4677 5
219 2009 82
4416 4877 1627
2603 3644 349
148 3610 341
994 4567 3492
4850 4942 2415
4456 4780 3479
4854 4939 2316
3293 4214 3131
1768 2724 2522
2269 4283 3780
4709 4791 1144
3067 4303 3150
699 2167 3651
4148 4987 1176
1929 2858 3658
2197 4261 1490
3956 4984 4645
3106 4054 1611
2961 4305 882
4952 4966 3359
2663 2822 171
1230 2954 2840
243 2128 4140
2565 4117 446
3008 4592 4257
1497 4866 1974
3154 3407 474
3889 4009 1900
3583 4105 2492
4605 4969 2058
3447 4744 4370
1915 3789 815
4230 4988 2531
3879 3994 3169
1114 2854 1752
4795 4862 4705
4114 4299 3407
656 3898 708
3690 4602 17
4924 4984 2812
2506 2728 4909
665 2481 2258
3189 4867 2212
4208 4822 851
1131 3269 2173
505 1531 2575
288 2143 4773
2747 3777 3887
4419 4990 4274
4794 4819 3065
3186 4178 2906
1421 1681 321
4766 4840 3098
4658 4884 1628
983 2983 767
587 3047 1831
125 4178 3199
1346 4518 1294
297 1175 2009
681 3141 2355
4618 4880 4194
2827 2866 842
2902 4087 870
919 3447 3636
4030 4388 3730
2354 3461 4610
2196 4896 2853
2730 3554 4757
495 3711 795
2207 3292 4976
1858 2473 1613
4298 4814 4818
1553 4977 3320
2723 4105 2088
2821 3034 410
3734 4494 113
3296 3377 421
2481 4035 1949
4688 4856 1965
64 3781 3134
3591 4399 3319
2681 3305 757
4305 4629 4584
4423 4980 3129
879 3232 3227
2486 2944 931
2562 3162 3119
1139 4246 592
4616 4806 693
4432 4884 4626
3841 4710 650
541 547 4676
4986 4990 1178
1447 4894 4823
3709 4811 1293
3989 4016 4909
2401 2697 2704
3137 3429 4597
1488 4663 1255
4272 4391 3267
2498 2502 964
4074 4518 2579
2395 4946 1699
3134 3727 2812
1412 2557 2870
2379 3140 4444
2759 4498 2810
3658 3998 3372
4129 4383 3390
1186 1364 747
170 2565 2923
2145 3563 385
3891 4017 4071
585 4104 4685
3690 4418 1814
2373 4518 1568
4617 4778 2230
1298 4907 1692
540 4145 3369
1588 2861 1231
2655 4897 1546
2144 4460 564
3775 4425 1479
4328 4342 4905
357 1390 781
4008 4817 1286
1122 3425 319
4744 4802 3158
190 1222 1529
1440 4038 949
981 1662 2746
2334 4280 4281
603 1700 4625
4015 4991 4459
828 4797 1415
2850 2943 3313
1694 1923 3125
3312 3838 1743
3035 4818 179
2847 4405 4765
4776 5000 1384
50 3940 4726
782 3832 1111
405 3946 3244
451 2108 2033
741 912 2656
2795 4039 3008
1038 2590 510
2213 3635 2095
4563 4598 623
4439 4861 2771
4169 4524 2235
101 1177 4358
1835 2329 4514
4312 4519 4284
4348 4473 953
3494 4497 4079
456 4537 3184
4699 4805 3092
3462 3574 1760
4789 4799 35
1852 2598 1531
2175 2236 2496
3471 4418 414
560 2652 390
4615 4884 4449
3827 3878 848
1725 4161 4916
4309 4765 205
3268 4027 3253
951 3835 3585
780 2800 2690
3773 4037 1398
2209 3819 1646
3698 4995 2880
1173 1179 2195
472 4667 3639
2323 4538 3494
2497 4321 831
2483 2721 1170
4425 4459 858
386 2730 3078
4631 4796 803
2232 2255 1318
3092 4165 2694
1434 4033 3099
1417 2540 2322
467 3135 3587
773 1487 239
3762 4834 337
4478 4560 3784
2721 3960 895
1476 3507 4859
591 669 548
4340 4613 3682
1557 4887 2517
681 4962 761
4365 4817 738
2696 4706 2857
840 3029 2770
4464 4676 4635
1060 2641 1752
4403 4424 2253
2033 4470 1317
843 2041 263
1865 4006 3479
2019 2974 2305
2733 2826 1736
4335 4621 2411
3534 4303 2084
1603 2343 4928
3456 3859 361
3089 3344 2110
534 3254 280
3260 4836 4246
4663 4758 3
350 4335 3355
1938 3338 346
2792 3736 2315
4045 4279 1299
495 3550 3343
677 2300 1335
4944 4998 2388
47 1973 4026
4063 4328 1685
4121 4217 4102
2221 2640 832
3655 4696 2064
3348 4926 434
3691 3767 2383
2011 4538 934
2837 3632 4811
3217 3343 2352
4740 4860 4325
2578 4098 2355
2878 3134 4977
762 4119 4204
2776 4288 1090
4403 4520 4150
916 1544 1840
839 1835 785
4127 4317 689
1643 1827 2429
450 4344 2077
4844 4919 3999
566 3091 3449
3103 3465 1791
2754 3308 2657
620 2074 4960
3203 3502 4352
1509 4780 3894
3856 4340 1849
2731 2989 3197
798 4934 2075
1438 1731 1747
3725 4092 2013
2366 4381 2243
4736 4844 4610
3268 3585 1483
189 3149 2634
170 2709 646
494 3090 1400
4503 4774 3170
2663 4462 1180
3038 3419 4882
1046 2029 2572
883 1401 819
2864 4770 3359
4428 4991 1451
1128 3958 934
4353 4841 182
2621 3278 3144
1300 4111 760
1280 3787 4838
2647 4985 4919
4498 4793 929
1966 2786 3663
3277 4680 598
268 4398 1327
2660 4805 241
1791 2681 2794
3136 3637 2490
3820 3996 3349
1497 2682 558
3122 3202 2336
4764 4881 3225
4839 4853 163
1119 3984 4620
3276 4167 940
2840 4490 1883
1803 3296 3174
2939 4388 374
1401 1574 1645
4576 4823 2092
3946 4816 2522
3379 4378 3647
3530 4510 3883
872 880 549
1207 4309 4205
2693 4476 2236
4539 4923 4773
2962 4736 1204
4002 4043 328
3136 4445 393
3237 4800 9
3768 4440 2899
2210 2891 2791
3532 4051 4576
1270 3446 4293
2852 4972 23
2449 3882 582
4 2483 3021
4421 4782 4137
3742 3912 881
1670 4652 2235
3861 4503 278
2171 4899 1920
886 4904 3599
1476 2695 2069
99 1240 4337
4215 4590 450
1643 2562 406
2839 3765 1141
3354 4128 2167
1035 2337 51
2613 2636 2687
1638 4853 1874
2083 4701 2032
2281 4743 1747
2954 3716 3941
2943 4786 2069
2585 4408 4662
1571 2956 288
2281 4825 3146
901 2655 1179
4807 4952 3945
2022 2496 3864
1493 2118 2849
4574 4691 1978
2054 4843 4016
987 3608 161
4037 4982 1249
2015 3698 697
2219 4041 1921
4495 4593 2431
974 2825 1300
192 3017 2915
1806 2088 3774
1951 2325 1779
4087 4196 2159
3133 3988 2913
3038 4515 1301
3042 4818 4268
3587 4191 3586
242 1620 2576
3537 4337 2191
1342 2917 3567
4348 4599 4698
2553 3053 2380
1211 4237 1299
4458 4855 4941
4071 4625 3322
1654 3812 4961
3779 4397 4639
3675 3924 573
3647 4850 2725
2408 2735 3035
4714 4880 1350
1457 4036 1451
3533 4799 94
3328 3538 637
3140 4062 2816
4441 4558 4254
3015 4297 1449
1143 2182 4471
233 3365 2510
663 1169 3486
2390 4017 1036
4203 4707 1430
3114 3189 437
1916 2406 4482
1662 2849 4850
4337 4491 4471
3755 4533 3654
2063 3322 837
2355 4224 3847
155 3601 4849
905 2769 3192
4310 4975 4848
2480 4146 1968
198 1773 2183
149 3008 413
3749 4395 4432
1388 2348 801
1933 4251 2044
607 2831 4873
4925 4951 4990
3818 3838 777
4019 4915 3844
3973 4810 3385
368 2573 4278
456 3957 942
4528 4794 4065
4678 4941 2566
1276 4673 1561
2039 2814 4759
629 2010 4263
2224 3954 1300
3882 4267 1551
3072 4673 4560
4313 4478 3681
2531 3215 4401
3317 4949 4938
1019 2862 3727
1663 4716 471
4202 4935 702
3742 4894 2002
3067 3872 804
436 4041 1400
2191 3226 4913
1679 4065 2983
521 788 2240
3288 3558 4887
4811 4857 3045
2906 3117 3965
3 4847 3230
4534 4691 530
3816 4672 4190
500 4168 648
429 643 3239
1882 2496 1242
556 3439 1523
1358 4759 3154
3176 3702 2307
885 4149 779
67 175 3208
2644 3268 2432
1823 4856 673
1467 1837 4582
1861 2508 540
337 2663 1402
2760 3880 3785
3696 3724 2628
963 1272 749
2448 3793 1203
1626 3990 2059
732 4917 468
4741 4838 1413
4717 4856 4930
520 1138 1997
2773 4870 2812
4608 4708 2105
1367 2528 4755
819 2072 1632
711 4867 4337
4873 4984 3630
3439 3668 53
1145 2753 3631
1825 4748 1235
357 2998 1000
2368 3923 870
2020 2682 2776
3397 3495 4288
1778 3743 4059
126 4043 3349
2684 3363 1957
581 2273 1866
1484 4585 3423
3481 4562 3533
2832 4583 2804
2596 3685 2465
4882 4896 4769
4033 4310 3104
1190 4370 2546
3827 4848 1204
449 4189 4667
486 2689 1078
4605 4651 2766
2304 3041 2130
1123 2559 4731
1251 4463 1864
2578 3336 3576
1566 2590 913
4490 4964 586
4457 4732 1765
1930 2531 1851
3862 4405 2196
4843 5000 3547
4360 4449 3680
2004 4424 1648
444 3612 4229
4244 4292 2119
2288 4233 2987
3726 4554 4481
2412 4912 322
105 945 3184
2789 3922 3813
765 1089 1337
2568 3396 1618
3375 4723 2158
2524 4878 1190
1824 2981 4593
3857 4432 4845
2848 2851 2166
1484 1890 3396
4410 4680 3127
4445 4725 879
975 3461 1598
2945 4819 607
3040 4324 2752
4406 4664 1231
1645 3396 2531
4001 4698 4430
3711 4893 4635
40 2818 4255
2848 4350 536
506 2235 4225
4969 4991 1758
599 3755 278
520 3460 1759
1945 2795 3657
3155 4480 2211
4917 4971 1850
631 4318 4092
4592 4951 3429
3623 3903 4784
3712 4802 1986
2977 4846 660
947 2634 262
2540 3032 4166
3368 3765 4270
1413 2044 2170
1038 1622 2889
873 4205 4790
2109 3588 1166
2856 3103 3314
1287 1636 4897
1936 4879 4314
4163 4990 4984
4517 4658 1099
733 4986 3615
3385 4252 956
725 4762 1891
3815 4507 4084
2763 4418 2256
4705 4742 806
1310 2340 4045
4452 4963 832
237 2205 323
1564 3161 1709
2196 4080 2537
1943 4162 3730
2106 3708 2849
2152 2502 2223
2541 3670 4854
3148 4395 2421
4023 4758 601
1252 4353 1625
3890 4343 4015
3899 4651 2708
3560 4072 575
2182 3184 1271
553 3587 3176
428 4711 1693
4885 4995 3407
3810 4334 3272
491 3903 144
2025 4282 1517
4270 4582 2246
1946 3663 3479
3558 4759 3082
359 1915 3574
3378 4368 781
1708 4171 1604
164 3991 486
1881 2499 3459
2205 3827 4077
4752 4938 170
4675 4996 2975
3567 4812 1463
1531 3558 2312
3088 4411 4729
3684 4948 4433
2889 2944 1707
1745 4713 1540
2597 3792 4638
2563 3216 4168
1775 4138 187
3105 4894 2157
1428 2736 3534
2122 4408 2190
4863 4995 1376
1183 2541 4004
1043 1241 2870
3551 3979 1586
625 1665 4319
1609 4320 2913
1638 4999 586
4424 4891 4383
2656 3405 3041
159 3796 1250
1025 1974 3050
2126 4247 2070
725 2136 2422
3433 4740 307
2095 4596 2597
4947 4978 298
1451 4627 2115
4993 4997 4238
2961 4750 441
3520 4323 1229
1430 4317 487
1350 3310 2254
2071 2458 4658
3350 3993 3920
2374 4098 2489
3148 4525 1670
2209 4774 2887
4069 4733 1093
4548 4776 2448
2473 3337 3106
4912 4962 2240
1010 3726 3858
931 4934 1159
2836 2872 4349
2075 4605 257
4223 4885 3545
1493 3450 3680
52 4522 1860
2102 4573 28
2529 2768 1505
2327 3867 1715
2947 4575 4880
1504 4664 1436
381 616 3420
3684 3845 679
4640 4960 4038
302 422 44
520 4338 1566
4388 4419 1000
148 1763 1252
3538 4866 4925
335 2602 2619
4964 4974 983
3258 3700 356
3505 4195 3947
1407 2811 4297
2078 4376 4921
2288 2594 2768
4090 4705 4162
628 1758 445
4167 4314 733
4923 4980 4451
2752 4567 4851
457 2726 2279
7 801 2425
3262 4815 3430
971 1442 4341
2570 3147 152
2475 3179 3310
3478 3610 285
4342 4873 3321
3719 4175 4097
4287 4575 1867
600 2356 2449
3686 4712 384
3266 3600 721
1405 1922 1868
745 1673 1428
3027 4525 1012
3838 4639 3745
98 4185 3408
255 3124 1745
3125 4739 482
3904 3936 2490
1681 4715 930
4977 4995 2213
441 2011 478
1988 4809 657
1789 1934 3217
1911 3878 2287
2730 3621 2320
3759 4657 2216
21 978 3919
1286 2236 2981
4314 4840 1006
4782 4828 121
1504 4850 1754
2770 4534 2147
1075 4929 4791
4377 4449 3497
2999 3010 3220
799 2839 447
3390 4881 396
307 482 599
2535 4015 440
952 2196 1386
4846 4883 686
3881 4438 4996
1958 3812 3282
3701 4310 4339
4880 4917 2746
3350 3661 747
3024 4655 3728
938 2682 3758
4499 4948 4281
3924 3983 4040
4533 4904 4398
101 893 1166
824 2854 1736
889 2787 4401
731 2771 240
2471 3290 2964
4491 4723 900
4193 4839 4236
246 1288 2369
2196 2461 2413
4377 4779 4335
586 2334 3998
912 1612 1905
4363 4903 2111
2263 4770 1686
1126 3881 1398
3442 3776 1554
918 1881 3557
1352 3945 1665
3125 3279 3246
3576 3809 2054
958 2473 3495
2409 2661 913
1894 4415 3785
2153 4750 4367
3666 3802 1771
2017 3043 4117
4579 4714 4800
1663 4755 3247
1552 3713 3597
4268 4778 2028
3399 3723 3224
2647 4017 3375
2750 4695 2428
2269 4841 1755
1724 1822 806
3481 4020 1565
4014 4578 1336
4673 4988 255
3797 4270 1326
4805 4981 4890
2631 3142 3453
2822 4227 3639
4845 4888 3986
345 4539 4355
78 3690 722
3720 4321 4201
3679 4615 4283
4275 4516 1296
4436 4846 3286
2748 3114 1728
3979 4864 4954
3605 4298 1305
4422 4578 3926
2626 2757 1787
4786 4794 120
1628 2097 469
4209 4357 2478
116 1631 3184
4489 4569 51
3306 4194 1910
951 3894 3867
2094 4474 2330
3393 4100 3619
1029 4277 1421
1645 2831 2467
3883 4864 1180
4941 4958 987
653 3569 3450
1686 4891 4122
1600 2184 4145
3976 4895 1181
2795 3642 2566
2964 4481 260
667 4198 4790
3398 4534 4852
1613 3954 652
4115 4678 1698
1883 4427 1445
1682 3656 4589
1837 2603 239
1530 3234 1421
2594 3063 1662
2750 3328 1236
4879 4925 191
1748 3172 1876
351 3578 2395
2774 2794 1386
4017 4986 3636
2049 2323 2235
1919 4354 765
3448 4948 1330
1852 3956 1319
4808 4981 3469
3807 4592 2936
4372 4789 3739
3260 4963 805
2866 4620 3197
448 3141 4384
3241 4939 4013
4658 4664 2026
4598 4873 208
782 2019 2843
2666 4556 3171
3760 4223 4422
3710 4566 18
4373 4678 1960
3189 3309 3700
254 1739 2910
2824 2900 1752
3314 3644 4073
281 3100 439
4064 4075 1294
3613 3689 1747
1075 1115 3571
2938 3891 2516
4437 4691 2966
3308 3997 1667
3213 3710 2377
1938 2884 1839
879 2204 4297
784 3798 3198
262 2821 1749
1565 3251 3174
4792 4928 1270
4704 4830 1379
2277 4767 1080
2337 4383 3651
737 2494 1510
2121 2892 1586
1501 2772 1809
1280 3806 2573
1359 4654 1602
2123 2256 4848
978 4173 4938
122 2874 932
1402 2015 1829
409 2734 1892
4272 4447 2476
4668 4886 1150
764 4276 108
2883 3148 3989
2776 4083 631
2472 4782 2350
2499 3394 4091
457 1185 3056
1956 4583 1266
4897 4914 1891
1522 4563 4085
386 3622 4927
4113 4835 1367
587 4753 3283
4203 4929 1155
3696 4199 1201
4584 4863 4934
1171 2951 4680
136 163 828
332 4525 5000
216 4635 28
555 1302 3573
4739 4843 3012
1306 4635 511
1509 4505 1612
3213 4653 3200
4393 4503 1580
4117 4401 368
1913 4553 3898
1861 2253 1143
3365 4065 2785
4313 4781 4827
2798 4746 4812
792 1846 1773
2131 2382 1069
404 978 2632
4702 4903 603
627 3393 4529
1754 3745 888
4139 4437 3910
2383 3403 1110
2599 3462 1016
104 331 2894
4295 4875 4927
3460 4773 2437
4383 4809 1400
1804 3195 1794
3491 4614 3872
1090 4003 3330
4725 4856 1213
419 2720 4389
923 1514 3181
4129 4961 1715
3264 4776 1295
4156 4252 3883
2866 4387 2210
4630 4977 2615
822 990 2994
358 1983 3703
197 3833 1116
2212 2317 2234
1039 2253 3215
1957 3186 1216
4214 4497 638
2063 2200 3637
1585 4284 2833
817 2745 504
1552 2715 3848
2088 4114 137
2529 3020 2144
4964 4995 577
666 4433 3760
4980 4990 4001
3839 4577 4328
4961 4961 4964
1062 1065 3486
1489 4740 1410
789 1099 2734
4326 4899 2212
4899 4934 4004
232 2765 2120
405 3977 66
4860 4905 1708
1311 3465 1583
1195 4048 4201
1567 4020 3465
4541 4552 1500
351 3529 1136
2222 4377 1428
498 1311 3361
2417 4707 478
471 2657 3462
4166 4592 4376
3041 4812 1556
1012 1113 1648
4086 4853 2415
4533 4684 3371
3872 4642 1706
2610 4301 1040
950 3841 2357
1369 2620 1182
4545 4848 2854
783 2456 178
4761 4925 2436
1402 3458 159
2772 4462 3122
4736 4774 2552
1571 4534 3346
4780 4801 1820
2183 3629 404
3384 3478 924
94 711 152
845 1526 2001
2745 4138 3951
4821 4900 2488
4243 4414 2149
4294 4515 270
2186 2753 2536
2396 3284 2666
2414 4713 1046
4277 4320 2089
3031 3890 859
1587 2769 3422
3225 4691 1871
4726 4831 4804
2025 2206 3672
2420 2636 159
2582 4167 3239
3248 3822 4765
1927 4312 1729
2891 4964 1816
2685 2948 539
3239 4984 1723
667 764 4951
226 2284 4038
2332 2683 3596
3346 4966 2919
3040 4350 447
1967 4953 2895
2111 2178 1700
2436 2549 2949
4848 4980 4743
462 4607 1799
2902 3757 4563
1564 3528 693
4684 4880 880
1978 4243 4395
4270 4986 1668
1992 2326 3653
4435 4765 3735
18 383 3487
670 4840 2948
2508 3110 2084
1326 2811 2268
1687 4516 1072
4979 4984 3249
3036 4700 525
1597 3390 3040
4815 4829 1073
3991 4265 4689
1574 4563 1635
3250 3363 2879
4703 4854 3515
1385 1576 1932
4820 4985 4397
2358 2703 4079
4803 4998 2851
4331 4771 959
501 1086 1870
3631 3644 2458
2141 4007 3332
203 1954 4313
4828 4975 2218
3045 4767 738
595 3150 240
2408 4729 4059
744 2432 4863
690 1735 3186
3958 4005 25
2369 2502 933
552 2884 3985
2734 3292 1898
4866 4972 146
1883 4476 1809
3948 4606 1473
3915 4999 4526
867 4171 898
419 2447 1502
1991 3811 1893
866 1820 572
3808 4221 2771
1397 3071 4807
1003 4019 2350
1422 4134 2983
3082 3955 4319
1079 3507 4881
4003 4960 1721
483 1420 2630
588 3171 1616
3454 4076 676
4976 4988 476
771 1862 2593
1580 2588 656
2433 2955 241
1618 2306 482
1099 4311 1100
4564 4843 1044
3630 3721 2093
3480 4281 4371
334 2580 1593
3731 4447 2542
2679 4170 3936
3854 4877 3963
1652 4009 3492
1436 2948 2516
381 1768 2935
922 3313 3048
1919 2067 2471
3532 3842 2959
3641 4687 518
2646 3508 2644
1697 3808 3279
4798 4864 1624
4874 4893 2364
2643 2942 1362
4143 4209 580
3774 3908 2815
1749 3496 4221
4881 4928 18
4004 4506 2493
