5000 5000
4140 4235 1571
390 3570 836
954 3010 4467
4000 4556 1772
2182 4295 3744
4480 4628 1418
817 1097 3381
3353 4721 2108
1114 1517 2816
1290 1664 535
1909 3906 563
4666 4936 698
3583 4600 167
653 2638 3447
605 3471 3438
4687 4720 3080
4184 4211 2676
86 2241 752
4315 4995 4581
2820 4343 4702
1913 4477 4784
396 3004 3918
3161 4178 1329
3414 4042 1937
54 2266 4323
2006 2998 1693
4799 4817 2467
3658 3960 4633
2238 4544 3810
876 4726 4166
4822 4924 5
2405 3668 1205
654 1700 2933
2602 4160 419
2865 3798 4117
2713 3738 192
4775 4797 1657
1514 3814 4840
3159 3374 2606
4357 4523 2489
3209 3733 1189
4480 4604 554
4086 4402 4714
2843 3462 4218
3968 4380 3945
1500 3800 4900
4646 4721 4624
1236 2892 4056
1671 4724 450
1992 3043 4020
4672 4846 2812
1282 3731 4734
4424 4766 3549
340 1136 3686
4977 4982 4026
3428 3947 4258
2341 3183 4025
1739 1873 2248
4476 4726 1222
1842 4764 2905
2619 4069 3580
151 4037 2435
533 2069 3691
1856 4242 4540
31 3116 3241
739 1817 899
1053 4663 2892
966 1516 4592
4399 4458 441
2723 4552 1343
4016 4600 4478
3281 4225 782
2735 4865 1858
4478 4912 2621
557 2819 1198
519 3937 1669
1263 2248 129
2687 4051 308
4871 4981 3049
3271 3543 4809
1535 2645 972
410 4686 3469
22 126 4300
3159 3872 1915
181 4455 2005
4402 4566 4507
4249 4571 1398
1041 2358 3698
2593 4183 3393
3339 4986 3758
970 2959 4941
1045 2714 4116
3279 4972 2779
224 2697 1089
2692 4255 2553
2957 3578 3947
1978 4748 1430
1577 4477 4698
4876 4876 1604
4905 4918 2523
3396 3586 1668
2048 4825 166
3363 4182 3786
4409 4684 3786
1607 4730 3636
4523 4845 4892
885 3979 2267
2630 4936 574
3759 3877 405
4623 4713 2340
643 2715 3358
2877 3761 4132
3590 3750 2153
4094 4612 1668
2902 4373 3296
4081 4997 3674
2444 2671 3050
2967 3456 1774
766 1124 1789
3899 4656 2025
3783 4029 2590
4889 4889 2164
639 3477 1036
2108 3731 2416
4163 4239 67
2374 3950 708
1583 4675 3716
3173 4021 3473
1351 3930 853
1129 4507 1354
3361 3795 3540
428 3451 31
36 1820 319
515 2661 938
3277 4154 1860
759 2903 4181
4786 4901 967
1512 3121 265
1342 3420 556
3313 4239 806
4140 4156 3960
2634 3658 4856
3739 4150 1785
2394 3970 493
3481 3857 1957
2734 3640 3062
2846 3201 341
482 1630 3585
3324 4936 4972
1159 4710 3577
2895 2935 524
1393 1434 1961
366 2397 650
2183 4918 2682
469 1484 1650
82 280 2313
2304 4244 2197
3252 4379 622
3618 4450 3391
3671 3724 4642
4612 4854 518
1202 2860 1541
3770 4179 4290
4759 4903 707
2303 2688 3972
1568 2714 300
4468 4982 1827
50 214 1673
3631 4209 2701
4624 4659 2544
2548 2611 2287
1302 3764 1957
2592 4998 3173
3005 3275 2043
1969 4049 3245
4153 4646 3452
749 2136 3173
3830 4454 2825
2183 3810 2098
3722 4170 3329
3491 4656 2761
1516 4962 936
4813 4967 361
1505 3306 3779
4809 4984 3555
1064 3984 1574
666 3507 491
128 3985 2898
2889 3446 1680
4015 4900 222
4433 4760 3533
4162 4389 1760
3875 4887 1932
3429 4942 3549
4715 4929 2233
3501 4475 4255
1392 4151 1510
1974 2419 964
547 1825 635
1780 1877 1973
677 4158 3156
347 3797 4148
1752 3745 444
763 1723 2513
2262 3562 3269
3316 4968 4619
2103 2372 3472
4687 4842 2737
2197 3783 4482
1509 3685 4068
48 2372 3324
4634 4655 1382
4353 4662 3549
4031 4439 767
4841 4885 3547
3281 4615 3176
4428 4951 2405
3589 3642 207
2644 2785 2804
4499 4685 2448
3967 4366 842
4907 4912 3391
4857 4998 3293
1158 3981 3854
2230 4448 2906
4750 4921 42
2653 2767 220
2686 4531 3570
459 915 155
974 4136 2093
3066 3669 1715
4513 4933 11
1816 3069 3922
424 2559 3266
4285 4399 1490
4290 4816 978
2527 4226 2032
402 3388 2905
4788 4934 2969
530 1984 2272
552 2371 2450
26 1147 216
2740 4277 1310
885 4717 483
1774 2924 3432
1521 2303 2109
4676 4715 800
1980 2600 708
2100 3877 3646
3278 4976 155
922 2769 2756
3247 4926 3100
828 2535 4618
1143 1614 2637
237 857 2705
4552 4863 1141
4633 4647 662
4680 4695 1298
4096 4710 4137
3024 4020 4111
4831 4911 3737
4210 4994 4859
3467 4667 2412
3486 4193 1894
807 3710 3118
481 4561 2020
541 2923 904
3225 4638 2608
3888 4040 548
2262 2902 3010
1465 3031 2007
3951 4942 2755
4034 4409 971
4995 5000 3873
2202 2919 694
4508 4933 2966
628 3091 395
1095 4185 4703
1613 3049 4716
909 1299 907
4784 4853 3840
679 3983 319
3067 4911 4679
856 3137 3436
1956 4793 1622
364 3925 128
3042 3708 2411
1967 2583 2409
2655 4510 2874
3807 4158 266
555 1711 317
2240 4204 807
3849 4199 2199
456 1974 1014
3622 3973 3310
1519 3035 3878
4714 4820 367
3213 3723 1760
2941 3193 1551
1757 4096 2943
3837 4819 347
3506 4606 2453
1926 4381 2050
2136 4332 3252
2237 3910 1389
4350 4965 4721
4951 4971 80
3242 4777 593
4223 4282 531
1156 4251 1599
4270 4450 3771
4909 4911 3742
2893 4360 512
4417 4702 319
3014 3317 1510
4189 4306 4536
3596 4211 2810
4855 4935 4664
4068 4842 2431
824 2052 1312
315 4105 2875
1396 4263 3517
3560 3896 2916
3010 3703 1676
1582 2199 302
222 2355 11
435 3103 3279
997 1135 2082
4144 4733 1144
38 1622 2931
4620 4974 953
2621 3017 4948
4066 4881 3393
3883 4410 2018
2417 3577 229
4635 4716 1959
3648 4188 3860
2235 4080 1411
3256 3280 2236
3653 3700 2195
748 3541 2312
1853 3575 3747
603 1224 3859
369 1045 3131
62 4668 2902
3683 4482 1449
1345 3910 1673
3395 3704 2980
206 1108 1240
3365 4815 2846
331 2137 1352
4510 4599 3437
3210 4036 4918
3192 3735 872
1817 2767 118
4358 4590 962
4163 4981 1572
1797 2717 483
4824 4982 3156
3039 4531 458
2308 2932 4165
1072 1708 2296
378 1628 389
745 2645 4527
2104 3183 1063
553 4062 1598
2735 4222 3321
494 540 1810
4345 4971 3127
1815 1907 554
1477 2157 3832
3591 4373 1888
4142 4511 430
492 1132 1219
3429 3614 3856
1030 3341 2906
4697 4892 758
1105 2832 2721
2832 3463 2108
4499 4890 2982
1663 2091 745
663 2313 1493
862 3755 1731
158 452 2784
4858 4895 3553
4731 4819 2954
1179 1980 2459
1801 1906 2569
3853 4846 2719
4880 4938 1993
882 3113 3781
3467 4277 2543
4767 4861 876
3714 4880 367
1821 2119 2509
199 1319 844
2139 2443 3157
4578 4832 4931
1679 4430 2223
3309 3643 808
1422 4208 681
4631 4684 186
483 644 873
1209 2801 3507
4473 4542 4726
209 4253 3130
2832 3539 4520
855 1147 400
4314 4819 627
3587 4738 1394
471 1978 2974
3719 4578 1354
2411 4309 4722
1038 4529 4328
835 2255 4493
4071 4213 256
2325 3774 240
2220 2535 2888
3893 4038 648
1349 2556 1490
2735 4006 1566
1302 4802 4431
2177 3239 4169
3189 3693 864
1309 2807 4859
3697 4460 421
2538 3916 4532
3167 4246 2063
1223 1479 4056
4698 4724 4545
2562 4987 1744
1514 2595 6
2128 3071 4345
1035 4085 4515
1414 1639 849
1184 1275 845
3215 4905 747
4203 4894 3212
4530 4944 4390
972 3318 1257
4824 4904 3735
2707 3435 4672
1936 2797 2728
3322 3912 2361
4186 4434 3243
4919 4981 2869
1116 3045 1006
1295 2341 1693
4182 4306 1380
2595 3320 4955
4910 4953 2167
4611 4863 2564
3606 4571 1550
619 3208 2255
3525 3613 578
601 3483 4168
899 3831 4834
715 3114 1460
2047 2801 2637
4565 4756 1203
2973 3861 3256
3717 4480 4620
3214 4995 4788
835 4469 3103
860 1713 297
1128 4703 611
4718 4960 2682
884 4872 4562
37 1846 3416
4987 4990 682
1722 2999 114
128 2655 1762
379 3674 2346
4286 4766 4174
4036 4358 4993
156 3778 4041
3024 4695 1700
1538 2728 4768
2353 4946 1610
2923 4800 2288
2768 3373 4776
2753 4914 1895
4731 4931 1286
4086 4740 876
1385 4134 452
4846 4881 932
4636 4943 3646
130 2953 4079
1644 2194 4057
4084 4261 235
401 439 886
615 3841 4660
607 4977 158
444 697 3384
4650 4725 4155
4540 4836 422
1506 1528 4618
128 4274 4432
3896 4810 4212
4408 4638 657
570 4442 867
4517 4973 3669
155 1327 2017
1868 4626 171
4829 4854 3614
2545 3671 68
4019 4952 1825
4963 4990 3229
2992 3323 1777
4167 4706 37
4156 4970 2929
4654 4677 2510
4593 4976 3649
1524 2445 3654
1465 3935 4877
2445 2547 2675
503 4383 4142
305 549 814
4553 4916 1629
3367 3558 312
3838 4437 4787
2881 3083 3606
1405 4654 4588
2083 3709 3579
3989 4016 3770
3296 3356 363
2976 3268 762
314 3931 1540
3419 4592 1952
233 3475 3077
1472 2907 2269
1808 4812 3929
4732 4931 1389
4027 4959 1706
1222 1874 3968
1254 4692 564
3185 4533 1012
1760 3534 3778
3734 3973 2617
420 2759 1075
492 1935 3852
2853 3848 4005
1097 1613 2555
384 514 2611
1421 3344 4101
2141 4802 4756
2403 3391 4271
1331 1791 1921
4051 4622 3381
2667 4382 2300
4752 4947 1136
2019 4569 2691
4350 4820 1261
2790 3782 3029
2400 3997 1513
2412 4913 3681
140 4617 4144
1166 2937 1133
2668 4050 3826
4811 4939 3482
2781 4989 1004
3637 4535 74
1836 3452 3437
4802 4918 1152
3815 4042 436
608 2558 3186
3545 4747 3243
1783 3369 4244
1061 2219 1111
4681 4717 1615
2229 2895 1008
1526 3476 4055
4941 4952 205
1498 4006 1466
1297 1973 3221
3193 3193 4629
298 2065 4674
417 2201 3309
3541 4855 134
4684 4915 3239
1964 2699 2854
2000 3090 477
3673 4748 4772
1978 2907 3320
2132 3075 4279
4610 4689 730
2714 3910 138
1105 3226 2084
501 3313 1682
2658 4674 2986
4370 4688 1914
1916 4313 2820
219 412 821
1116 3630 2051
2871 3179 1414
3915 4875 3531
359 4531 934
1831 3430 1242
3851 4305 4081
4838 4907 4557
2860 3336 3389
2468 2862 1195
4921 4937 1456
3354 4267 164
1696 1736 2328
3434 4529 2256
2657 3915 2420
813 886 3029
3310 4531 4010
2976 3086 2067
345 768 916
3901 4649 2192
3376 4593 4913
2147 2605 2237
95 867 783
520 3931 3904
1895 4488 2439
3442 4882 2063
4274 4464 3735
1067 4068 3078
1509 4851 2189
1478 3707 2158
3566 4173 1391
4373 4451 3070
913 1524 1760
4715 4784 3522
57 313 2334
4932 4934 3025
468 4694 1642
1339 2296 2407
2945 3153 409
2790 4375 1478
3346 3748 3526
4392 4865 448
4775 4790 3685
3224 4515 1823
775 3016 3394
2651 4189 3510
2361 2610 4758
1999 2276 1755
733 1433 4625
3912 3936 1436
2114 4952 3018
3375 3785 1277
3142 3959 2687
1886 2585 1730
3248 4267 2639
3266 3783 2076
2726 3448 3117
1177 4894 4071
3949 4611 4072
715 2342 1325
3577 3612 1480
4184 4467 1078
3207 3586 539
3295 4258 4360
3984 4516 2602
3179 3226 247
4606 4928 829
2129 3994 666
3452 4227 1126
989 3947 4712
3908 4300 4728
4178 4383 659
3503 4229 1268
3852 4892 2460
3198 3800 374
1946 3578 1051
4863 4928 1731
1768 4028 3953
182 4231 2774
4592 4710 2808
4014 4236 3171
2145 4736 3744
819 2195 4826
413 4946 3572
3621 3752 2003
1577 2026 1915
434 661 3722
4463 4736 2620
195 1974 2108
1082 4867 3657
173 1258 3204
4367 4950 3920
2549 4839 1473
4691 4829 2165
3640 4081 3650
4025 4906 4084
3017 4935 4459
4506 4514 1243
2025 3613 4838
3379 3926 202
234 4287 353
1495 2321 3476
3579 4344 4129
1343 4047 1836
3957 4160 1920
1572 3875 915
4577 4847 244
3218 4068 880
3521 3867 601
4368 4480 4877
1413 4257 2827
235 2441 4716
398 4323 1501
3958 4945 1080
348 4793 585
4819 4917 1235
2529 3508 4823
3735 4292 2130
1486 4135 1178
1317 3039 2917
788 3866 4587
3023 3107 2239
4235 4582 2269
474 3999 3890
1219 3664 1985
4832 4972 3310
2373 4127 2571
2376 3195 2210
4516 4978 3363
146 1899 2397
2744 3395 1956
2627 4507 4861
2755 3060 1010
1576 4264 3229
676 4396 2666
1893 4309 17
2950 3368 2894
717 2338 367
1234 4555 2453
21 3577 3585
733 3539 586
4708 4909 1961
1124 3724 2660
4942 4962 2519
2327 2598 4044
4763 4947 2596
431 615 1872
4457 4593 3976
362 679 2734
3322 3482 3957
4811 4885 2368
4900 4957 2490
2288 4644 1084
4369 4615 4252
823 2853 1889
1857 1957 2561
1593 1747 4531
3224 4156 366
4712 4981 364
1315 2456 2794
4798 4980 2907
1612 3181 3967
3479 4272 4722
3436 3925 2663
1996 4931 132
2355 3214 305
2596 2906 2001
1233 1339 1343
2165 4744 1311
2009 4317 4535
1437 2056 798
518 3523 2848
1133 2677 4382
4401 4526 259
386 1449 3074
2958 4027 2857
3887 3899 3096
4537 4757 2580
1082 3454 1894
2934 3403 1772
3708 4293 4084
1167 1402 3066
2442 2801 2635
4717 4991 2544
820 3721 939
1842 4297 105
1713 2266 4242
4812 4898 3314
2692 4596 437
3289 4125 4618
4701 4992 1293
3693 4828 4684
4664 4939 4582
4831 4842 474
1561 1921 1758
894 2183 2842
869 1044 2851
2025 3640 2243
3716 4825 3419
914 1422 2544
1066 4680 3845
2091 2635 3885
3807 4574 3274
2034 3839 449
1348 3578 4170
2022 4523 2358
2419 3346 2482
3967 4884 568
2493 2811 561
222 1399 1075
1740 2798 3376
1181 2763 1945
394 4991 1724
4254 4384 4966
2039 2973 368
2763 3252 2733
1890 2833 2874
1780 4764 2586
4008 4045 1452
1147 1150 3416
277 4240 2506
4082 4561 504
3926 4625 1384
4768 4832 4641
3916 4987 2341
4755 4864 1988
3087 4013 408
4410 4642 247
1632 2347 2722
3391 4708 1129
4721 4743 1999
1180 3032 325
4392 4757 3534
3050 3301 4756
3375 3602 4277
1674 4293 1935
3789 4566 3118
4388 4686 2260
4625 4912 3744
3349 4190 106
2330 4057 2376
2071 3326 2329
2347 3893 4785
740 3918 1970
3336 4178 731
112 1936 4643
2996 4943 3649
1461 3069 3419
4780 4901 1664
137 4750 1234
179 1871 4955
1507 2793 3397
1076 3959 3198
2473 4505 3626
3278 4227 1766
618 2007 3726
1615 3645 959
2649 4142 1845
3707 4675 86
1086 4391 3591
1793 3158 1381
4822 4949 2328
1021 4520 3547
455 3298 1949
4095 4654 2306
1238 3522 3666
949 2288 3021
1504 2970 4853
4981 4987 267
2982 4456 2639
2992 4140 4280
2770 3494 2490
1755 3466 3060
2227 4956 3801
3493 4533 3163
1032 1279 2425
2050 4697 3370
3132 4759 2842
110 4740 4058
3566 4909 2926
4773 4786 3232
3105 4498 3220
2590 3228 248
2453 2757 1886
4079 4857 4538
2176 3412 4333
1557 3625 1433
1700 3175 2035
2259 3776 1043
929 2318 1103
2670 3011 1442
3744 4137 2035
1787 3197 62
3814 4560 2945
2956 4724 3851
1236 4126 1530
4233 4797 4439
4474 4890 360
541 4777 3557
198 3300 1334
4782 4990 2603
3333 4253 2175
4693 4803 4048
305 4295 4101
4224 4808 4874
4726 4956 4542
667 761 4977
4229 4559 4308
1601 2760 843
1596 4631 3008
4476 4772 3413
3156 4152 2911
3915 4347 431
2864 3415 1941
3697 4543 4785
4878 4952 1610
3314 3462 4355
1794 3455 3436
1566 1953 1658
495 3633 2417
2005 2738 4597
1549 3720 4022
4452 4641 1321
4400 4915 681
3029 4944 1101
3658 4851 242
4521 4926 4196
2197 4688 1681
3031 4548 3610
2566 4764 2216
3200 3485 3161
207 4870 2103
2608 4365 4221
4437 4767 132
617 4079 1206
3257 3387 3645
3559 4768 2651
3288 4933 4419
1202 3633 2595
1289 1621 3562
2650 4392 951
4319 4894 549
2864 3147 2816
1806 3223 4637
561 4117 3456
2425 3967 3908
1058 3954 4816
214 4670 882
3487 4581 4704
851 4003 1339
733 3768 3146
3582 4422 3200
567 4949 3514
1174 1334 3041
3035 3368 4987
1165 3943 4407
1883 4401 1135
883 3468 3063
4622 4808 3465
1769 4752 462
2736 3925 4987
4774 4787 2346
2161 4025 3240
2811 3347 2833
4727 4865 1744
4353 4896 308
2710 4003 4616
2108 4188 1736
3685 4050 4737
218 1294 271
3616 4314 3480
1718 4741 900
1793 4695 1202
1318 4748 2606
4410 4941 1295
4417 4436 2697
1671 2910 3511
4267 4303 4706
1644 1829 1322
3602 3878 2820
4542 4599 1
3848 4340 1276
670 4766 1581
2503 4637 446
690 4226 4875
3483 3654 4160
4162 4826 2390
2995 4460 772
4535 4892 2478
2172 2919 2580
4314 4463 4755
1260 2672 1359
2081 3198 793
2941 3969 1117
3646 4182 4262
3828 4537 3507
325 1545 666
1069 1090 1463
484 4070 1729
4400 4866 3869
2003 3956 3400
1229 4226 2634
3308 3678 99
2681 2941 1453
1172 3455 1309
3459 4498 2483
4548 4801 2907
2368 4050 241
183 4010 1462
503 3368 3887
635 3588 4821
2871 4897 2822
1887 3842 54
4783 4944 262
1004 3773 503
2251 4232 2439
2540 3873 3567
726 3103 1747
2717 3359 3752
1928 4886 1217
1315 3706 2335
3827 4042 768
2037 4001 897
1592 1664 2095
4051 4655 2672
1520 1904 1071
2429 4577 902
4634 4948 1437
1998 3408 3864
4708 4958 284
2803 3572 2291
316 1011 1370
4987 4994 1769
3676 4655 4736
4390 4735 4870
3154 3402 555
676 795 3734
562 1015 3362
3301 4714 4485
4244 4616 1417
2276 2865 3634
3490 4939 1398
1704 4341 2774
1798 4061 3657
3565 3625 3723
635 3415 1648
623 4244 961
660 1789 2691
3928 4601 4419
4384 4901 197
4722 4753 2188
647 4678 4658
4685 4849 3702
2965 3138 653
1635 4353 2616
1924 2967 3290
2396 4622 324
4288 4983 80
1654 2370 1417
3351 4791 3624
505 1423 4851
1879 2622 1468
865 2022 3264
3064 3787 4384
4385 4666 1269
387 1501 1918
1993 2188 396
1327 4792 675
1761 3068 4324
1987 3056 1436
2596 4754 2804
1819 4293 3364
1571 3079 3426
3758 4476 708
3195 4842 3926
2523 4097 2273
2594 3115 1963
4044 4591 4712
3687 4941 424
72 2182 2547
428 2945 4894
3706 4134 4434
1138 2145 621
3003 3742 893
2624 4364 3648
3196 4249 1564
266 2877 4214
3384 3512 4357
3976 4964 4608
1618 4408 2001
4570 4999 1349
4799 4968 4035
1089 4477 220
265 1592 414
855 2989 4938
4603 4937 1994
1832 3354 946
4412 4469 3000
2424 2813 4261
336 781 1895
2895 3539 3091
559 3371 2964
1948 4441 376
3650 4603 2767
4531 4733 1502
2769 4340 3101
3266 3471 3089
3612 3898 1215
1621 4252 1824
3440 4421 836
2489 3625 3943
811 1883 197
3778 3994 2173
3412 4100 4515
2417 4479 782
4936 4976 3669
525 3488 3802
2062 3295 1197
1814 4535 1807
987 3030 2709
4380 4824 4789
3518 4314 274
3338 3390 3613
2169 4798 973
1064 2232 2697
4708 4981 3713
4485 4955 23
1784 2941 4340
1434 2024 769
3346 3946 3858
1880 4669 2586
513 3477 2999
774 1774 3548
466 3074 95
1560 4789 185
1781 2029 3261
896 1703 1286
2090 2718 3118
4882 4970 97
4933 4977 3172
3222 4326 205
2097 2889 1796
737 873 1878
1319 4320 955
4827 4829 2479
3034 4534 4481
3633 4462 4608
3570 3773 514
1664 3686 3819
1512 1662 4379
887 1844 2393
4319 4360 2765
3548 4836 280
333 1731 913
4307 4743 4284
1731 2836 2011
2489 4006 4121
136 1413 4807
1345 1903 3296
2686 4080 3451
3994 4504 1503
3171 3266 3061
4108 4383 4879
4491 4956 4821
2903 3933 3496
3189 3937 1535
3987 4494 2023
4714 4796 456
2774 2948 76
2191 3446 4248
2275 2907 1857
3907 4211 3704
1464 4490 3895
3864 4033 4813
355 1390 4538
605 1063 1486
3798 4703 3751
1199 3223 704
65 2648 2208
4505 4582 4877
1308 3568 2066
2707 4182 2749
1260 4813 2195
4078 4473 4758
1080 3445 193
2172 4080 3968
4993 4993 3805
3507 4490 2499
2454 3918 1093
2308 4122 4110
187 2130 878
4102 4696 1533
1242 4321 3700
485 4337 1527
2696 4370 4392
4896 4935 2825
4866 4935 1980
1744 1888 3881
1411 2510 1532
2572 4882 92
4978 4982 2278
3475 3996 4285
4299 4663 171
2406 3197 646
214 440 3948
4008 4670 1946
173 889 1735
857 1057 4479
1054 3709 1703
3914 4929 1041
1545 4234 194
2958 3937 4020
154 1350 381
3002 3142 1701
2939 3225 1923
1884 3770 2409
2061 3624 4802
4087 4491 1821
1366 3499 592
1230 2912 2308
912 2535 2037
3925 4313 3057
3348 4919 4040
287 1921 576
862 4641 3165
1675 2530 2769
4868 4999 586
87 1215 2515
2831 4030 987
1656 4897 3909
3989 4095 3036
1401 2493 3621
4059 4539 3582
4642 4776 1881
3245 3289 3227
2623 2799 2943
2923 4823 2329
2115 4659 1170
277 2293 2694
1287 3953 1580
4474 4701 1743
1996 3487 105
4933 4982 3127
2751 3490 740
202 4198 4622
3269 4292 3497
3750 4722 2753
3442 4327 584
593 2584 4345
350 4434 4339
4060 4665 2253
4416 4427 22
1025 4234 3913
3101 4829 4255
2639 3480 806
2137 4866 3233
1501 4674 2746
4550 4826 3229
365 3228 1949
3325 4017 2243
3152 4222 2564
2375 2681 2286
4069 4220 439
1799 4661 3194
4661 4751 2350
3512 4407 1801
3613 4717 2189
3900 4291 815
2387 3753 3031
4077 4757 3620
4462 4730 3742
354 1667 3065
3495 4153 3394
3544 4694 555
665 3551 1363
2793 3978 1869
3807 4037 2389
492 1024 2706
727 4057 720
3389 3515 3188
103 2634 631
4840 4856 4626
3517 3737 3140
2201 4127 4628
351 978 963
540 4631 3669
703 4067 1964
489 3892 3352
2229 4917 2509
2803 2876 2558
2839 4306 2335
3890 4702 1471
614 2750 4097
4348 4540 93
2883 4597 3996
1865 4269 3292
1092 4403 1898
1096 3006 2078
867 4417 1932
474 1984 2682
1054 3421 1770
2262 2521 4494
2520 3485 4679
822 2554 911
9 4282 1159
732 2725 3174
2324 3653 11
4865 4974 3407
241 1986 3866
4224 4372 84
2304 3530 2289
1376 2756 3531
4937 4970 2314
1917 3542 4486
4164 4502 2374
1335 4511 2899
316 803 903
1878 2883 1997
716 4914 2116
4520 4751 904
4506 4870 1926
3772 4224 4892
2555 4296 3421
2028 4071 566
4497 4734 593
4533 4992 4301
3586 4104 207
3262 3611 4692
508 1775 874
1341 1435 776
3548 4300 4569
2828 3262 2130
4893 4999 2230
1092 4193 4318
4729 4808 4330
4832 4894 2801
776 4899 1489
1796 3126 1270
1230 4823 2888
799 1524 921
2674 4015 3098
1880 2999 2853
89 3531 2695
742 938 692
1366 1929 4273
2315 4545 4952
3485 4113 2587
409 3918 1636
2585 3417 1449
1907 4730 2674
619 3852 2052
2808 4049 1811
1718 3132 4547
190 1500 582
1437 4232 1947
4002 4547 1130
4995 5000 50
1218 3045 4523
3010 3378 1555
215 1816 2496
76 3705 4452
1621 2712 3125
3625 3918 1676
2955 3692 2616
4589 4778 3497
3532 4455 821
2391 2667 2571
4042 4722 1916
4936 4964 3983
1645 2266 2207
2333 3623 1415
4495 4776 2585
2980 4419 1897
4396 4906 3338
2607 2675 2426
4081 4960 4691
878 2906 501
1460 2653 4778
1985 2945 4484
1472 1906 1965
3923 4881 569
2266 2647 181
1273 3155 2841
2661 3445 4331
2451 3071 712
1877 3833 4812
3729 3815 3516
4730 4759 4252
3868 4130 2523
1510 2943 1153
3968 4319 4911
2593 3995 863
4521 4577 4186
4326 4939 2040
1894 3536 1088
3749 4759 4341
1762 4441 3635
281 2347 4895
1886 3687 3138
682 810 1943
362 3180 3323
2444 4799 4965
431 4889 2708
4306 4737 2222
569 1318 3903
2172 2696 1414
2293 2447 4953
3609 3649 4994
236 3093 3592
4375 4611 3558
3638 4786 4949
2763 2817 4681
1752 4819 4221
3569 4275 2418
3155 4124 867
393 4387 1261
1515 2465 1599
871 3172 518
1605 3046 4155
3219 4678 308
2770 4570 740
3289 4218 3310
1569 2142 3628
3583 4949 4018
3199 3449 1306
4248 4659 1607
1381 4883 1725
3581 4447 2065
555 1929 1428
535 3426 1144
2894 3199 1673
413 1509 317
2721 4776 3601
1607 3010 1887
1689 4668 4757
4917 4968 1121
1167 2417 353
152 2054 2632
4592 4756 3010
2948 3907 2862
4521 4856 4336
64 3527 73
4331 4590 3898
2298 2367 4113
2948 3225 3106
4386 4537 16
2314 2945 1665
4034 4506 2158
62 3983 4899
3733 4629 33
2440 4672 1276
160 3035 1409
3409 4348 4086
3567 4166 2969
436 1329 2890
2811 3075 4814
2072 3442 2965
3844 3933 1532
3123 3412 1730
2401 4668 2108
3956 4631 652
255 2117 4837
671 2393 70
3726 4022 2814
3824 3890 4333
4386 4999 2926
1302 4016 3907
4554 4632 3268
2139 4526 4998
4210 4329 2130
2738 4929 3017
1473 1653 4850
2253 2746 209
1477 2915 4608
662 4860 3004
1359 2314 102
3553 4890 2005
1016 4843 4380
720 4465 2629
4469 4482 1886
3888 4561 3381
2269 2797 4479
3385 4684 3296
657 1491 825
277 2155 1283
342 4453 3894
1395 2003 3622
2277 3064 4625
2762 4267 2690
2146 4888 2764
1404 2423 2589
1840 3847 2933
3068 4205 861
3152 4696 3037
4073 4592 4236
4542 4816 3315
1237 2550 4058
374 4346 4463
79 4371 4277
3957 4674 3737
3256 4626 1436
1910 3112 41
3182 3627 4001
3692 4299 2480
2423 3565 3936
2363 3471 4098
3454 4760 1204
2591 3233 946
4626 4637 3074
4111 4217 4814
2546 3692 543
3241 4911 3868
2853 4536 2759
867 3651 4273
2954 3852 2542
3173 4614 1503
4422 4475 1776
4760 4954 3825
3612 3803 3117
1741 3395 2376
1122 2117 2274
2360 2904 1690
3998 4404 4109
2944 3943 3420
2691 3764 2301
4164 4837 638
3324 3760 1846
915 4508 3782
4943 4965 334
1347 3076 2403
1334 1795 3690
3767 4409 1366
1677 3079 4831
4453 4810 1954
348 4300 1736
413 2709 2197
2126 4607 4436
2501 3675 3403
693 4334 4450
4559 4834 3544
2486 3914 2465
4051 4129 3691
500 1301 1972
4571 4575 4072
710 897 3036
2715 3036 3885
349 1524 455
218 508 4754
3107 3185 2640
3065 4039 1584
1529 1716 3016
2659 3887 1839
17 741 684
1733 2003 1294
493 4875 1223
1980 2835 2057
240 1263 502
1134 1151 2283
3218 3219 1813
4545 4608 3779
1808 2936 3606
4272 4357 2441
1109 4213 4845
4775 4893 1010
1615 4225 497
1110 2149 3690
3880 4316 4127
93 3545 3501
1444 2113 3949
3357 3865 3684
1762 4847 4530
2400 3724 742
3584 4844 4167
1566 3826 2746
889 1829 3515
1462 4424 3736
2940 4722 91
209 3690 329
1464 3886 4363
1089 2934 4989
1471 4161 3892
1446 4183 2946
3765 3893 3763
1252 3485 1275
3946 3963 2598
366 3376 265
2949 4662 3112
3682 3824 1345
1576 3790 236
2217 4550 3234
1557 3397 1704
3773 4047 1788
2782 4561 4531
1094 3687 1326
1570 4832 492
109 3586 4311
3412 3886 3171
3607 3656 4149
2947 3488 3590
1412 3448 4482
2171 3203 3663
3638 4857 189
3261 3412 2984
541 1346 4790
2559 4927 4802
3326 4942 1624
1927 2136 2714
3186 4416 4135
3974 4437 2044
1917 1938 1840
1965 3265 3440
308 2577 4052
4184 4621 1979
4645 4871 2487
2226 4168 691
4547 4817 1583
3526 3561 1495
3850 4326 3211
3189 3960 2306
3768 4640 3095
4057 4195 2784
2536 3903 4760
3111 3615 3699
2203 4507 62
1577 4076 3008
673 4167 1141
504 2500 1482
2712 3928 160
1990 2909 1380
3030 3400 918
2973 4686 2665
4197 4973 1435
3372 4277 2456
4886 4900 4542
4571 4959 2675
3291 3583 1190
2984 4684 4221
1108 3713 3910
2795 4420 4764
4471 4484 2886
1862 4139 254
2827 4786 403
2522 4477 4933
927 1934 133
1587 2764 2135
2756 3285 4583
2549 3033 2155
4894 4986 3913
3943 4532 440
3780 4042 1299
3949 4175 2158
1270 1407 3624
3968 4306 2900
1748 4548 3478
1095 3102 2283
550 4475 465
1932 2391 4372
115 4771 2895
4993 4994 348
4986 5000 2014
1217 3775 3345
3211 4959 3249
3953 4681 472
3581 4234 2684
982 2260 2899
2065 3934 4274
858 3511 941
3723 3815 1991
2651 4384 977
2104 2649 4727
2268 4972 2791
438 3434 3922
1924 4791 400
639 2494 4292
4332 4380 692
4546 4645 4631
1005 4130 1026
2882 4607 423
4517 4540 758
1211 1872 1559
3992 4640 1331
320 1307 3891
2757 4576 4456
2021 2406 4379
3898 4507 3741
483 1761 4147
4226 4728 463
1620 2673 1270
2623 2639 1056
460 1087 1310
4312 4378 3185
3648 4536 3419
1451 3443 1599
3547 3654 3962
85 2205 449
3619 4876 2280
3613 4394 3918
4852 4975 2111
969 1384 2725
757 1627 1529
1537 2986 2937
3828 4212 4067
982 2154 3385
4172 4909 239
4259 4726 4315
3716 4165 1525
3980 4442 1366
851 1406 3327
4298 4370 3627
3062 3821 2218
2093 3686 4856
2315 2810 797
4884 4955 3855
2125 4723 3371
687 4942 2717
3567 4829 3545
2442 3525 4795
3183 3866 4602
1397 2086 4764
1462 3175 3384
2610 3515 2414
508 2481 3919
3444 3870 1588
498 2158 4166
3905 4196 1486
4862 4977 2183
4538 4587 637
2221 4310 671
2925 3035 2883
3133 3533 4473
312 2217 2702
1943 2604 3656
4160 4527 2066
2965 3985 313
2556 4732 62
236 3352 3424
2951 4765 1610
4458 4796 238
2423 2480 1678
2651 2692 1762
203 4331 1056
3064 3448 2353
4258 4365 2275
1133 2800 1137
3061 3755 3716
3588 4324 1485
4718 4819 4386
3264 3685 4642
961 2792 3486
2310 4015 2384
1383 4844 4230
2515 2670 4273
3729 4480 1725
3813 4777 291
3720 3902 1599
3637 3974 363
4781 4848 3195
1373 3720 319
2243 2474 2816
1967 3565 3688
3525 4048 1563
709 3239 64
2477 2638 4096
1185 3227 3005
2256 3724 151
2783 3673 3827
2937 4821 3578
2366 2451 2519
1776 3042 4273
4536 4803 3661
1055 4728 1392
239 1959 2930
1186 4929 3186
3326 4448 4570
2214 2235 4906
3318 3320 4165
718 4746 868
1396 4903 3330
708 4093 1492
3476 4960 3108
4748 4961 1492
4229 4684 209
4822 4829 2295
2931 4843 2157
4656 4810 1783
3026 3197 1357
1355 1647 2866
167 2313 3206
3673 4973 599
4359 4830 4336
1660 4010 1556
4728 4939 486
4751 4777 1320
760 1970 4335
85 3444 4415
5000 5000 848
3144 4975 3825
1173 4961 3677
1250 3376 528
3864 4988 4759
2759 3824 2632
3963 4233 530
2929 3934 1144
681 3700 182
195 2431 1639
1730 2283 3514
1181 1664 1491
2833 3804 3587
4247 4358 2848
512 1553 1980
3415 4218 854
635 3734 1062
756 992 1634
3219 3525 1985
3303 3305 1826
1790 4833 41
2626 3588 4060
4763 4863 471
2783 3799 4729
1619 2308 4852
1014 4590 4732
3453 4588 2376
4443 4652 507
4563 4733 2510
618 1601 4845
4099 4541 2406
4430 4770 494
1426 3406 4322
2568 3480 470
4412 4595 2628
1896 2773 1991
3493 4129 3609
2591 3936 2513
399 3005 348
1346 4912 4720
312 461 1185
254 3983 3034
3436 4891 785
635 2341 3362
3966 4064 135
1185 3500 4756
2701 4768 1862
3002 4178 242
2930 3417 517
842 2050 3653
4957 4959 2754
1435 1947 1588
2473 4595 1020
2733 2898 122
4092 4544 577
2246 2554 3096
12 2519 1041
4343 4873 1723
3520 4731 2183
1935 3179 4012
2539 4921 100
4015 4296 3515
2138 2369 3164
3884 4303 4390
2856 3709 4808
3464 4070 352
3419 4635 2655
4633 4856 4996
2027 4094 227
3967 4078 951
1086 1645 1509
2815 3082 3082
279 2791 1651
1433 3602 264
3290 4844 4085
3700 3870 1136
2009 3452 1853
1686 3185 441
4689 4945 498
1550 4314 521
3137 4648 821
232 1481 4557
2272 3570 2935
4150 4886 1712
799 1202 2128
2395 4456 2133
2174 3900 2096
4002 4037 1674
4669 4725 4004
3125 3273 4539
621 4637 3326
4751 4829 3563
4225 4369 1052
2600 3111 1962
1105 1184 1094
572 4604 551
3530 4638 3569
2195 4894 2819
1954 4280 359
3797 4659 3446
1389 2134 4860
1727 2313 4499
290 2325 2894
4739 4855 4263
1184 1587 1188
3949 4561 625
3162 4654 4906
1781 3380 1080
641 2871 1520
613 2732 3489
2351 3386 1853
1925 3665 3186
3855 4225 851
1275 2753 2282
2947 2960 1340
4622 4885 340
528 4206 4338
1615 2587 1279
2847 4589 2985
1861 2707 2381
843 2915 3559
1208 3142 334
2607 4074 917
3433 3759 2425
4806 4817 1599
1392 2586 4749
409 1807 1503
464 4723 852
3920 4615 1754
3885 4741 1809
3482 4583 3761
27 342 3828
2076 3943 2836
1909 3675 4900
3444 3987 1966
1668 2577 4767
443 2608 3605
2791 4286 3446
907 4598 4443
4564 4908 2314
1212 1705 361
2282 4833 4399
4961 4980 2520
358 4322 660
1165 2513 1862
1348 3045 579
4510 4621 2231
2691 3503 3125
1658 2346 2009
2860 3040 1114
1891 1963 3779
611 1242 3737
4903 4939 505
1748 4071 4134
1265 1534 4668
1845 3963 2836
4055 4654 2030
692 4797 1739
3912 4662 3215
2376 3888 2899
4104 4934 3806
292 1384 4952
162 3986 2362
359 4145 1147
1759 1875 435
1295 1439 4364
3687 4312 3557
4413 4529 4324
2256 2878 2355
2163 3076 2889
4778 4786 2257
1414 4635 3563
1045 2298 2255
4644 4737 1583
4457 4637 3715
727 4205 453
3096 3277 4749
2502 3564 2666
607 3857 1074
3785 4155 4977
4000 4816 4242
2302 2402 4008
4542 4728 145
1804 2176 2593
2195 4088 4593
2442 3039 2679
2706 2918 478
1223 2508 2260
3887 4757 1696
4652 4767 3217
3774 4560 3896
4744 4867 585
4376 4684 421
2556 4685 939
137 2234 4111
564 3714 2615
4922 4924 1229
2377 2502 3721
2989 3295 3326
1796 2607 4058
3936 4291 724
4979 4998 39
2784 3707 4248
4526 4584 60
1161 2739 486
2714 4124 2242
4706 4720 534
2471 4664 37
1412 1503 3734
2572 3854 3918
4351 4723 2284
888 1176 2597
1512 2320 3672
1900 2723 1851
2364 4810 3051
364 2002 4033
213 1551 3335
4529 4624 1426
4081 4873 771
2727 3208 3168
3756 4773 2636
3262 4796 611
2816 4609 1430
4122 4744 2814
4095 4426 4620
1157 3725 2786
1710 3540 3176
2437 4507 4520
3579 4537 3849
2853 3172 2801
3743 4858 4257
3640 4364 2630
4186 4858 2936
4518 4964 3219
1090 4379 4733
2168 4938 2665
3588 3856 355
1905 4579 1023
2470 2811 2270
2858 4277 498
2246 4616 828
18 988 946
1687 3746 4086
4408 4544 2726
6 269 144
2773 3004 2752
490 1498 3350
1213 4554 4710
1331 2473 2170
1916 3015 56
3770 4942 4816
1291 2522 4584
3039 3315 2487
3328 3865 4180
1685 3552 4935
2455 4345 1088
1164 3645 3322
4896 4977 563
475 4400 3316
1806 2173 4157
3999 4512 780
2309 2954 2111
2893 2910 2028
2005 2602 1938
1613 4223 662
1606 1795 4467
3191 3499 4663
2240 3258 3530
1054 2824 2998
340 2013 4846
3979 4203 4251
4258 4546 4741
3215 4969 4145
1701 4628 3321
475 4783 3773
3841 4332 2137
4965 4965 636
2549 2640 1823
2679 3723 4201
4593 4939 2926
2174 3807 4681
2607 4321 862
4315 4985 4310
1117 3136 3117
3934 4347 918
4442 4820 2798
4086 4921 1222
1225 4373 1935
4290 4963 2718
773 2617 2413
3608 3945 4626
475 4227 3079
3751 4009 170
4144 4647 1584
1039 3849 3599
3034 3931 3737
4243 4891 3996
1326 2434 1624
3508 4983 2248
1312 2081 1164
3582 3629 121
4353 4568 4889
3710 4462 3625
3505 4627 1487
1079 2419 462
1518 4433 1605
4019 4246 3764
1741 2003 3632
1659 4937 142
2228 2841 4501
4733 4941 4341
1503 2156 2629
3199 4029 344
162 3272 1455
1766 3604 1509
1832 2504 1839
413 1178 871
3620 4943 3536
1711 2784 1073
2971 3923 2494
1794 1888 608
365 2711 563
683 4203 4386
721 2482 799
2731 4095 1171
3190 3887 3179
1395 2784 3918
1395 3359 353
4167 4966 1101
652 1998 673
2866 3610 590
637 973 4627
2973 4631 3738
1232 4557 2656
1733 4584 4604
4203 4522 3633
4366 4378 3528
3412 3903 4011
2299 4795 3234
2008 3334 2159
3684 4813 2870
4994 4998 49
553 2927 2417
298 3127 3029
828 2544 1425
752 801 171
1 2100 3464
2600 4638 1423
3343 3454 4924
3140 3383 2504
3501 4124 4897
3720 4620 2221
1054 3102 2377
3894 3990 2637
4079 4249 2426
599 4011 4204
3457 4921 4674
2918 3014 1726
4026 4891 2899
2555 4020 3259
3429 4823 3498
888 2832 2446
2781 4283 1598
2141 4144 3657
2327 3158 1770
2944 4407 722
2786 3664 1321
2834 3130 1898
763 3297 2907
2923 4887 4396
3260 3870 826
4661 4952 1878
3520 3539 747
349 4136 2971
1803 3952 673
2421 3561 3682
570 2622 3683
4201 4563 4943
2576 3262 3232
397 2030 1852
609 3434 3010
702 2149 471
1087 1136 338
2493 2963 4808
4143 4814 1197
2101 4673 3510
1912 3715 987
3057 4222 2313
2131 2275 4880
4597 4715 668
1961 4307 2771
1152 1559 1533
4080 4161 368
4918 4934 302
4196 4358 1561
1023 3852 2550
3952 4363 1257
4951 4985 1793
4375 4725 3639
3358 4356 3761
1532 3170 3129
3083 4073 1239
149 3140 1007
750 816 2043
165 3559 501
3457 4482 2619
4649 4694 3566
4224 4494 1621
3348 4916 3909
2399 2786 3140
3529 4164 3981
565 3472 2702
2128 4706 3268
2438 3796 3138
3169 3871 3705
612 2931 750
86 4209 4316
4534 4591 4923
4689 4705 255
741 1934 1543
1437 1806 4235
2012 2771 659
3608 4816 499
1747 4711 3564
87 4950 962
1069 4388 3472
2542 2830 2805
523 1387 3236
1982 4128 3002
4911 4915 4108
897 3636 20
1508 2152 3904
2058 4797 2984
2735 3462 4705
4742 4859 2473
3494 3519 613
2176 4104 1055
1095 1557 3484
286 1005 4114
2778 3783 397
3261 3476 4049
569 4483 4591
3455 4297 498
3964 4754 4770
3704 4462 84
4526 4920 1164
4878 4959 3809
2168 3268 475
4218 4254 4936
2802 3479 525
2959 4256 2371
4127 4299 724
1205 2616 1032
4882 4992 4330
177 4060 4293
2833 3741 4154
693 3579 3237
1795 2647 3493
2246 3711 4309
636 1373 3152
3885 4893 4230
3866 4596 2913
592 2495 4298
3408 4513 3715
3361 4260 4603
2344 3412 3766
332 2826 2739
1193 3456 3263
1215 1618 1177
3711 3970 3395
4532 4762 2193
1476 2815 3376
4 1160 4613
3948 4337 296
2054 3639 715
3910 4355 3160
4707 4946 2757
1021 2840 1799
1749 3829 4852
4707 4755 1273
1851 4501 1256
3189 4944 2065
2131 3773 850
1848 2238 3117
2691 4432 3842
2235 2276 4386
2938 3112 4284
541 854 4311
1656 4817 3757
188 4907 4584
1286 2368 4345
4225 4982 2268
4603 4694 1070
3520 4466 1949
757 4217 619
1627 3661 2766
554 4095 4985
3805 3807 4601
4370 4583 4541
4193 4405 2153
1328 1353 1794
1745 4500 1478
86 1067 2180
8 4578 264
4215 4376 208
107 1448 2137
2694 2835 2378
1336 1737 3563
557 3789 2558
1126 3865 1025
2741 4212 3877
1850 4238 3200
4502 4604 4282
630 3834 4997
3087 4652 907
3843 4525 4817
2922 4226 249
254 792 3221
4855 4919 2536
4971 4985 1740
942 4218 3803
3596 3791 2138
360 900 4390
2567 3612 390
102 4123 4072
4049 4662 491
1008 4459 4903
2895 4831 1364
4024 4253 2067
736 3215 4963
1718 3246 1364
1897 3545 3994
2609 4655 1193
2156 2722 4409
2768 3595 3015
1499 2599 4879
863 3162 581
4128 4258 2357
447 2074 3974
1226 2522 832
1112 3486 1754
756 3571 1975
3360 4049 4995
1114 2293 3697
1390 3727 2948
4522 4790 2959
4263 4451 9
125 1588 4978
644 4525 438
1230 2249 808
1873 3335 463
4006 4965 104
3978 4699 2362
4138 4551 4715
4617 4673 2368
1195 3275 1808
3891 4154 928
2930 3466 2995
491 4436 3727
4382 4937 1124
1214 2142 1926
3109 3430 3665
1832 3423 2239
3640 4206 834
3745 3986 533
915 3453 1022
2443 2996 2461
3106 4385 3995
1116 3824 3186
4602 4646 2621
3431 3581 2389
763 3009 3127
1161 1786 2120
1049 1501 3516
3900 4299 2070
1812 2418 2815
1265 4961 802
419 2662 3479
65 2169 438
826 4267 3108
221 1959 3974
2251 4267 80
1320 4761 2762
3926 4048 1234
4197 4807 2472
1781 2102 2180
3889 4860 1392
2450 4379 2407
335 4083 798
1341 2830 2967
2256 4779 2965
1192 1395 100
1693 3464 2373
2259 4777 3593
2827 4773 2070
4923 4927 2464
2887 3178 3264
4262 4396 73
3533 4488 1559
3286 4583 675
1313 4670 994
147 703 2587
3485 4739 3706
2036 4035 2994
1914 2505 2301
517 1812 3853
2145 2768 3410
1893 3751 4352
3957 4640 895
3908 4990 856
366 4217 2077
1351 4157 4250
3137 3885 4878
2628 4468 2404
2168 4499 1716
1166 3242 2863
4650 4659 3115
529 827 2030
4572 4739 211
185 459 3077
4157 4267 3010
3922 4773 1384
4964 4986 3129
3556 4353 2093
927 2972 2952
2976 3215 3956
149 3284 2109
121 1455 4641
1510 2536 4474
2548 4219 4992
4664 4901 2581
2926 3234 3
328 3073 4876
1944 3163 2782
257 1515 1224
2469 4724 3002
1633 4736 4376
3931 4787 3247
3212 3290 1607
702 4411 1667
3471 3544 4403
829 2198 921
3575 4719 4540
2669 2800 4018
958 2056 1714
680 2740 893
597 4212 4275
428 3744 1102
4418 4457 300
27 3639 4004
1747 3795 1578
1597 4987 3693
2644 3924 1331
3924 4056 3173
3925 4172 378
4729 4772 4864
2267 3024 3375
547 3961 2209
3166 4037 4540
4228 4624 3200
1933 2239 922
792 2081 4963
4597 4741 2054
175 3811 2889
1833 4899 1809
4959 4990 3137
4312 4874 4644
1081 3316 4543
4001 4495 3374
2464 4388 1177
1191 3786 2684
786 3313 2773
33 1874 2564
2227 4057 4281
1707 3845 3241
4155 4970 1116
1265 2097 2631
1467 4936 3809
1098 4455 451
2421 2672 4123
4051 4230 1173
3761 4963 2663
1443 3670 4733
1138 1863 1418
523 1645 1852
503 4396 4724
4629 4855 3316
1225 1422 3346
982 2519 1311
3944 4750 3388
1542 4620 3433
2987 3445 275
2301 4559 4056
342 3405 2228
4836 4878 2532
3937 4585 2075
2061 2183 3467
4655 4717 4535
1941 3929 3376
4890 4985 1667
1136 3026 1366
2013 3496 1633
750 4350 163
1434 3175 3770
722 3055 135
1268 3917 2684
1309 1426 1604
2936 4182 2788
1658 2301 3800
4688 4848 935
3022 4087 3082
2918 3189 4415
2122 4815 1262
4797 4833 1448
602 1806 3259
3793 4906 2126
3530 4595 1268
2016 3923 3207
3995 4554 4395
2333 3962 1995
1903 4175 2260
4306 4740 2476
477 3869 4469
2103 4331 1281
4858 4907 4104
482 3060 1661
756 1784 4484
565 3162 1302
100 4292 4037
787 4217 709
4806 4886 2283
4414 4910 3521
4204 4689 4040
847 4928 1943
3799 4969 2237
2539 4422 2112
2949 3375 4985
2267 4921 4925
2687 3130 2337
566 3600 3632
237 2823 4002
3284 4577 1002
4205 4541 4442
2321 2511 4205
1989 3774 2067
646 2178 3686
2754 3273 1477
49 3713 2467
4377 4594 3489
2222 3748 3772
3018 4420 2563
1806 3345 3664
3190 4733 4693
4979 4980 1002
4474 4762 1636
207 4120 2351
3055 3912 4483
1835 4091 3442
2646 3352 3672
3397 4632 1983
2287 2986 1600
4899 4927 4061
3833 4598 4898
4036 4735 3609
187 2903 3646
853 4521 1547
3100 3821 500
1576 2794 795
1759 4318 4648
1340 2110 1987
1601 4081 2140
4089 4443 3594
3771 3902 3557
3598 4202 952
3239 4380 3578
1652 3934 2809
618 4059 4238
1013 3234 3109
4794 4821 403
1793 2834 225
2100 3292 2850
3246 4916 4534
3877 4417 1225
3781 4814 3034
4171 4926 4087
2861 3710 403
990 4360 1910
4523 4814 2020
609 1518 3549
1473 4205 2156
2807 3846 3436
4835 4967 1450
2022 3569 4767
1531 4413 1725
832 3319 1094
2393 3472 4557
2537 4792 821
1039 1240 1364
635 3755 2576
4299 4480 3572
4070 4769 407
1897 3846 1926
2461 2899 4346
1670 4060 752
1699 2618 2782
4621 4781 2649
636 4307 3618
688 1184 4081
3858 3929 308
3376 4449 1433
2908 3342 3203
3126 4739 602
3796 4437 1464
2465 4305 3596
3196 4634 4544
3275 3348 3866
3042 4581 3217
2195 2643 677
2848 3967 4893
819 1095 3914
3554 4494 2225
4384 4509 1467
4535 4568 684
2914 3665 4630
458 4162 1276
4240 4439 1743
2661 3098 392
2475 4709 3501
295 1557 4403
2251 2260 430
1232 3939 3487
1309 1339 652
1613 2919 3187
4409 4497 1898
3498 4687 1614
2471 4923 4170
1200 4667 4402
3781 4817 4559
4580 4718 3542
2334 4699 3163
1293 3309 839
4901 4938 541
328 796 1678
238 4226 3340
3544 4065 1318
3275 4295 1294
3812 4893 2785
4433 4763 4579
2010 3055 1009
4796 4879 1229
1100 2911 1724
1670 1741 1690
1727 3407 4409
3679 4411 3696
4644 4871 4104
119 3086 4790
4004 4904 2709
4892 4989 3565
3551 3982 2864
306 631 18
139 2855 370
209 472 3591
2193 2941 3816
455 4249 3564
2840 4515 2076
872 1446 1388
563 4633 2235
4467 4867 983
4064 4199 360
3254 3595 4364
316 2343 3209
3259 3615 1564
2441 4315 3807
3798 4087 4584
1099 2840 3857
1907 3245 3769
3482 4919 362
1977 4562 4938
2182 3460 1723
1340 4701 2416
3938 4422 3141
2664 3674 4620
2810 4530 1798
3134 4358 492
650 4218 2992
205 1307 3918
451 4592 3527
4253 4552 606
1938 4811 1676
4364 4920 966
4236 4253 3487
4873 4929 4742
1293 3213 368
523 3756 624
2163 2565 1206
4969 4985 4946
2905 3643 4635
1922 3128 1775
4341 4700 1541
2641 3726 2651
4021 4847 3375
2416 3830 480
901 3888 3115
3188 3456 1690
2876 4071 1802
4562 4843 3924
253 1627 939
796 2619 4944
1437 1483 3066
2635 4582 4767
280 4417 3901
4512 4881 1893
607 2078 1036
70 4694 603
1537 3851 2645
3202 4630 1424
1628 1752 3628
4047 4989 627
410 3414 132
3365 4679 4323
4920 4963 1893
287 4924 2540
3973 4434 4746
4311 4666 565
340 755 3781
3336 4738 4986
2141 4584 249
3603 4750 2942
2794 3494 1855
1002 1538 3969
1497 2178 4632
2486 4850 1505
860 3318 3886
2051 4110 1007
1123 2481 4743
3024 3237 365
3105 3210 3365
4646 4959 4201
4556 4857 3012
1358 1495 2756
1239 4635 605
3363 3673 3141
2729 4635 4670
1201 2339 2723
806 3207 2433
164 373 407
3557 4978 3243
3332 3602 3628
3841 4441 1501
1801 3335 596
1346 3420 3829
3190 4862 635
3264 3731 839
1692 3650 523
2287 2937 2736
673 4964 2498
248 2563 3934
473 3943 2363
1700 2745 4946
1549 4855 2303
1230 4794 1431
2966 3664 2171
4017 4866 4765
3803 3986 4955
1681 4084 87
779 4791 4495
2085 2715 2525
2189 4924 4015
3821 4228 678
920 4923 4125
133 3832 1198
19 4321 2229
2525 4237 2333
4894 4980 4765
2390 3926 4373
4559 4585 3016
4079 4932 4714
2270 2556 1514
4673 4799 3790
1282 4447 2272
428 1008 4381
632 2542 1172
1799 1912 4706
2361 4526 1430
2879 4672 4160
657 1961 4452
3878 4079 2966
1189 1946 1138
2862 4456 790
4208 4667 2576
2687 4407 4893
2305 2765 2249
4633 4954 992
4963 4991 3283
4061 4657 1163
2505 2835 1777
4247 4688 3561
3904 4566 4598
1534 1895 2982
1067 2364 2201
1050 4961 4920
4976 4979 4327
632 4643 3779
3243 3993 2478
1223 2137 810
1646 3437 481
4420 4860 3503
56 1080 1994
4034 4247 3150
189 3283 1555
2210 2929 651
2512 4048 1367
3981 4293 1923
2681 3555 696
2234 4936 467
452 1665 3307
711 4373 1521
2672 4389 2967
3775 4107 509
224 1709 4501
708 845 550
4184 4588 1415
1189 2216 365
3325 4875 801
2020 3279 1552
2523 2750 472
4552 4989 937
70 3514 3080
3721 3917 667
984 2031 3852
4217 4306 2663
799 2089 812
4796 4873 2672
617 1358 4978
4467 4633 321
3842 4225 2179
4405 4409 3823
1323 4343 691
1392 3167 3617
844 4387 2911
3163 4727 4549
743 3502 155
4204 4562 2668
2666 2733 1473
2649 3513 3933
3117 3551 4828
738 4614 2124
491 2287 2729
3150 4882 4708
4086 4850 2854
1779 3977 4259
4286 4288 443
2073 4166 4617
2164 3019 4720
1317 1358 3562
2497 4391 4761
3194 3710 1855
1798 4133 1920
4385 4849 2399
4649 4818 1388
431 834 563
3754 4915 4711
3244 4531 3704
3328 4575 718
2058 3288 545
1312 3876 2676
2912 4361 3364
1808 3869 2253
961 4538 2884
4585 4807 1939
4795 4952 2651
2748 3491 819
4875 4982 4679
2721 4585 235
3414 4207 938
159 1974 3925
1696 4114 4140
2793 2843 155
3823 4642 2096
4698 4997 2353
118 231 2182
2081 2946 623
2105 3640 2179
1927 2262 3902
4959 4970 308
523 3266 3276
3415 4141 1097
2920 2920 135
3427 4366 48
376 3362 3876
628 953 2345
1698 2304 3974
3846 4924 565
3646 4525 2369
1618 1970 2404
1474 2155 3338
40 123 4273
3946 4877 2886
2429 3555 1636
430 3421 1111
2867 3000 805
2645 4194 3468
1471 4509 2523
2301 3761 3979
1477 3511 1629
2104 3274 397
84 4686 42
4430 4876 3108
2330 3806 2475
1196 2374 876
2216 4647 4908
3675 4205 568
3431 3752 3489
3933 4957 3341
1894 4446 313
2326 3333 3071
1457 3404 3061
2449 4055 3599
28 1171 2727
4765 4829 3756
2382 3809 1047
1037 4515 792
791 1198 2323
1149 2433 2309
584 2130 4182
1844 2874 4581
1281 2368 2691
3613 4985 3517
351 3101 2028
3218 3869 2684
1251 1488 1309
1021 2068 1057
3303 4539 4124
2997 3606 1231
4370 4706 4103
2156 3776 374
835 887 1004
255 1664 3496
103 1709 732
1554 4225 3936
4471 4998 1201
3032 3960 3056
4583 4595 498
241 4702 2541
4416 4623 4353
434 2247 3647
1172 1278 1206
3857 4842 2073
1506 3816 333
4031 4804 1318
4700 4770 413
573 4858 4900
982 1834 2604
4164 4950 1824
1544 4746 811
3994 4709 4692
4478 4912 2768
4254 4763 2127
1366 2637 999
2049 2070 138
1355 1385 4542
182 3366 4723
3127 3226 3981
4729 4956 1062
2635 4915 3207
4231 4273 715
3293 3957 1791
4955 4994 730
1039 3207 2424
4536 4697 4370
4758 4910 1714
4670 4677 3287
4408 4572 3836
4887 4987 4947
3576 3601 2059
4838 4917 4927
3683 4026 2039
38 1431 764
904 4180 4337
792 2207 3260
1961 2993 865
211 1856 2914
2210 2303 4171
2552 3373 4830
737 3658 979
3213 3731 2850
3502 3833 3879
102 1560 998
3619 4395 1388
1285 2830 1202
4738 4750 4201
482 2557 4351
3498 3775 1286
2152 4451 3866
4925 4964 2229
3623 4751 3212
4939 4976 334
314 4581 2015
52 3372 3828
1661 2319 1818
1140 4803 788
3798 3811 4267
3712 4827 2759
1755 3736 4533
3732 4968 639
1253 3504 332
707 2907 53
4105 4667 889
4695 4977 2483
4221 4925 2122
4911 4982 1399
3381 4393 2896
1015 3210 3626
4685 4892 3069
726 790 2521
3578 4514 3988
3573 4961 1256
2770 2830 475
532 4778 4123
2561 3159 3507
2637 2718 3751
4314 4918 356
3215 3971 1909
4100 4312 692
1144 4185 2363
4548 4809 2874
330 3042 2778
1600 2666 1135
4980 4986 1824
2629 3076 3052
4353 4983 2117
1048 3812 954
4635 4744 352
442 892 389
4867 4911 1787
3261 3765 4481
1993 3722 4785
2882 3418 793
4439 4835 4629
4836 4891 4438
1296 4734 658
3381 4512 3246
640 1382 4182
2730 2871 1017
4346 4545 1068
1393 1578 4462
344 4952 1993
4849 4924 3425
3132 4809 3300
1688 1752 3617
2368 2636 2492
2807 4301 1845
4657 4900 559
2829 4142 1374
3772 3987 1209
182 1884 4519
1619 4875 4716
509 2588 2277
4936 4939 4873
829 2579 2395
4579 4625 3568
3634 4694 1895
129 3012 4809
3876 4839 3457
313 685 1078
3817 4356 1304
584 3225 2110
510 1550 4245
859 3929 2313
1193 2937 2329
4406 4881 4770
356 1455 3119
456 1131 3068
2717 3074 4607
1841 2887 3298
2378 2684 2228
2974 3817 2961
4966 5000 755
3849 4290 1129
2730 3046 2739
326 2490 803
1627 1793 109
429 3402 2517
969 3786 2504
3240 4320 2969
3554 4904 4009
3726 4721 1945
691 1384 1210
817 2036 2030
3592 3911 3042
1182 2616 923
2548 4018 3600
4378 4540 1825
2483 3672 4698
1909 4848 1115
3597 4028 3340
3825 4208 1931
2711 3177 1009
2789 4302 1556
1148 3967 536
52 776 1644
1792 3976 4116
458 1667 637
1298 3336 573
2294 2576 2722
2989 3520 552
3814 4311 1552
1248 3005 1481
4326 4340 3006
3801 4718 768
3763 4607 4412
1607 2702 3430
3661 4454 576
140 4294 755
4498 4654 939
4165 4724 650
2003 2944 4046
2797 3182 2095
766 3291 174
1351 1908 2267
3569 4094 4972
4177 4954 3734
3946 4421 3523
847 2320 2951
1624 1852 2045
2889 4321 3939
4614 4953 101
4866 4886 2580
1138 1463 3151
147 464 759
429 695 3211
3661 4710 4440
3378 4526 1125
3907 4623 3620
991 2536 2232
3457 4119 3177
3104 3127 4553
4663 4850 4298
1621 2276 1067
2082 2303 1794
4463 4812 181
4171 4935 3368
2784 3086 3598
3671 4486 2480
4009 4642 12
1279 3536 2785
1616 2619 2193
4029 4847 3213
2207 2517 2656
1553 4008 2616
346 3747 3983
4568 4988 2313
4088 4516 4874
975 2216 2181
4139 4529 3700
2044 3852 1251
3 3994 3694
4783 4819 1262
1278 2479 909
1459 3548 1195
735 3676 3401
411 2506 2221
810 4945 465
2883 4803 2347
674 3375 732
1904 2226 3244
4691 4697 1350
1617 2462 948
3331 4992 4498
1063 1896 2137
4394 4650 3314
3997 4559 2878
2944 4075 2812
3886 4857 4582
3950 4520 2332
3297 3698 1198
1459 4416 4252
2378 3905 2176
1884 2559 1728
2524 2928 4577
1522 2198 328
4868 4895 3492
3663 4405 1745
2517 2907 4332
752 2823 1044
2976 4802 468
4827 4859 2455
3556 3651 4297
3666 4180 4254
564 4883 3537
3974 4227 1815
1142 1196 1739
505 4649 854
883 4088 4401
3208 4189 2984
4176 4646 952
2881 4500 2577
991 1272 1421
3597 4472 3185
156 306 3572
1900 3560 954
304 1746 298
1433 3970 220
2517 3558 1646
4716 4856 3838
3518 3589 905
4661 4854 1688
718 3620 3072
4686 4894 264
4305 4876 912
4812 4851 1478
3052 4955 4008
4406 4497 2841
108 1131 4418
2749 4908 4119
1352 2850 824
1903 3515 3654
1133 2993 4326
2181 2635 2683
583 4338 2706
3744 4095 2614
4475 4852 871
750 3443 871
1237 1321 585
2124 2414 992
2712 4105 1542
3986 4933 3850
4917 4957 828
4511 4973 1699
4243 4747 2471
3801 4568 2604
3187 3715 2272
2310 2538 2561
1694 4629 4309
1101 2379 61
1138 2255 1574
1382 3604 177
4403 4703 4840
1219 2669 2386
1898 4411 1631
2013 2137 2441
3738 4432 196
1483 2521 146
330 4021 1430
1415 3458 2264
1133 3463 3151
2632 2852 2469
2251 2510 4444
2401 2945 971
914 2663 2052
4086 4571 2341
2010 4647 1276
4803 4872 589
1810 3725 4252
4294 4441 3234
2897 3789 3600
780 1490 4223
4482 4869 2250
1675 3281 955
3475 4805 4263
406 2825 3608
832 4574 2159
2250 2824 3918
158 1810 1448
1523 3405 4976
3116 3628 2715
3114 3331 2154
708 4519 4990
4787 4854 1693
225 4667 2525
2655 3832 557
2514 2977 193
3178 3629 3015
1263 4473 2265
3400 4352 4506
98 2027 2657
3255 3450 2135
4047 4911 1468
2326 3267 2447
626 1559 344
3952 4165 263
952 1355 4662
2307 4106 2642
3677 3887 2788
1566 2865 4558
6 788 2714
1886 3875 635
1958 3008 2438
124 3180 2603
2460 4360 2450
3247 4565 1174
3024 4837 2174
3080 4504 3845
4923 4936 2603
742 1027 4942
732 3547 773
149 1776 993
609 4625 2975
1767 1906 3341
3268 4622 1799
3915 4678 3242
1578 2911 736
2183 4173 3210
4472 4581 247
3126 3347 1039
2461 3611 4603
3132 3548 1609
196 1699 4737
4941 4959 1933
4249 4745 1017
245 1628 2299
971 2766 2227
157 2513 210
183 4941 4745
1341 1768 3333
2413 3312 377
2351 3964 1898
2137 3085 2960
1582 2505 803
4259 4462 4762
3409 3945 4116
1029 4466 1559
1297 1772 1889
276 729 3167
544 2880 2131
1776 1971 2455
4988 4998 2712
1558 2068 4135
2640 3948 4603
3431 4869 1728
1924 3697 4126
1478 2547 3648
3265 4610 3739
3530 4292 1907
583 904 1966
3522 4834 969
1605 3248 1301
4374 4655 2488
115 4586 4991
3957 4879 1611
4010 4805 1930
3202 4580 2791
4887 4954 634
1560 3730 2387
2162 2968 4558
2244 3482 2584
2955 4444 1160
1462 3899 4033
4195 4618 1254
4010 4382 4649
3062 3878 31
186 974 3079
114 4213 790
1194 2964 4192
2218 2653 2111
3222 4563 2051
2236 2807 2111
4131 4406 1788
4567 4907 145
1364 3989 4664
499 3205 1941
105 3261 1625
1457 1606 2345
1208 4786 1257
3264 4913 1068
3032 4709 3564
599 2146 2380
2007 2459 3808
2155 4209 3373
4986 4995 4149
4830 4867 147
3610 3711 1311
1309 1752 2003
922 4621 1462
1319 3623 3475
3799 4579 829
3026 3109 3120
2283 4285 4782
1307 2433 618
927 2530 820
1830 4625 3044
4894 4898 3008
1739 3121 4443
745 4642 2401
1674 2622 2599
4724 4861 3385
3933 4870 173
39 3318 3181
2446 2820 4345
432 1940 4692
2419 3901 2464
4484 4854 3648
2694 3070 4010
4193 4742 1203
2209 3683 3155
3894 4266 2205
738 1812 607
3570 4888 4392
1662 3952 1759
444 3317 3621
1963 2046 162
2115 3210 1696
4092 4137 4872
1567 2451 3243
3258 3468 3674
2087 2842 1287
4316 4991 4983
4870 4876 2076
4474 4676 273
2341 2598 2142
3852 4010 2635
3530 3936 3103
3252 3584 305
3593 3612 1776
3623 4945 1689
465 3714 3117
351 3238 3022
1720 2954 4238
997 2936 526
2172 3355 1145
1585 3144 3921
3990 4631 2136
3241 4166 3829
3833 4339 2430
2968 4323 2277
3164 4598 3152
3026 4591 216
2249 3240 4980
4282 4953 4224
1778 2458 992
4166 4185 1491
3973 4542 235
3415 4349 1055
2674 4223 636
110 1508 1054
529 1562 4778
1323 3405 1978
4815 4913 1297
1290 2374 1569
2647 3727 4168
4358 4727 4297
3721 4864 3233
2174 4666 4266
4308 4570 643
706 4410 2955
2322 2454 3744
1767 4197 2259
4316 4785 1084
46 2154 4689
3392 4862 3295
3999 4676 1137
1674 4910 2673
4026 4356 2674
4284 4798 2564
748 3585 1109
2176 3804 4641
2515 4995 403
4118 4660 4200
203 1599 4732
4196 4959 4004
481 4313 4282
2487 3461 897
686 4713 2585
888 988 944
2104 4770 1105
2032 4451 3609
1840 4482 4289
2870 3965 4705
3931 4970 2382
3171 3230 1968
3964 4487 3292
676 3862 1092
2940 4412 2665
3974 4637 260
1277 4732 4828
2036 4688 3546
2960 4047 847
410 3785 4207
3019 4707 4139
4549 4580 1945
4173 4676 2251
72 1061 2233
1605 2108 1048
4528 4541 3281
811 1933 1548
73 3977 251
254 1458 1091
4798 4984 2141
2903 4743 3063
1848 4033 865
1431 2074 1901
1620 2355 4634
1278 4521 2941
3160 4124 4226
3742 4756 3533
3491 4983 1297
2847 2878 3454
2516 2875 2978
2729 2847 4857
3779 4538 2844
1249 3547 1741
4746 4862 2050
1511 4352 1746
4759 4847 4629
115 2863 3328
2574 4749 3369
630 4472 2813
719 4995 3130
1293 2580 3295
3577 3885 3018
3157 4964 4791
2795 3155 1217
16 1764 2640
4751 4904 3870
1552 2454 3643
348 616 340
573 3121 2533
4268 4644 4264
3448 3476 4015
2048 4625 2046
1459 1751 4849
3343 4128 982
2844 4449 987
4073 4390 3176
4296 4704 1020
1243 2930 2699
4169 4323 1131
4772 4991 1364
4216 4667 628
2521 3152 2237
4102 4786 625
1237 4742 3887
159 2473 1927
4334 4941 3087
1232 4360 1143
1813 3214 3757
90 4892 4970
214 1583 897
435 1047 2260
136 3291 284
1741 4663 1755
246 1739 2627
4276 4852 1392
2975 4198 467
562 1976 4778
14 4558 495
1953 2734 3691
4044 4753 4130
3562 4125 1765
967 1492 2679
1474 3519 4150
435 498 46
2826 4408 2480
142 1773 1140
3156 4624 3396
3330 4245 542
3394 4143 4526
2108 3658 1755
4287 4915 298
2928 2953 661
2379 2475 779
4058 4448 4734
2783 3345 4167
2654 4161 2946
937 3511 3149
1732 3143 4978
1898 3988 4076
2234 4093 686
3999 4912 1834
2099 4336 1234
3472 4231 3183
1056 2620 3126
2625 4095 1925
4351 4443 1012
3609 4588 3431
3331 3354 3106
4889 4973 2734
4436 4459 4807
4972 5000 1381
1847 4242 1759
1905 3241 4292
3311 4059 1091
1736 3018 1483
4282 4946 4323
3669 3773 3085
3433 3680 337
2404 3463 2083
1580 2667 762
249 2335 1480
4436 4854 4987
605 2362 336
3952 4756 278
1721 3470 2171
4849 4959 2414
467 2382 2660
1150 4699 2044
1022 4644 2174
3193 3971 2726
4059 4322 1715
269 1420 1092
4996 4999 3218
1659 2209 3216
884 4037 4715
1279 1807 283
967 1755 3781
3831 4616 3098
1964 4347 1045
714 2583 1388
4500 4807 2170
555 2800 3622
1697 2097 2405
4449 4540 2842
2308 3255 4655
1616 4732 2337
671 1941 2961
3658 4242 4016
4533 4839 4229
3330 4641 847
2305 4918 167
2175 3033 3472
648 4997 361
3723 3938 1154
2068 4028 1841
3848 4455 3509
3844 4896 3689
1740 3718 2649
3902 4268 2022
1763 3563 4932
2674 4376 661
2281 3134 4464
411 894 4209
931 4887 1462
4295 4887 3004
4319 4866 1873
2306 4622 2136
1261 1274 559
3011 3905 299
3916 4579 1725
3795 3943 3849
392 2205 3754
3772 4423 2349
3627 4999 574
496 4406 913
1846 4106 1053
1889 3641 1497
2853 3949 1363
914 3024 1167
4362 4592 4519
4407 4987 217
2842 4021 122
4523 4817 2139
4960 4981 430
532 4216 773
587 3305 2194
3334 4067 1318
844 3100 696
3316 3652 2273
2805 4700 2131
494 4341 4704
541 1959 3399
2157 4250 1834
675 777 3173
3072 4289 2870
4308 4451 2984
8 2696 4428
3743 3986 4265
3777 4463 2552
1986 3776 3702
4400 4819 4110
567 1423 2273
1093 3034 47
1413 2989 2926
4720 4862 1562
4410 4756 47
1536 4858 1703
2037 2685 1619
3341 4165 2005
4543 4655 1966
4549 4805 3606
1796 4837 2324
4291 4469 1824
3920 3989 1102
1727 2019 3553
1806 4089 613
833 2310 3339
2719 4531 4565
4460 4531 2598
4094 4770 1465
3797 3990 4392
1058 3809 835
1208 2720 4284
3863 4809 3479
4049 4231 4631
164 200 3755
3962 4205 3601
649 3838 2451
3268 3356 3116
1892 4309 4235
1270 1363 410
3529 4798 3502
168 2407 4168
392 1663 3394
1810 4866 3676
1712 3002 3955
4139 4854 1968
731 1169 1238
3973 4158 3924
4920 4927 2801
796 2333 4831
998 2696 1796
848 1414 2171
1085 3601 4480
2217 3932 2460
279 3538 3859
3497 3642 2134
1554 2625 1719
1147 1163 3380
1996 3593 2498
1342 4468 3221
3887 4332 899
2737 2954 4958
669 2220 3007
3494 4381 1455
992 3671 488
2007 3375 3498
3216 4942 1254
796 4242 1111
3736 4093 1631
1108 2508 2561
3937 4660 2197
886 3418 565
4062 4748 3839
3244 3425 1701
4981 4997 530
1562 3060 1480
2701 3670 4314
1767 4660 4222
2956 4957 4009
1478 1511 85
2989 3774 4609
31 1057 4003
594 4880 1912
1621 4072 2928
2179 3626 1464
400 3229 4793
4083 4668 4594
1638 2364 399
3548 3786 3625
1177 2783 4609
4128 4715 2869
3348 3554 589
1915 4097 4942
563 1630 1005
3509 4968 1219
245 2570 575
547 2962 1325
2760 4678 712
2626 2850 3469
1179 3470 1115
4034 4679 1803
2850 2892 4675
2213 4147 4465
4950 4982 4062
2279 3124 1626
1253 2495 4430
1769 3080 3320
2046 4197 173
4104 4484 3579
3344 3879 3029
4142 4580 3164
2684 4086 2964
2341 4903 4300
3123 3859 4966
4278 4913 3141
2339 2944 3681
1872 3406 2319
2266 4430 757
2450 4127 3032
3417 3597 4154
4946 4993 816
3684 4279 4190
596 1409 816
762 1144 4610
834 2775 1928
1270 2103 1885
2897 4593 3770
4018 4143 3562
2626 4887 2090
67 3428 4362
27 3717 2861
1173 1490 133
4053 4192 429
1949 3981 2487
1832 3675 1088
1101 3194 4360
3799 4714 4349
1713 1914 614
1758 4440 4064
2762 4058 1621
4733 4988 1058
1363 3068 3035
1558 2668 4119
2945 4020 2021
2233 3119 1330
95 1076 91
4081 4984 3637
1686 3800 1125
1805 4718 1091
3489 4472 2770
90 4739 4350
2512 4796 3059
125 4612 2107
1997 3067 4431
459 2916 1487
2088 3238 2657
1341 2268 3823
1213 4826 1132
1705 2175 4494
1186 4659 1348
1194 4816 4293
2711 2754 322
3559 4801 1866
1317 4759 232
1789 4692 992
4886 4949 1866
778 2752 397
781 2413 337
2811 4319 3825
3293 3503 4927
1659 2555 1085
1708 4919 176
4923 4929 2276
1607 3512 3244
948 4977 4392
636 3417 2054
2107 4377 2743
3544 3901 145
3906 4488 2122
3765 4688 2244
3792 4174 2721
4599 4935 1414
4932 4955 3525
193 1425 1997
3236 4351 599
2064 4308 2739
4729 4842 427
3862 4335 901
872 4148 2454
1202 3138 1895
3681 4453 1248
525 3651 3125
2379 3845 1779
890 1448 834
1000 1800 142
677 1973 4950
4853 4980 3009
1642 2470 3095
4359 4506 468
1262 2497 1877
2434 2466 3805
3286 4017 4791
1348 4609 4612
3071 4825 714
2100 3386 3008
1408 4427 2137
646 2608 1528
4984 4987 4735
4915 4936 4097
3203 4689 45
1419 4544 3151
909 4315 3100
3175 4131 2607
2142 3691 3840
3860 4318 1761
525 4266 4691
2043 2369 471
1851 2544 4071
4392 4483 1206
3841 4968 4182
148 3484 3542
3332 4933 3823
1871 3485 2735
88 4802 3182
3397 3909 4560
4544 4822 2176
3945 4798 3433
939 1907 318
469 3119 1698
4639 4830 3901
1087 1519 925
1622 3211 1541
2965 4631 738
4985 4986 3862
1551 3748 2811
4010 4553 1113
1810 3924 4275
3627 4349 2951
457 2431 1109
525 2982 4907
2773 4835 1029
1954 4887 4362
4784 4996 3397
97 1167 2582
3356 4820 1473
448 956 381
4589 4784 353
1032 2462 3092
532 4453 3924
4054 4590 4476
2216 3424 439
522 4697 1019
1186 3958 3093
582 1619 1800
2013 4598 4213
1314 1896 2159
4959 4974 1837
4144 4254 51
1159 2522 4664
736 1579 1566
4764 4789 4261
1938 1976 1077
677 4030 610
913 3544 2945
3113 4118 4425
4344 4907 4090
1558 3625 2991
3841 4221 1030
671 2091 4304
942 2711 4663
4283 4532 711
315 947 1613
1522 2550 4948
2118 2470 273
2821 3454 2734
3460 3782 1211
2839 4555 3634
3486 4357 2905
3580 3750 2283
734 3793 4996
2647 4494 133
4368 4606 4559
2693 3389 3123
3688 4261 417
3240 4595 4182
3087 4383 652
1340 4777 3955
146 4196 3516
1478 2851 1577
2629 4848 4425
3840 3933 877
3377 3968 2028
249 3510 755
29 2890 550
4329 4755 1319
1757 4448 3701
4881 4978 4003
158 2633 1532
3138 4136 3076
2715 4249 2550
1489 1597 4072
911 3981 170
3566 4691 4852
4438 4639 2322
4836 4882 3492
1686 2418 939
3330 4309 3833
774 3755 3625
1444 1447 1487
1849 2391 904
2430 3913 3202
2792 3527 3424
3046 3426 3213
3283 4707 778
3758 4147 3949
3143 4169 4603
3953 3988 2752
1518 2435 4312
550 4566 862
1357 3134 4676
3351 3561 2747
1799 4406 3607
3219 3750 4976
3073 3487 4381
2070 4887 1902
4836 4932 4276
1896 2450 2148
920 4918 1042
1 4862 1474
680 3251 2965
1848 4417 3107
3325 4552 4272
4374 4940 1459
1304 2123 110
2008 3582 2640
2756 4236 640
4421 4877 2957
350 2573 3678
407 893 1232
2870 3115 678
868 3764 2821
259 2005 925
3889 4709 2785
4496 4497 4892
344 1474 4781
1579 2274 2034
2465 3030 3671
3600 4287 1896
2088 3781 1638
2608 4403 2364
318 1044 1469
2071 2766 2411
329 1203 642
3719 3838 162
4832 4997 2305
1583 1849 2132
2896 4878 4220
3277 4722 1823
2964 3737 954
4850 4916 681
3072 4773 4698
1495 2542 3897
77 1906 3934
3255 3481 4561
2970 4093 1384
816 4715 3379
4141 4609 3656
4816 4893 3300
3424 4515 987
3402 3862 1395
2371 4355 2274
1880 4342 4074
4163 4858 3065
2187 3689 4261
2430 2954 838
1632 4146 1540
1882 2333 3096
2726 3921 4338
3342 4644 1355
2464 3888 40
452 4796 3231
882 1627 1764
4801 4809 15
76 2865 861
4213 4481 2689
2918 4923 4188
466 2627 4405
1864 2160 1802
2945 4994 3491
473 4369 4439
1676 4272 3431
4637 4936 1189
4249 4638 3122
1096 3457 2630
3134 3865 593
288 761 3135
649 2297 4603
914 3786 752
1250 1705 4691
2438 4840 2203
4238 4823 3879
3124 4965 1324
3539 3930 3030
3191 4401 2289
4194 4403 923
1188 2384 674
3631 4089 3794
4615 4924 1318
29 3255 3456
104 3580 2657
2481 4384 1358
2458 3299 2799
2999 3098 2658
1535 3861 114
1410 4830 4808
4903 4928 2308
2407 2572 3827
2768 3555 3233
950 4192 2659
3330 3831 1602
2573 3040 3495
1211 2054 1887
2102 3206 4067
1506 2630 3917
2090 3666 4600
612 2777 3542
1629 2032 534
4285 4360 1158
4678 4781 216
190 1310 1021
235 3497 554
656 3937 4022
231 1097 3543
364 2915 177
2826 2861 4341
3782 3782 1785
3720 4086 516
2883 3032 4072
1810 4633 4448
2034 4211 1999
1834 2956 1296
723 4698 4347
185 2840 876
36 3148 576
4145 4790 183
3066 3126 3922
4075 4362 3769
3774 3795 1625
3504 4411 4001
3963 4367 1779
2992 4384 2876
3436 4416 2843
2050 2867 1461
2026 3065 385
3389 4109 4452
3232 3884 4447
67 3255 2936
742 1640 3143
2540 3177 4501
918 2344 2832
1794 3197 2606
1416 3475 910
1474 4629 881
1793 4227 4156
558 1132 4218
1091 3429 1277
3938 4598 3914
4629 4756 4437
3403 4217 787
3722 4644 3744
1205 4467 1259
2963 4300 4852
1842 1992 3832
1645 4931 1805
1361 3145 1280
4790 4962 3716
1597 3698 2722
2665 3846 114
4036 4284 3938
713 4028 4953
3093 3557 4879
3694 3926 714
4193 4768 2585
2377 3702 2613
2009 3819 4336
2728 3175 889
2955 3459 410
3627 3720 3446
4715 4996 3532
4437 4596 45
341 689 539
4182 4562 2881
2357 3458 2580
2020 4254 3098
2916 4902 2843
3743 4451 4196
3965 4400 4421
1432 3610 1910
3675 4996 1802
2461 4223 2069
2032 2353 1865
3235 4387 1790
2470 4731 3634
1955 2522 2219
71 3975 3277
4594 4877 1004
3571 3739 232
4248 4547 1747
1853 2858 372
2474 3881 3523
4137 4936 3919
2287 2510 2355
4847 4877 2668
366 1855 3349
730 4909 285
4974 4998 4426
58 1155 2168
3472 3782 807
2947 3541 2006
4875 4975 569
2398 4273 2161
1328 3384 2785
2180 3123 3344
4131 4250 2972
1297 4993 4430
3217 3432 4838
679 1210 1647
3722 4747 4038
257 2075 3662
3046 4581 1500
7 418 2110
4026 4921 189
2401 2858 107
1373 3671 4443
442 3111 663
2112 2156 1961
929 4651 4265
1610 4614 1462
1587 1963 570
2534 3592 974
2036 3171 218
3954 4788 1585
2934 3191 574
3087 3990 3894
3054 4409 682
678 1056 3265
4038 4189 1219
2017 4372 103
2640 4041 1399
2748 4580 1042
4579 4888 2816
1815 4421 4255
497 1802 3945
2940 3689 1785
118 740 2391
469 1507 4780
2568 2763 683
2415 4362 4212
4833 4922 3463
4155 4235 1305
1099 4544 4970
1442 2583 2763
1207 1800 1318
4293 4901 2206
2073 3465 1831
303 371 1407
357 2629 4075
2260 2654 4668
3776 4471 4225
2050 3213 262
2847 4731 2250
1467 4688 4257
550 4442 3885
2111 3924 1082
2003 4412 3846
4201 4750 3391
2299 4752 964
3111 4472 4802
2703 2990 1573
4583 4946 4937
3916 4520 323
4226 4486 3097
1613 2214 4577
1161 1272 4724
1884 4057 2781
2197 4740 2508
550 2626 592
4023 4752 1076
412 4870 4478
3092 4526 4195
4496 4944 3975
1689 3550 4649
2255 4433 1229
1417 4495 1205
1372 3728 699
3913 4047 1251
2465 4031 1874
1570 3312 1382
3030 4957 2567
1556 4638 3263
4904 4984 2113
1027 4223 293
1684 4397 1596
4602 4973 3615
2419 2610 3698
1055 4792 3500
3513 4078 4545
1424 2161 2496
1397 2571 462
2506 4328 913
978 1395 4682
3526 4126 994
153 3669 2732
3198 3299 1216
372 4682 4767
1791 4255 4306
4428 4824 650
4075 4716 3888
3519 3593 2322
2568 4885 3288
571 2258 4266
1476 2080 3723
1147 3419 3100
2432 2634 1234
2042 2262 4866
4265 4480 2504
2636 4690 4258
115 3718 3557
3010 4974 3259
2346 3947 2395
2468 2862 718
3452 3917 1735
575 2565 3019
2821 3770 199
1552 2546 1901
3238 4379 4869
1777 2346 1302
1353 3543 3095
3861 4921 529
3188 4340 1370
1036 2242 3021
648 859 4282
3700 4331 539
4755 4919 2289
3350 4998 1596
2975 4616 2244
4 4421 3684
4430 4614 2811
414 3133 4720
225 4237 380
2716 3724 1778
2660 2830 947
3621 4582 4057
1551 3835 563
3200 4018 2417
1453 3491 3927
2606 3119 4941
4528 4759 1288
3789 4578 4740
1658 3695 1139
835 2556 2825
58 4965 1191
2150 4845 599
2439 2484 2531
2788 4479 4937
1361 1579 3028
1612 3871 4739
3638 3858 3491
1261 3345 4497
2288 3477 3360
4857 4957 3306
1964 4008 1188
675 3465 4064
4515 4600 2929
568 3947 2593
1670 2836 2040
4200 4670 1404
3193 3503 907
1850 2164 1160
3516 4154 2957
129 4379 2867
2880 3268 2648
3676 4427 4042
615 1483 1708
2250 4445 1675
4976 4980 762
1751 4098 4223
3202 3608 2477
4301 4386 4990
3338 4547 3420
3276 4603 1381
1376 2257 2667
4316 4567 4708
3435 4023 3773
4232 4613 4253
2568 4342 2330
2736 4266 4432
4974 4977 4491
3873 4135 4770
4824 4968 1382
1870 3777 1697
4536 4988 1903
800 4931 1090
991 4075 1088
72 1760 887
1514 2227 2941
4179 4213 3182
1786 1970 1009
1005 3134 3653
3094 3389 4409
123 2588 4110
1899 4253 2920
4867 4893 1713
3886 4619 4014
1021 1099 1548
2181 4753 4211
2645 4441 4556
2119 2172 1014
1662 4884 4150
4414 4833 4946
1051 2253 1839
4236 4786 3911
4465 4763 4600
3675 4790 3780
1201 3416 2106
1787 3956 84
147 1589 2882
2383 4564 1024
324 3213 3252
817 3436 2172
4935 4945 4902
63 4101 1397
3494 3874 822
100 4417 295
4831 4847 605
2457 3200 997
2333 3012 2581
1182 4301 698
367 1436 3977
2043 2549 3410
2997 4734 1341
2981 4985 1537
2889 4831 3502
1837 2213 2059
1266 3879 1029
2399 2459 4299
2788 2861 1246
2761 4826 612
4857 4969 18
1392 3694 3873
4304 4861 950
4214 4654 3011
1938 4607 3273
1439 1477 2841
3269 4197 97
880 4230 3193
2789 4501 2938
1020 3588 3080
1355 4455 2827
3799 3828 3627
1666 3119 4153
2307 4434 2597
2102 3965 3300
4366 4611 3584
1969 2221 3367
3605 4079 4197
2553 4723 2711
4655 4750 3839
813 2606 3919
3415 3712 630
678 4552 1592
3280 4656 3342
676 4695 1716
4414 4729 4231
1561 3866 4815
916 2522 4853
4210 4251 653
62 4938 923
4520 4899 1307
203 3035 1239
2660 3995 4726
1720 1986 4582
60 1527 4754
2685 3039 4026
1746 2756 1971
4657 4908 314
744 1870 736
467 4238 1558
334 4418 2505
3924 4853 3378
4540 4980 2491
467 3659 718
2537 4552 4938
205 2112 823
78 207 1422
3459 4643 1297
367 4919 939
3630 3676 2479
3480 3935 4304
2844 3237 4688
1606 3492 2751
1948 4795 732
3337 3633 2524
4523 4889 1755
1060 1278 1463
4415 4735 3542
2692 4249 4660
3549 3994 4270
3368 4649 1195
1641 2467 1608
596 4419 4501
3218 3875 2036
4973 4984 3811
4589 4734 4830
783 3803 60
2553 4084 3467
2237 3629 2840
2097 2687 1448
1413 4046 1422
913 1982 45
4741 4905 1575
3993 4308 2960
1379 2657 3775
3480 3719 4400
1418 1909 743
2998 4570 2229
201 439 3978
1832 3913 4631
2157 3769 2667
1758 4877 1112
4961 4975 590
3065 3390 3529
3306 4172 2006
801 2188 3659
2013 2372 1464
483 1785 4591
3284 4866 975
1282 3863 1666
2147 4870 239
423 4877 420
4802 4840 813
102 4379 3692
1350 4365 4513
3513 3878 3648
1056 4703 4789
4288 4571 2444
1652 4089 769
3366 3817 891
1471 3815 2230
4326 4497 221
851 1087 4114
4753 4828 3232
3347 3402 2888
3983 4682 2264
3071 4785 2043
125 3965 2828
4179 4505 3713
4685 4868 2318
107 113 3217
632 4173 1490
3933 4670 2884
180 889 2629
3737 3853 2123
794 4898 3199
4393 4468 2316
2824 4022 4617
2711 4950 380
526 593 1098
2351 2647 310
960 4793 3902
3210 3633 532
3561 4818 4515
4036 4763 4877
3288 4421 1635
1534 1586 3706
4437 4496 3918
986 2867 4918
350 1978 2368
3768 4389 2133
1654 3963 8
4555 4803 3202
553 1149 4346
2125 3176 4366
1533 3465 2603
2180 4597 3887
59 2927 458
4449 4878 3610
3455 4345 2428
4452 4792 294
1828 3930 3037
559 4935 2026
3022 3691 3354
4464 4492 3702
1075 4089 981
4969 4997 3649
1917 4657 4976
4232 4542 4567
154 345 981
3158 3438 3538
4621 4711 3840
4620 4944 659
1643 3955 1030
3960 4711 812
1024 2673 1778
2812 2839 138
788 2063 2817
3150 4608 822
2050 2532 735
220 1999 1182
4497 4700 2990
3930 4653 2894
2537 4549 1537
1761 2520 2177
3106 4447 2501
1276 2135 2254
1278 3142 1971
419 1787 1712
3586 4073 1282
439 4263 49
4728 4883 3536
3583 4390 3704
4879 4964 423
4985 4989 2273
3031 3511 4220
909 4080 1918
2709 3426 2566
275 2013 4898
1588 2095 4718
420 1270 1698
3009 3241 2321
3843 4741 1350
2984 3050 4201
3068 4438 3435
3699 4652 1953
2476 3292 2965
4863 4942 517
3079 4915 4465
1311 2568 1591
263 2914 2155
876 2662 2565
898 3930 944
1197 4165 4134
2967 3153 2140
3391 4059 204
3196 3919 3623
4383 4774 3802
3167 4664 190
3539 4814 3348
4384 4405 4789
2349 3033 288
1458 4027 4529
4621 4721 1315
3375 3398 597
2672 3194 3287
3126 3404 4963
4289 4783 2108
4071 4970 3789
3857 4328 1798
4621 4881 2884
1031 3146 4400
3498 4149 4104
3955 4152 3502
3684 4853 3247
3502 3950 19
3631 3760 2647
1083 3085 1387
1057 1140 4781
3550 4301 903
3168 3505 1980
4284 4546 422
658 2367 854
3602 4504 3833
1886 2684 2922
3127 4582 1058
159 4808 1857
4021 4179 3234
3381 3939 1877
3113 4072 2882
3955 4978 936
980 4007 4834
3773 4054 2192
2103 4429 2289
4346 4585 1000
3164 3888 3849
2396 3269 2848
801 2162 3464
3323 3611 2278
4990 4999 4311
4423 4510 938
2938 4881 1178
363 3065 3110
677 1360 4099
4144 4969 4499
1533 4575 351
17 2366 4337
4083 4133 4225
3140 4019 4873
3754 4916 4071
1792 4007 2046
161 804 1848
4516 4616 2178
4654 4992 637
564 1023 3035
2999 4804 2497
4349 4474 4780
3171 3196 3816
164 1959 3283
2704 4140 398
3322 4774 511
2857 3798 1374
2900 2919 3315
3564 3825 3344
578 1956 1799
2250 3170 384
1083 4899 3758
4267 4927 1509
732 3412 2377
1661 4878 2879
1665 4429 3362
1783 3079 3071
264 2615 1097
188 2889 1125
2794 2879 2778
309 904 3526
1382 2682 2595
1884 4482 2536
4389 4682 2213
4837 4933 243
105 3569 3945
1552 2486 1248
373 4698 2256
84 382 4972
859 2649 143
440 4934 3820
2739 2829 1137
4596 4788 3602
2507 3613 281
53 1035 4782
1409 3354 1898
193 861 2398
743 2155 4422
4019 4409 4568
4606 4834 3019
4830 4980 4121
2100 2493 500
779 2021 4885
771 2581 2918
4999 5000 2428
2465 3349 1455
2305 3094 2430
2416 2986 1448
3064 4660 1099
1840 1954 2348
2595 2784 2821
992 2725 2883
4783 4948 3415
2326 3075 1358
2873 4441 2710
1114 1595 306
4551 4592 3342
798 3364 1306
2607 3483 2038
476 2566 2224
1722 4284 2968
4227 4916 2141
4269 4401 3519
1262 2049 3175
3896 4702 252
295 4005 1846
3853 4928 2335
426 3867 1180
842 4192 4715
4230 4470 2541
3775 4206 4899
1487 1785 4321
4835 4914 2411
1682 2801 1299
1643 4171 3446
1852 4451 4443
1979 2950 681
160 2237 1659
3219 3870 2796
857 4973 2258
2640 4936 906
123 1390 325
342 1073 2546
4243 4726 2209
2382 4631 3252
747 1619 927
982 4801 2621
2449 4427 451
3663 4356 4156
1301 2509 4238
2681 2768 3662
1988 4852 1507
297 4508 1186
2074 3130 3098
3176 4500 2129
1135 3312 3232
4441 4611 1135
4212 4387 4454
4825 4867 1733
1899 3559 4354
3871 4261 1689
2350 4730 2097
200 4456 2184
1478 2347 297
1516 4464 3992
4104 4210 15
269 625 2859
4540 4964 367
2127 4428 1525
1018 3180 2457
1913 4229 3716
4336 4925 2203
832 3991 716
4552 4683 230
1618 4267 3308
1749 2560 1638
3759 4774 4867
3519 4117 975
4945 4991 2072
3702 4168 332
4939 4971 4955
12 3527 4319
480 4569 1078
4362 4473 2263
4193 4674 4657
158 3382 3391
2649 2951 569
3154 4183 2119
1244 2726 2312
598 2080 3143
4260 4876 447
2345 4622 2630
3210 3934 1587
1107 4474 1751
1631 4584 2293
3140 4092 521
3238 3939 3185
3307 4474 1091
141 3263 2756
4772 4936 829
3465 4723 954
1801 2933 1347
4370 4497 2420
3058 4249 3271
376 4777 243
2406 4552 4158
1347 4013 3361
2579 2646 2962
4888 4923 590
1210 1973 3473
561 4751 148
4 4495 1669
4812 4834 723
2727 3142 4883
2033 3625 252
2672 4265 4500
3561 4055 518
3470 3841 2870
3835 4437 2908
1076 1374 3408
4118 4244 2183
4092 4974 3657
4078 4249 1065
998 3594 2110
915 4460 2834
101 4497 416
2284 3866 2180
1271 3118 3379
3570 4479 2673
3575 4840 4618
3127 4883 3653
4021 4960 2411
1186 4932 846
2485 2544 4786
1736 3399 2701
199 259 283
3484 4694 4594
1638 4034 1529
1575 4368 815
2646 4780 1778
3611 4484 3906
3808 4400 770
3286 4863 3341
4257 4270 2786
4658 4858 1730
2216 4324 2205
4540 4662 2088
1280 3099 280
1635 4899 28
2790 4782 1300
1498 4212 4416
3479 4915 185
1610 4694 920
3201 4197 2817
2924 3885 2057
3376 4588 683
3380 3387 452
4170 4381 3754
2111 2554 3145
613 1971 2128
242 2805 4009
3465 3481 1099
476 3655 3310
3346 3453 2368
570 2582 3254
3054 3835 2917
3395 4671 2455
3856 4358 2726
4956 4962 743
2694 4163 1451
4334 4441 3495
1644 4715 3402
1624 4964 1300
2637 2854 3951
137 4824 106
496 3298 2207
913 4670 2530
3017 3167 4528
4272 4992 718
4377 4979 1484
3896 4797 3198
4236 4281 3258
4047 4729 55
495 1368 2826
932 2816 3588
2832 4458 3758
1696 2713 3289
175 1562 3796
376 472 2305
4894 4894 3378
793 1874 4271
1934 3032 4673
2445 4185 4389
3658 3980 3633
4861 4931 3169
3588 3603 4964
4151 4172 417
3024 4272 825
2162 4476 3582
1055 3243 535
3265 4206 2323
3415 4293 1314
3447 4683 1889
3525 3756 1485
4512 4656 3598
3078 3269 2066
758 1394 3042
48 1727 94
3026 4386 1953
2890 3845 1892
2016 3175 2047
1489 2385 3346
2696 3941 3031
4641 4977 3182
4034 4310 1948
1783 2647 1100
3158 4121 674
4020 4815 860
746 3331 4116
953 3671 2158
3003 4308 3980
674 1892 1392
4514 4795 4078
3916 4625 3549
1999 4730 1803
1526 2719 4585
910 4899 953
3646 4062 28
3700 4142 2891
278 2007 4570
4541 4550 2686
2644 3407 2746
1749 2731 716
4207 4837 4930
1947 3194 2575
1691 4594 929
2998 4958 4004
4218 4942 3772
1927 4907 1969
4154 4411 648
2120 2811 359
2640 4430 1536
3985 4981 2907
2166 2210 317
4313 4502 1346
2022 4286 1027
1758 3699 3851
3747 4297 518
2587 2744 3832
3902 4726 2876
2597 3458 4643
4955 4961 112
113 2197 2521
3702 4465 3012
2521 4793 1226
49 3229 2976
508 3455 3701
942 1508 3281
4512 4513 906
2604 2807 4362
291 1269 2737
101 3771 1070
329 1161 3584
4749 4832 735
2738 2830 3624
2616 3274 4709
4794 4950 2069
962 3140 3352
1781 3507 2234
719 735 2563
3434 4020 4795
3057 3794 3840
4845 4949 2580
4741 4768 4337
407 2416 1584
3910 4881 2483
4752 4898 3733
799 3701 4616
2663 4888 1683
2182 4752 2588
3270 4891 1955
4345 4803 798
2609 3003 604
254 4892 1847
3106 4856 1195
839 3271 1959
1131 4213 4691
3778 4518 3694
1632 4842 941
4495 4813 2941
1214 3736 194
4265 4909 3420
451 2116 2477
1225 3680 3949
1399 4493 4483
1597 3322 3406
277 4966 4406
3215 3222 2189
4248 4268 943
737 4869 1748
895 2499 78
1871 2503 3823
276 303 1120
600 852 202
996 3688 5000
3299 3681 424
1903 2142 4571
5000 5000 4696
3490 3756 2682
2561 2899 2787
2523 4118 4485
