5000 5000
405 1037 1882
3144 4703 423
2048 3828 1155
451 3329 3500
4956 4980 4066
1830 4581 4356
501 3613 987
2352 4193 578
609 3202 4563
4523 4705 1555
3639 3811 4795
384 2929 4019
209 4896 3102
3252 4344 3304
621 4978 1882
1509 3349 1025
3858 4179 4756
3073 3984 128
2787 3367 2576
1023 4473 1418
2586 3726 826
4467 4971 4749
1881 4935 4258
3767 4442 3422
2479 4478 1355
4145 4983 1351
3708 3803 4838
2013 2814 2081
105 4387 1051
4820 4842 302
1846 3986 69
1126 3987 3261
4667 4974 3617
742 2202 1238
1153 4868 1842
1525 4297 3980
3726 4114 1015
3024 3884 493
2099 4001 1883
3794 4095 2048
781 2225 2021
3154 4427 3389
2159 3125 3906
1498 1533 4909
4979 4988 1022
704 1250 2154
3605 4911 3126
3913 4442 1700
4383 4523 2344
4665 4838 2535
251 2020 3139
1733 3957 1825
39 2248 1920
766 3164 2013
2698 3619 430
2255 4397 4233
1094 4043 4033
4712 4734 3026
2573 4009 364
164 2712 514
3611 4606 2769
2460 3210 670
4733 4985 3447
2884 3704 702
2655 3801 3992
2951 4725 2367
4810 4957 4962
4459 4761 9
4534 4683 3217
2020 2159 2252
1472 4403 995
230 4690 4461
2802 4031 1091
299 1934 812
67 4756 864
2518 3856 2161
1859 2664 2053
2736 4319 229
322 1136 1221
4476 4486 4917
4998 4999 2728
3966 4358 2345
165 2987 621
2490 3902 2362
1044 3599 3802
3734 4007 91
990 1793 1162
3245 4052 3856
4792 4983 2188
724 1287 2496
843 1857 4854
1368 2585 3277
3845 4817 1253
4621 4796 1513
3560 3904 1730
4222 4580 4935
204 3997 30
4887 4925 3154
4529 4682 369
3360 4726 4063
3671 4209 2682
1320 3268 2356
3876 4912 2486
2877 4359 592
1211 4137 494
3377 4906 661
1876 3700 1484
2609 4598 939
1072 4379 2381
522 4704 4498
4153 4357 895
2185 4521 2765
3938 4691 3843
142 2119 1163
1942 2567 594
4205 4836 644
3255 3558 2841
3038 3720 1838
4426 4489 477
3676 3689 793
3517 3665 300
1735 4533 4307
2123 4186 2501
915 2510 3660
4441 4455 2561
3657 3978 4927
126 3951 4005
4778 4976 4893
2120 3817 3189
2081 2222 2040
3266 3944 84
870 2405 3871
830 3210 4630
2729 4649 4545
4601 4786 4981
4411 4413 4591
2409 2858 495
818 2363 191
4502 4761 731
1156 1241 4795
1852 1969 2532
1941 2965 1775
1381 2731 2348
964 3079 1882
338 3374 2949
550 3419 2367
3248 3809 1150
2879 3461 3647
3433 3869 4332
305 3343 42
258 1334 652
241 3512 2909
3933 4070 4378
1677 2512 1822
1506 4497 4729
1421 4945 1630
2827 4993 1823
212 4285 2387
3655 4926 3257
564 4029 4364
4037 4183 844
3254 3922 452
457 4554 3380
3699 4047 1607
3605 4014 2853
4945 4994 1695
921 4104 3928
4192 4907 4530
393 3212 244
4228 4985 752
2026 3691 3713
4079 4504 977
4060 4915 2094
2454 2863 2977
45 2308 721
2765 4215 493
3644 4888 1047
3216 4651 3978
2651 4925 136
219 4540 4728
3566 3607 385
1563 1636 4949
2535 4018 2798
2347 4904 2081
333 1855 1212
3298 3935 306
2110 3421 727
1637 4056 4136
1329 3884 2351
4139 4720 2781
3340 4046 3824
106 2989 4978
878 2349 403
2023 2642 828
2809 4640 1794
2072 4646 951
1374 2779 386
660 4029 4628
1048 1719 1366
4921 4953 3155
4263 4310 111
2891 3732 413
2201 3512 2960
1777 3680 3983
3941 4524 771
4409 4583 2995
3021 4530 1175
2565 4205 3200
4306 4320 1511
695 3082 46
1170 3784 1765
4706 4847 4194
2787 4308 1830
3440 3537 4250
1654 2936 3360
1425 4206 2173
2384 3275 2594
2089 3900 2334
4099 4333 864
1559 4548 1035
2988 3473 2767
46 4792 1069
4098 4509 1879
2336 3095 4311
4589 4591 2010
1428 4301 343
1727 2369 1236
3103 3986 2799
2283 4081 784
3076 4838 1400
764 3432 4238
746 805 2418
3897 4228 4176
2582 4143 4038
4894 4956 2950
252 2540 283
3229 4454 4168
1887 2358 1148
3970 4060 2362
4818 4964 4783
4291 4983 629
1182 2748 2276
413 847 4286
1921 4161 148
3091 3170 3362
3070 4402 1503
2672 4289 4478
725 3397 1739
3554 4480 508
1330 3832 3448
210 4516 2524
2479 3339 3855
2192 2427 1874
4011 4775 4608
4710 4828 487
1731 4115 1554
1799 2579 4918
329 3268 3602
923 4062 1388
1119 3830 237
977 4810 2057
1101 1651 3412
4622 4655 780
2206 3876 568
246 438 4076
4238 4772 4518
4720 4848 2994
1534 3728 2188
3097 4451 1622
595 3335 2793
3071 4668 3500
918 4226 3897
713 2946 3549
938 2520 872
2186 2883 753
2313 2510 1796
3240 4954 1600
4559 4757 60
1842 4286 1591
4704 4831 2105
1935 3218 2406
1750 2406 591
490 2691 564
391 3654 4440
4877 4995 552
3502 4209 3704
2984 3093 1639
2620 4610 4596
3133 3557 2656
4392 4950 3405
2616 4402 4508
855 4871 4749
1223 4375 3352
1564 2264 327
3365 4873 3035
2803 4079 4573
1322 1811 2943
2782 2819 4173
3337 4642 3982
17 4888 409
419 2879 1327
3579 4522 4320
1558 4902 3736
2169 4411 1033
1784 4888 3822
3398 3445 4438
3582 4144 3910
1438 1541 4904
2787 3788 1318
2485 3053 3485
3715 3932 4088
550 4236 2342
443 3505 333
2639 3915 1732
4297 4948 2134
241 1237 2743
3409 3775 1754
622 2173 403
1417 2398 3653
2113 2360 2687
4127 4584 2060
4091 4884 993
1884 2656 221
4808 4894 1208
3469 4890 4005
1830 2725 1831
1728 2062 2476
2511 4195 200
4466 4943 3965
1805 2091 3947
2157 3799 4411
2159 3989 1525
1547 4758 3948
2652 4778 84
1481 4309 2496
1889 3315 4699
1805 4352 1612
2968 3137 2199
1251 4689 1412
95 1454 4193
2767 3918 3692
4073 4480 2352
1963 2778 1623
2057 2324 4765
2372 3508 125
1249 1943 1791
3975 4158 4395
1119 2249 3985
48 1776 717
3354 4965 565
2605 3250 1837
4336 4937 2607
1922 4092 1011
4302 4854 2631
4895 4925 3757
495 1462 1910
1176 3829 3792
2380 4174 3271
1218 1913 4491
1258 2317 3570
3647 4284 1205
4431 4840 3713
33 2759 4832
697 3592 1492
3030 4454 4640
4411 4475 74
553 675 2341
4588 4985 3048
1622 2986 4780
2809 3212 1477
836 2011 1466
4266 4839 4977
2277 4796 530
3804 4978 2207
2143 4389 1736
1816 4627 2062
4926 4948 896
4068 4391 842
3742 4821 164
3681 4317 4963
3323 3544 3172
372 838 1373
8 1222 5000
1237 4462 4683
4035 4399 4012
1817 4052 641
4451 4562 4398
999 2354 2849
3217 4435 732
2618 4541 1686
1814 4839 3481
4825 4972 2664
3171 4622 2440
2955 3480 4562
109 3968 4731
42 4906 2105
4987 4990 4632
2153 3456 3787
2832 3016 4208
1971 4282 2777
529 3872 821
3132 3156 2803
591 2755 2426
328 2990 2621
1813 2673 3906
298 1726 3992
3333 4148 329
1703 2704 3996
2840 4742 870
4338 4891 950
850 4282 2162
1899 1932 1811
4764 4861 3055
2368 4434 2715
865 4260 4971
4264 4624 3311
2363 4208 4277
1446 3763 1105
4361 4639 3565
3434 3508 4967
4357 4719 2717
3571 4690 698
2203 2811 3091
1622 4386 4835
1992 2646 1229
3456 3807 998
4639 4850 3142
2555 4365 1874
4881 4995 1565
2895 3170 4642
219 3886 1033
1106 1383 3612
3247 4759 2789
3315 4125 580
669 3880 807
2759 3518 1126
4418 4808 2469
1966 3331 2863
841 2352 4987
853 2884 2306
2741 4907 1640
776 4678 2665
4189 4884 383
43 3691 3461
2220 2743 3928
4184 4422 3655
3770 4031 1178
1193 4993 2355
978 3906 112
1731 3769 4542
976 3709 4983
4826 4965 863
2574 4900 1920
4241 4613 1937
3290 3702 141
4393 4402 1986
2126 3101 3622
2330 3367 3094
3650 4200 253
2764 3743 839
2320 2582 2661
1595 3395 3649
3183 4772 2502
1856 4347 1464
67 1651 2910
2076 2525 4866
3798 3922 4663
1704 2058 692
4779 4887 3148
1923 4292 4187
311 1501 3507
4039 4882 2086
4715 4911 4831
1994 4334 4294
4097 4710 120
4502 4550 165
2134 3334 616
3178 3292 4063
1105 4529 1282
3745 3772 2673
689 4686 265
3906 4663 4133
1602 2392 2478
269 604 4698
2304 4503 4678
4792 4995 4361
592 1365 4135
443 2525 3248
1256 2011 2734
751 2791 371
330 2405 4636
3257 4214 2839
775 841 2578
852 2901 4923
1182 1600 3833
1045 4989 3031
3352 4796 693
2930 3966 2122
4625 4923 2295
3481 4619 4299
2354 4160 3135
2525 2642 4534
1726 4348 411
3816 4424 2068
660 4442 352
3228 4510 2243
2954 4049 4022
3046 4423 3292
1882 2598 1054
87 3592 1205
4977 4995 1628
1521 3826 3921
2579 3770 3175
3041 3443 1803
4738 4872 3165
3938 4563 1009
504 1486 2723
2740 4801 198
4308 4539 4823
4174 4410 2874
4667 4827 2189
4901 4992 2041
3681 4375 2339
485 1413 3741
985 2268 3440
2087 4579 1277
4063 4162 49
279 3982 138
488 3713 3416
2960 4523 1194
4700 4706 3592
1495 2624 1129
4512 4800 1185
103 4082 3418
3170 4499 4701
2606 2634 4696
2664 4907 4617
1401 3802 4049
2350 2855 432
3019 4031 346
2600 3611 1460
3506 4311 4083
2466 2736 3779
4476 4738 3315
2595 4498 3273
2315 3493 876
1739 2111 4534
396 1898 3353
2932 3514 10
1188 4407 3288
3118 4102 4960
4444 4845 787
3933 4053 4471
2027 2847 3430
3163 3409 2742
1785 2989 3869
4930 4955 198
781 3533 707
3204 4868 2179
381 3530 1885
315 1118 1883
3653 3992 3441
93 4104 178
4925 4978 240
1146 4238 4209
4118 4258 3452
2998 3214 4307
4745 4987 1572
3753 4392 4749
1705 2698 1496
625 2658 3791
1642 4530 277
2738 3648 4161
4821 4855 1320
4236 4392 907
4360 4534 2186
592 3265 2143
4405 4417 74
4168 4617 2838
3873 4240 1347
2081 2552 1840
1029 1720 100
3301 4739 2443
1600 3100 2845
2952 3186 1065
3352 3648 4695
826 1832 4975
2226 3345 3869
3013 4786 3783
4320 4497 3980
4269 4311 4646
422 2492 1962
558 4087 2863
2565 4669 140
1584 4002 2195
292 3325 311
120 2445 2488
2481 4817 4046
2974 3779 3580
2271 4406 4234
4232 4625 2374
238 4287 302
1190 3244 4887
3520 3714 2191
2008 4468 1489
3773 4846 2030
281 2723 4245
2298 4810 2857
1832 4912 4021
3657 4749 1097
1053 2616 2250
4679 4896 2157
513 1084 927
3469 4290 824
842 2167 1002
575 3869 442
81 1037 4386
2059 2126 1663
1882 2018 1081
1429 4691 4027
2134 2343 4935
3410 4535 274
1116 3635 1201
4976 4997 4407
3733 4937 3493
3080 4219 3989
4826 4974 4937
498 3298 1226
301 739 843
272 322 3904
1391 4007 4928
1975 3394 1711
23 4625 3489
2081 4309 1758
1995 2868 558
1316 2951 608
22 4651 2460
2603 3814 3579
467 716 1510
688 1630 3888
293 1895 4526
4945 5000 4914
4262 4680 1946
2268 2819 1621
3848 4889 3382
3579 3969 4904
4773 4791 1524
1987 2399 2170
4003 4086 4579
4370 4554 674
2126 4811 1057
456 3231 3817
340 4071 915
72 1358 1176
3422 4950 2917
491 4333 151
1518 4169 2089
50 1235 327
810 2591 1454
1133 1342 835
2723 3853 3445
1094 4698 3495
3710 4693 3663
115 2999 759
4889 4986 3384
1866 2201 1073
1978 4342 3804
3528 4477 3482
2215 4130 158
2268 2770 1962
2776 3377 922
4452 4908 4899
2487 2759 4146
4165 4786 1345
1718 4261 2429
1631 2233 154
2679 4724 4238
649 4677 4331
106 4406 1275
2510 3495 4902
2754 3510 1686
3979 4432 785
1832 1920 745
157 2589 1017
1722 3286 2064
4340 4924 826
2810 3794 493
3187 4948 1787
2235 2296 1764
990 2546 1989
1551 4927 4141
2435 2674 4974
1127 2439 2159
938 3725 418
1376 4228 1180
3035 3861 891
2054 2275 4989
203 1670 1479
3541 3811 650
323 3270 3944
75 4439 181
1666 4002 47
4011 4856 1101
2041 2353 2514
3119 4047 4524
2230 2387 2937
1955 3893 3662
3492 4220 2625
4436 4969 2047
1177 1977 4169
2963 3674 3711
1066 4847 1174
1634 3906 2102
3365 3962 2189
4567 4642 3064
2590 4944 297
1666 2762 1802
3175 3394 1086
2900 3351 4643
897 3327 4646
1789 4906 3282
994 3413 2720
4358 4413 1463
4959 4981 433
1430 1902 2239
2639 2927 1093
288 2639 4475
2515 3213 756
1871 4367 3797
1889 4345 134
234 1800 2331
3062 4468 929
1983 4542 1136
1508 2594 2558
4957 4973 3366
4668 4845 3835
444 4155 3985
3296 4251 3496
394 3633 1310
3329 4637 2324
4205 4860 558
4213 4323 2802
532 2787 2693
4476 4519 2617
3240 4472 1570
3198 3664 3696
4509 4513 4488
2863 4389 1410
3135 3577 11
902 2007 2989
4250 4871 231
3375 3380 4893
3020 4982 113
4025 4200 1482
2735 4504 4839
208 1777 4098
1819 3668 3174
2097 2570 1673
4939 4999 2227
3431 4846 3931
30 3957 2277
4382 4419 4362
857 1845 4475
4746 4785 266
3085 3493 302
3313 4695 3602
3649 4008 2722
3621 4952 2866
1488 2671 96
3599 4114 2532
2573 4174 1913
3503 3716 1443
4749 4756 4402
2935 3157 1041
4886 4935 76
1930 3991 3926
1939 1998 4130
432 4703 2316
754 3246 693
3501 3595 3353
4907 4988 1651
4208 4274 2022
1698 1853 1292
4441 4777 937
2467 2696 3843
3949 4018 3740
1346 2936 4144
4738 4928 4137
4243 4276 3266
507 2530 1854
760 3240 2537
4074 4487 967
2703 4771 642
2208 4395 69
1085 2172 1647
2260 2320 4744
3944 4892 1075
4295 4750 2576
686 4281 3911
4632 4673 1894
1701 4625 410
3960 4712 2622
3371 4560 2816
2730 3374 351
4166 4842 390
878 2001 3163
2354 4367 3997
2231 3610 56
3116 3442 989
3015 3783 4688
2010 2082 1394
3787 4605 3005
3374 3751 3420
407 3727 4983
3542 4831 4292
1892 1983 2938
3209 3461 3372
3065 4663 3499
690 4309 3662
760 2695 781
642 1943 2431
3659 4784 19
1281 3479 881
3221 3739 1760
2499 4844 1693
4684 4692 1418
2455 3538 144
3570 4493 3522
4900 4966 1353
2838 4245 1882
4687 4716 2842
21 4665 4021
2640 4227 921
3510 4200 897
253 4141 4136
1363 2567 4041
3531 4108 2007
1773 3304 2251
551 2046 4826
1420 3049 2970
814 4707 2842
1890 4338 1436
3377 3776 324
1355 4143 1440
1442 4883 2146
4534 4975 1725
2707 3408 1935
4447 4731 329
1579 4957 4911
4180 4554 4738
2653 2739 1094
3952 4363 2729
2857 3631 4186
2088 3553 2790
4079 4327 3310
61 4457 480
987 4998 3086
3878 4641 2853
4050 4749 2611
3155 3921 4953
4088 4238 842
660 3564 1171
1264 4396 1731
2436 3363 3850
1625 3214 1816
3305 3458 3900
3392 3404 3180
326 2316 1092
3918 4077 3122
2905 3820 3070
4166 4435 2625
4821 4837 3434
3516 4865 3254
919 2749 4924
1009 4300 719
2514 4249 446
3133 3605 2463
2055 2776 414
3441 4664 2723
186 3453 1077
3565 3742 1744
4699 4699 2809
553 1430 1926
1704 1713 4250
4506 4534 3281
3890 4694 4936
2192 3518 1857
1557 4113 2565
880 4554 2394
1746 4700 1247
4548 4880 1379
3118 4679 725
3090 3748 2694
2262 3248 4464
3651 3680 1373
419 3414 1530
3677 4203 2731
1591 2433 2133
3280 4322 3151
3775 4849 4861
3706 4555 1424
2616 3140 4560
3124 3449 671
3462 3800 4799
4221 4488 3391
4220 4525 1949
3856 4372 4004
1300 1680 10
4616 4837 3479
3587 4661 2292
2541 3227 1558
2145 4991 2637
648 3018 2978
4875 4989 1242
3726 4198 3279
1965 3280 7
4357 4605 3047
757 4757 3533
1283 4691 4488
4986 4986 1409
3322 4825 4125
2641 4249 4144
1138 4704 2532
3943 4037 4123
246 1260 826
2431 2991 4101
1296 4467 1743
2034 2904 1668
860 3809 4698
2373 4331 4666
4761 4835 903
1135 4201 1183
691 3333 4515
4798 4909 637
3106 3385 477
4754 4794 4123
1335 1987 670
4970 4992 4828
1101 3235 4714
3488 3889 4561
2360 4444 2962
2697 4820 1247
4203 4563 3363
205 2850 1818
1096 4094 3667
4075 4524 579
1716 3677 2031
4262 4588 2537
4198 4281 3814
3480 4672 2513
54 2088 2349
3993 4330 2452
1950 3936 1575
861 2535 4138
3121 4701 1340
4356 4495 1023
2895 4858 2531
3828 4760 2817
3201 4516 3066
4914 4966 4578
395 920 2011
2937 4685 4139
860 1757 1463
4822 4982 1840
2048 3849 3380
2182 4038 712
498 4501 250
2789 3206 2771
2274 2894 4676
4497 4977 478
1353 3118 28
2277 4112 4024
2440 3310 918
3440 4975 3132
4707 4928 1040
3830 4249 36
3443 4412 1361
3870 4870 1157
1199 4461 1620
2637 3750 1398
2669 4052 363
3236 4745 3486
3643 3742 1585
4382 4711 2568
3036 3875 123
4996 4999 3010
2068 3239 3079
744 1367 2294
2046 3880 4230
80 4909 4568
860 3710 2357
2584 3972 193
103 3702 3453
2439 3465 2049
1262 3490 3668
3732 4038 4558
3692 4682 2382
1122 1398 245
807 1397 3250
2554 3264 3538
4528 4802 4807
4463 4465 847
4049 4697 604
3707 3764 3780
1340 3805 3370
1326 1666 3472
2663 4016 1251
2276 3964 3951
4013 4723 674
837 3638 1604
4030 4385 2222
2228 4150 41
4696 4839 3433
3172 4110 4400
4077 4668 3407
1762 4448 3305
4601 4926 2753
546 2528 4106
199 932 1416
3284 3485 489
1765 1891 1047
2900 3966 2592
1478 3119 2143
1088 2587 1975
2970 3308 1415
4390 4894 1489
3862 4909 384
2756 4656 3197
133 2339 1547
926 3353 3875
2853 4025 3943
3561 3621 249
4927 4958 4150
1611 2011 2642
2685 4094 1919
4985 4995 1479
3939 3997 3616
3062 4176 108
2132 2461 1909
2448 3606 3659
3333 4515 2832
758 2670 1187
575 4852 3444
1018 4678 58
852 2562 2926
2636 4650 15
2397 3818 759
2626 2639 3763
629 2099 4153
1952 2850 1009
4075 4158 2482
2313 4822 3342
944 4012 4387
49 1109 2206
4415 4749 2460
2259 3808 3690
1106 4614 3106
4851 4955 96
1671 3158 631
356 4901 612
2008 4303 4883
3136 4776 4149
901 4142 153
543 3566 462
21 1849 3476
2768 4714 3063
1000 4097 4942
738 2787 1541
4181 4421 2108
2712 4536 625
2714 3804 4739
4875 4939 2847
4483 4980 2360
2971 3724 1456
28 3986 2100
28 4116 864
2468 4229 1957
1626 4496 2113
4779 4915 2418
4450 4462 4647
4109 4408 2418
2600 3450 402
1373 4114 1812
1653 2385 1872
3367 3583 4723
23 3401 3965
3487 3788 756
1770 3990 3135
630 2761 1427
1176 2050 3624
4524 4686 3377
1250 3348 3083
388 4119 3287
3335 3386 2810
2778 4234 4182
563 2377 665
4923 4961 1228
184 674 3186
199 447 4870
3302 3594 1921
1705 3941 1176
2934 4140 4547
2765 4390 4037
4447 4653 3411
733 2163 3113
925 1943 1178
2766 4520 2680
4057 4123 95
1822 3661 2553
367 3750 1152
3526 4065 1401
2375 3920 3733
3130 3768 4361
495 3211 4074
3237 4383 4338
479 4121 3455
4908 4938 3030
2672 3582 1455
2752 4435 115
3590 4969 185
4289 4387 3318
1946 3319 2510
4192 4510 2473
4020 4837 1565
4531 4901 601
203 2618 86
3259 4841 2161
257 3180 695
2960 4266 4478
4396 4680 218
1483 1982 4689
2820 3302 677
2407 2448 2739
4100 4745 511
4463 4580 1092
3714 4368 4199
246 2118 4088
1283 2769 920
2365 4781 168
516 3205 4994
3253 3971 1984
4818 4832 4320
1039 2200 316
3877 4178 1989
2864 4191 4923
3034 3107 3525
548 2256 3529
259 2409 2897
653 1586 1070
4425 4539 116
1439 2429 52
3152 4674 4696
943 4341 3281
5 2588 508
2870 4028 1833
3329 4144 4947
2980 3445 4406
4091 4470 2268
4402 4704 1896
1115 1612 1424
2778 4435 532
2531 3388 2806
4941 4967 3155
892 3315 4263
1339 2272 760
1259 1750 4641
2231 2715 654
4857 4897 1554
4133 4441 225
1856 4281 4148
3672 4669 2404
3792 4327 4345
4940 4972 2128
1723 2184 3633
4072 4459 4035
1867 2258 927
459 1460 3023
2106 2648 3418
4223 4907 2301
15 2432 1292
3679 4551 572
961 4625 2690
108 385 4646
3258 4017 3861
4923 4999 4842
3375 4169 4942
4480 4720 114
2125 4447 3352
19 3200 2982
367 4576 4603
2514 2609 3201
3152 4306 4450
2906 4029 4819
3951 4008 4752
3640 4729 803
4271 4940 319
3026 4844 4207
930 3806 1595
341 4239 1154
3231 4121 3984
1754 2702 314
1153 2444 3181
2080 3949 3299
3189 4303 4604
4678 4804 2315
919 3422 2815
2733 4430 3620
2494 4062 4284
3609 3938 2296
332 4645 4900
3717 4306 1997
2331 4006 2679
1899 3299 369
1639 1806 2568
2881 4567 2686
1807 4780 2600
277 4243 3239
1240 2590 3667
378 463 1603
4649 4976 1779
1016 3995 18
4186 4690 699
2038 3524 3480
510 4879 3941
4396 4878 3100
2204 4959 3108
1235 4807 1247
4856 4931 547
1676 2923 4548
4308 4629 4735
2073 4687 4061
1211 3170 1481
3464 4850 2299
4061 4801 3404
219 2664 782
2007 2586 2462
3878 4328 2866
2619 3470 3184
2013 3901 4365
813 2822 1337
4724 4847 3145
3283 4646 1270
4015 4286 1021
2488 4536 1119
629 4485 1686
1307 3363 4595
81 2470 2016
2992 4600 3653
3397 3777 480
827 1048 4128
153 2385 3130
1782 2939 1368
108 4294 1245
2568 4023 2569
3101 4195 1847
1047 4920 3003
4907 4988 4959
170 3585 2281
3427 4620 2054
3419 4614 2026
1207 4565 3875
215 3993 4209
259 3215 2368
4584 4778 319
1195 4052 4251
1886 2437 1009
3701 4897 2332
3943 4821 3047
1932 3703 3095
3981 4438 2509
242 1601 4390
1978 2708 2721
1300 1910 2357
2628 4953 2506
3392 3755 2400
2050 3627 1677
1423 3309 614
3381 4068 121
3610 4061 586
1181 3687 1584
2251 4025 3539
2357 3631 543
1252 2799 4756
1102 4217 84
1070 4047 3463
1910 4891 114
3635 3673 2666
1973 3560 1698
4643 4751 2824
3683 4769 3440
2035 3804 3068
3575 4949 2923
4709 4768 1100
4321 4421 2459
764 4231 2735
286 1506 13
4921 4997 2590
4876 4880 183
1698 2996 4501
4386 4924 4220
3847 4536 4456
4874 4891 763
1176 2872 278
4939 4985 3811
238 322 4094
1270 4702 1599
2500 3879 4213
4049 4564 347
3593 4735 2976
4472 4627 4109
733 4154 4700
956 2487 4972
3946 4736 93
143 3161 4744
635 1844 2584
4002 4923 532
516 4025 3406
865 1687 4742
4861 4863 3587
3314 3925 966
4916 4966 3053
4166 4482 2409
2390 3894 3986
4127 4278 3422
4102 4722 1892
1449 4933 3446
2393 4454 966
2784 4394 419
2610 4951 247
4810 4988 2235
2867 3816 923
2063 4925 341
4690 4908 2477
409 2332 3465
916 2554 2016
2851 4853 2862
1519 2988 4187
2558 4538 2895
79 3764 3080
4629 4930 4041
4609 4695 1178
4791 4959 2569
4186 4550 22
1704 2513 660
4866 4953 4824
2642 4633 1043
76 1104 1750
4627 4641 467
4395 4716 4569
2218 3032 3242
4878 4917 2429
1523 3209 189
4123 4765 1122
764 3498 4781
4652 4751 442
3570 4101 2662
1695 2392 3273
192 1521 3387
1926 2062 3858
4546 4726 203
4366 4544 4856
2553 4861 3762
132 3549 1042
696 2941 3561
2799 3148 1697
348 414 4888
18 2284 3732
4412 4860 2978
4988 4991 3771
2316 2562 2388
3700 4650 2989
2338 3120 3044
4397 4602 4611
4414 4819 3871
2604 4447 4860
717 3457 981
4477 4946 3309
2698 3931 3149
3697 4042 1774
4727 4960 2619
2850 3096 4213
765 4066 212
833 1357 4410
4713 4779 1593
3269 3377 1432
1605 2414 3061
2504 4930 4493
4233 4936 4310
4498 4707 3824
4154 4401 1414
4627 4756 4143
4805 4832 4916
3053 3507 3008
3942 4481 3716
926 3044 1143
1277 2355 3863
3331 4930 1060
2509 4368 730
456 2812 1641
3324 3548 2659
44 4939 618
30 1636 3181
942 1208 3304
2003 4442 1426
3073 4812 1128
2306 4087 1461
4579 4838 3147
3723 4960 4209
1054 4320 866
748 3774 4348
590 1720 377
1844 3853 740
4463 4817 1618
2550 3763 3477
1621 3343 353
2288 3498 1037
4329 4999 2405
2078 2239 3078
4050 4670 619
524 3939 1283
582 3449 4535
950 3024 4641
2402 4615 1946
3466 3971 3896
3699 4936 3470
2044 4763 1522
1517 3571 2329
3094 3721 4779
4695 4853 902
3451 4273 1177
4850 4960 2643
591 4373 1545
952 1127 359
1867 4319 294
86 380 549
3524 4490 734
4497 4621 883
3322 4193 2668
470 964 4129
2557 3285 3750
2650 2866 4579
4567 4893 4422
1186 3970 4627
1544 3184 4031
1882 4908 3296
2465 4679 3838
1394 1960 3639
4496 4998 4181
4765 4913 4425
1076 1638 4279
1764 4286 37
840 2701 1474
1576 3160 4814
3754 4976 2045
763 4196 2525
1793 2457 3962
2792 3491 63
2424 3594 29
2360 4250 1021
752 4346 475
3519 4938 1628
2713 3045 1553
805 4818 3342
4343 4644 1386
4727 4734 284
4530 4652 568
2601 2621 3956
1202 2129 1794
3746 4382 1062
3183 3213 2034
1733 3788 1554
4020 4900 4729
2784 4537 1568
2309 3411 2684
579 4854 1773
2353 4248 3047
3024 3424 2325
2747 4904 1247
4053 4691 3033
4601 4812 2693
2978 4429 3251
1945 3348 3158
3456 4319 4160
4020 4181 4480
2642 2780 2584
2875 3065 2882
3728 3927 813
2226 4833 2280
2662 4647 4340
3854 4326 2146
113 2641 2215
2235 3250 401
4167 4377 4224
1919 4245 1282
285 728 3070
1865 4621 3011
2131 3835 1660
96 3189 3733
2127 3556 2278
1123 2551 78
362 621 3177
3642 4933 2772
4466 4867 2974
688 3160 3389
149 1685 2013
3153 3254 1346
4213 4952 3367
4292 4313 1990
419 3220 3323
544 703 4674
4868 4982 4590
1161 2034 2221
2247 2751 3846
1263 2485 439
501 2140 4401
3550 3550 4919
3823 4115 2309
3065 4798 4756
2461 3777 4712
3854 4195 4502
145 424 3386
1260 1692 953
350 4202 4317
63 218 1711
3953 4268 3442
667 3134 4343
4034 4516 3331
4497 4758 1657
4915 4944 1969
1975 2102 3166
316 4335 2140
1354 3287 4760
2164 3720 1926
4018 4440 2083
2712 4075 731
1580 3698 1317
3350 4899 3690
97 430 202
720 4449 1150
3211 3865 1634
1880 4706 202
2431 3672 3715
4301 4797 4826
1485 4533 2314
1467 3865 1562
2483 3182 4061
2837 3801 1665
452 659 890
2875 3042 1658
4926 4934 4722
1999 3776 2082
746 2381 2740
3292 4620 778
544 3455 4792
3697 4818 203
142 3807 52
1792 4844 3162
1389 4323 3505
1692 4510 2391
4750 4917 4859
726 2335 3212
4818 4879 968
4918 4974 3490
1914 2428 1307
1188 4482 3325
305 721 2505
4390 4555 1902
2938 4582 370
2344 3572 2570
4376 4676 4395
4735 4876 2377
4578 4681 143
4547 4875 3497
138 3657 2665
2327 4463 2198
1058 4646 814
753 4774 1907
4296 4371 2664
2963 4513 2587
4948 4975 2725
322 746 3444
569 4561 1910
4690 4890 1051
3510 4678 4413
1221 4426 2980
3028 3127 1120
4886 4944 4108
2328 4011 4506
2785 2995 641
2536 3245 1508
4439 4556 1485
2404 4773 228
2635 4970 1622
2276 4687 3170
1958 4831 1184
1004 4094 1458
3497 4479 2300
317 4520 1192
2204 3293 1542
277 444 755
4766 4916 4542
4867 4934 2034
1031 2272 2097
3103 3455 1912
2294 3033 1307
1499 4551 4088
2389 2442 2982
2124 4206 2607
2299 4601 4727
4826 4860 4418
2504 3676 4810
1585 2514 3397
1633 2566 1952
3416 4872 2367
531 2689 3359
2240 4249 167
1878 4538 2670
1654 3942 3192
2908 3311 1880
209 2393 3675
2474 2696 4521
2045 4039 643
898 4745 3447
3263 4039 3214
3709 4642 2217
2933 4007 3393
250 4767 3099
2554 4718 1033
953 3853 1787
1971 2911 1996
278 2280 4642
3603 3924 2388
2891 4475 1635
550 4224 4352
3138 4001 366
4465 4937 4508
2567 3849 4282
4204 4220 1262
4474 4999 4312
465 1942 354
1337 4900 2634
1697 4431 988
3239 3453 2678
1404 2476 847
4362 4669 1995
710 2214 3713
1524 2871 1028
1087 1205 1815
2870 3027 1428
1603 4772 424
1389 1994 237
4476 4911 1371
4486 4697 1824
163 2770 1720
2796 4291 4723
2124 4521 1130
1991 4944 960
3458 3589 1032
3905 4653 4381
4024 4449 1629
2700 3214 4722
21 798 3803
2009 2117 4729
67 3213 3000
499 2604 2885
859 2596 3482
2138 2160 1293
3635 4102 1053
1221 1489 395
1611 4790 2990
3030 4530 4786
3829 4394 139
2726 4498 897
1196 4050 3182
3469 3784 280
1667 3528 496
4432 4840 2211
4621 4995 1194
4097 4552 4438
4201 4726 288
4126 4697 2858
412 531 1092
2243 4857 27
4590 4998 3395
1690 4388 2960
498 3303 1802
3133 3294 741
2774 3099 3726
3920 4159 2764
1087 3154 3494
1315 3921 171
1995 3023 3436
3848 4784 3538
2907 4437 4519
4466 4663 2829
3209 3258 4943
4705 4946 2904
127 1073 1023
162 1784 2432
4602 4713 3721
838 2286 159
4980 4986 1210
765 4367 4328
578 2243 4283
3991 4774 1022
3047 3063 709
2922 3850 4457
534 4553 2489
3307 4864 4413
964 3634 4480
826 4771 2423
4130 4529 895
4843 4849 1670
2062 3500 255
479 1373 4324
2877 3837 2546
4354 4529 1660
2456 2967 1248
4698 4983 3720
2800 4648 1988
1382 3705 3322
3704 4636 257
1050 1487 1444
1582 3348 910
2369 2583 299
4112 4289 796
1772 3895 1576
2977 3461 2351
526 2137 2859
3119 4027 4364
3984 4560 2110
3549 3656 347
2494 2770 2271
946 1954 1493
4692 4785 42
887 3741 90
3012 3124 2654
2983 4796 3411
4925 4954 4452
4716 4964 2954
2054 4912 4765
2011 3966 4951
267 4821 3809
1639 3038 4019
636 2412 3054
3236 4410 540
1057 3418 2290
3622 4301 1695
1069 3282 1540
1492 1555 2885
3850 4166 317
1287 3505 3161
3072 3090 2676
3608 4122 1949
4879 4945 3936
2892 3649 979
491 1017 999
4256 4406 122
1044 1223 379
3750 4678 883
4429 4508 117
3413 3668 4343
194 2066 1195
2202 3969 4069
681 3665 3747
3408 4388 1870
606 2291 2127
53 1717 2120
4246 4531 3073
4949 4987 2895
3562 3599 1499
4952 4958 1478
4709 4974 3789
1713 4498 2452
3387 3654 274
2494 4967 3799
4121 4915 772
3266 4127 2672
2266 4039 418
1059 3045 2690
716 2214 1759
3855 3959 4470
4236 4388 3817
2541 3084 57
753 2035 2210
721 4531 4821
1042 3590 2001
2676 3373 389
1940 3570 4418
3369 3521 1904
3049 4124 4243
4743 4826 2672
1497 2883 1707
1496 1805 2312
421 4022 2112
2097 2260 3050
4191 4598 3527
1201 3309 3609
3997 4837 4718
2990 3003 1886
1612 3626 4270
2639 4595 1249
4910 4977 1720
620 1218 3252
1137 1567 1688
3690 4566 3294
531 4264 1051
4042 4354 1597
2059 2741 2411
2793 4537 4290
4236 4333 4037
4934 4961 4981
18 94 4186
3850 4051 2824
1333 4393 3987
4169 4183 3721
2721 4594 4980
1174 3454 2385
632 3206 4432
34 2640 1688
4182 4966 1938
2999 3600 1913
4928 4977 587
3048 3788 2793
434 664 1541
3921 4871 4510
664 4012 1929
3743 4277 2661
2218 2628 2577
1608 4584 3734
3880 4067 4125
4916 4937 3330
3118 3159 2132
1880 4357 4588
4967 4986 606
4733 4911 2941
1735 3619 2537
3663 4363 4135
1426 2369 299
3429 4276 1826
194 2537 1922
4506 4990 4826
1371 1494 2319
3590 4002 57
3229 3684 220
2835 3397 3963
218 3027 2049
282 1299 3009
3332 4176 2700
2307 3215 3174
3429 3893 2900
1781 4190 816
2740 4230 1879
67 4031 1597
3370 3506 43
2233 4591 1468
2826 4168 1201
2758 3927 3425
2577 4310 2699
2619 4641 338
3753 4766 269
303 4306 1848
1787 4690 755
433 877 2714
3134 3509 2210
3768 4416 4223
2558 3399 4804
4248 4366 3696
4973 4996 554
1659 2903 4564
2065 3670 3054
927 4077 4918
3622 4275 1618
2376 4471 2473
163 1795 3786
1186 3276 4013
167 394 1588
4075 4196 1616
1219 3465 1157
2484 4270 487
974 2787 4239
1 2743 1908
4124 4667 647
1359 4071 4110
316 4250 4701
2245 2506 2644
4974 4997 3222
604 4005 3883
1089 2936 652
3473 3800 569
4947 4957 3914
1246 1560 369
1871 4087 1784
4086 4947 1477
2682 4061 1906
3752 3936 2456
4169 4447 2850
2276 2568 4097
4431 4564 4380
2929 3189 2548
3481 4711 2591
4600 4849 3225
4359 4363 2835
4084 4784 4409
3459 3469 4771
3623 4241 3879
4159 4306 1595
4730 4782 2873
1055 3941 1153
3912 4810 3114
4546 4898 369
3546 4264 1665
408 801 936
4553 4700 1971
345 2541 259
4428 4976 1420
2757 4379 2021
1692 4792 860
1290 4168 1420
2193 2994 328
1048 4904 2633
631 2003 711
1867 4412 3187
3598 4296 2096
1115 2467 4235
3777 4423 2617
506 707 630
3518 4932 66
4628 4730 2902
284 2014 2941
4015 4678 1921
4770 4919 287
915 4462 3943
2638 3051 1673
17 3272 3659
2221 4994 3201
4125 4464 4994
3139 4875 4152
192 1792 915
949 4238 3187
1224 1555 374
1895 3985 4222
3470 4996 976
4166 4924 4244
3735 4608 3888
2096 3640 2256
2633 3097 2353
3977 4193 316
598 3240 4662
4195 4572 3892
159 2161 2736
2160 3945 2280
1412 3266 1690
4756 4930 3788
1276 2653 3154
1534 3026 628
827 2493 834
526 1908 3243
1878 4236 1344
2963 3847 466
4288 4499 4106
2604 4660 4798
524 2630 3673
2722 4053 958
1424 2627 66
2960 4438 1263
611 1584 1493
4703 4719 2320
2397 4329 3853
88 735 2627
1613 2663 3112
1442 1822 965
4973 4975 4310
2276 2657 4038
636 4781 724
1628 4331 2436
110 2804 816
3186 4531 581
1193 2824 613
2314 3891 4549
2491 4041 3033
971 3021 119
4368 4892 2324
2777 3326 1569
3917 4888 712
2091 3482 3891
4376 4654 2377
2227 4587 109
1738 4436 223
2007 3683 4297
1791 3322 3309
1086 3056 2376
2313 2376 3084
56 2835 1614
2576 2992 4834
4483 4697 4592
1670 2603 668
1032 1584 1768
2557 2985 2284
170 3176 4374
1850 3079 2693
790 3846 268
4952 4957 2025
1427 2806 1461
1841 3654 2742
2113 2542 1898
865 3003 1892
1523 3303 3310
4063 4157 451
2841 4168 4003
3778 4987 2717
1719 4831 3722
993 3885 1872
1555 4742 4934
4811 4970 2397
3238 3730 3183
3027 4892 2895
2451 3238 1466
2881 3138 3440
3436 3694 1518
1958 2883 1604
4504 4849 1973
4562 4689 928
3486 4401 1243
3305 4173 3662
4775 4857 1896
1568 4552 2081
3475 4225 4528
598 2733 679
4866 4969 3584
265 4412 3130
3328 4991 1726
2906 4125 2757
1534 4159 103
3361 3589 1938
736 3271 2368
2043 3854 3422
2278 2566 3272
3841 4916 4898
404 851 504
4542 4774 4559
4748 4821 2687
3660 4514 1699
3209 3531 777
3153 4964 3357
3429 4423 737
1354 4146 3808
145 1237 2933
2360 2407 1015
371 3040 216
2465 2645 4654
807 906 2383
949 1949 3509
930 3301 2777
2425 2525 1486
4285 4733 658
1813 1899 439
4502 4689 3039
4530 4534 4067
245 3157 3271
4832 4930 824
2451 3647 2574
290 2958 2435
2851 3251 315
2937 3007 700
4320 4872 3612
2445 4582 3178
3846 4341 396
982 4986 3666
405 3971 2416
433 4536 4436
4345 4831 441
2246 4793 1009
3799 4009 1968
561 4567 852
4610 4643 1736
1430 1902 2017
813 1763 69
4290 4970 1889
2374 4880 2401
504 4173 3347
1906 2239 2091
2127 2432 1669
3598 3823 4711
669 968 4091
848 1039 1529
349 2367 3548
500 1794 2260
3322 4628 1922
4727 4759 4548
1391 3521 3733
1333 2583 3260
3847 4867 4428
2132 2350 4120
1559 2043 2626
3753 4757 4670
3904 4358 1349
2907 4133 3912
4814 4973 4463
4406 4744 4124
4350 4515 665
459 2823 2198
2013 2869 1992
685 2416 4823
3991 4807 2894
3488 4971 3243
1130 4550 3480
4902 4956 4602
3903 4575 1258
3774 4333 1004
3885 4761 1232
2454 4932 2317
3157 4723 3716
4230 4374 4277
2375 2660 1988
1992 4450 1853
4417 4520 590
1600 2802 2870
3262 4641 2126
3046 3165 1202
550 1275 4691
2336 4687 301
578 3819 1120
2822 4587 4369
2140 2140 3372
1955 3774 382
4397 4979 194
582 1372 1424
1424 2955 4789
2311 3813 4254
310 1344 4493
1040 1417 2920
4062 4372 915
4918 4942 2088
4610 4651 4038
4853 4883 3081
3521 4577 4846
3444 3448 2653
452 3338 1317
1951 3009 1933
3900 4210 1146
2360 4641 1132
3626 4063 928
4510 4684 369
1588 2962 2136
3489 4000 4242
412 4541 2572
2867 3064 2931
4559 4661 1897
260 3474 3332
822 2841 3056
4274 4800 1111
1734 2086 797
3361 4299 2844
4712 4833 4239
365 562 548
765 4975 3675
2975 4491 2733
4317 4878 1281
1085 4228 3802
3720 4493 3547
2591 2595 2491
2890 3435 871
2136 2257 4202
4135 4690 2525
2831 3299 2061
3932 4285 956
2528 4942 1266
3357 4713 984
3704 3748 2461
1802 4194 4335
4655 4933 1924
2878 4440 3800
1538 1934 3316
3922 4300 4861
3757 4354 3077
3211 4329 3293
1600 2623 1855
924 4198 1791
3212 4100 2782
2296 4014 1206
3470 4931 1121
611 874 2566
4393 4692 1484
605 1646 70
4223 4275 4888
1254 3911 2347
4953 4998 915
1678 3659 3315
2474 3214 4151
1951 2202 416
2045 3467 2244
1125 1674 1472
4369 4430 1670
3927 4266 3862
4132 4508 2220
3854 4691 1074
1948 4552 984
2302 2935 2069
4076 4957 2621
4664 4843 884
3692 4711 4293
4874 4977 4750
710 1043 4621
3522 4583 700
763 3073 3972
55 2155 4256
4254 4800 169
2258 2737 4362
4225 4918 83
313 2380 2844
1729 3813 2090
627 4495 1158
2644 3616 3238
435 4294 3042
3815 4095 126
2032 2922 3261
25 1768 457
751 3976 367
1778 2576 1620
280 3298 3937
31 2592 3140
2644 2878 373
3432 3719 2730
3954 4345 3135
115 2791 3712
3826 4609 1640
630 2572 1545
2214 2672 97
3916 4695 1853
1975 4153 2023
2052 4070 102
3306 3598 4921
2518 3777 1450
3600 4649 2956
230 2226 3494
1107 1388 2035
626 1921 2305
4984 4995 2844
4962 4978 3275
4564 4770 2135
4549 4869 1087
2545 2901 4862
721 2984 3004
1025 3925 611
4424 4855 3698
53 2316 4251
2552 3360 755
4484 4934 1097
1789 2785 444
3068 3839 577
4268 4811 918
984 2323 2043
462 4277 332
2743 3732 2554
1254 3688 3105
3698 4413 2630
2899 3736 612
2506 2789 1463
3413 3676 2912
4601 4900 2020
1144 4463 2850
1447 2001 548
3423 4501 889
195 1787 4165
1102 1649 4610
1469 4203 3351
3454 4634 3562
779 2253 3089
814 2947 3962
3054 3806 1079
976 2388 736
665 717 3134
3330 4470 191
2080 3915 1882
1222 1721 4670
2823 4865 1848
895 2007 657
2881 3001 1790
3989 4106 1762
2264 4829 4908
1239 1275 1542
2828 4373 2244
2824 3799 4455
292 3599 3318
4589 4778 4452
3413 4420 1897
4690 4959 4656
1540 3807 521
423 1647 2224
4869 4923 1670
2437 4286 585
2005 2577 177
1524 3300 275
964 2653 2322
3915 4666 3084
3141 4378 2580
1917 4865 2810
4271 4603 154
253 713 843
4961 4984 2501
3974 4803 2620
2113 2281 2624
4676 4898 2670
1284 2809 1722
4077 4192 4841
139 3124 41
1577 4299 922
3748 4395 3059
4023 4864 3481
2163 3276 1379
1906 2883 7
1925 4540 1319
2968 4668 2533
3257 4912 4643
2464 4856 229
684 4980 2751
3241 4218 3255
2626 3685 2925
2168 2485 1881
2379 3332 2039
4361 4371 4880
1698 3275 262
4770 4921 2812
1737 3924 885
85 135 1142
3398 4443 830
262 559 2708
4236 4544 3236
634 1723 2242
3486 4827 845
2627 4852 550
4249 4996 3244
1440 4680 1294
90 3815 4171
2408 4224 1338
3707 3885 436
2662 3630 1152
3281 3986 964
2219 2528 2548
4325 4949 4361
673 718 1906
3154 3898 1348
2460 3763 4272
1492 2049 533
1471 4280 3832
286 1010 2671
4165 4326 1689
2022 4024 4892
3967 4800 1672
1660 2758 4941
1355 2845 1139
2468 3401 3970
1847 2679 3943
3317 4871 442
4712 4725 2201
2863 3888 3737
4997 4998 2224
4869 4887 699
3113 3245 4321
3709 4563 1736
1173 2054 1292
1954 4612 4411
2260 2546 1444
800 3525 190
4358 4841 3925
430 2425 3532
701 4674 2752
2678 2806 1371
4331 4591 4326
3884 3920 336
981 1908 103
2642 3554 4850
2639 3295 673
4811 4982 1168
4719 4873 3512
3834 4930 572
3417 4694 3628
1142 4307 3780
2879 3716 1110
4249 4919 1105
3211 4849 4639
516 4657 2593
3973 4401 1995
2823 4398 411
3776 4686 3867
448 2588 2575
99 3401 1826
1969 2509 4923
389 1118 3508
647 745 463
800 1635 2350
4447 4813 2683
440 2461 2076
225 3781 1466
1597 2409 2127
2642 3873 3217
494 2479 2678
3738 4734 4252
950 1089 1477
4915 4964 1773
814 2882 3055
4627 4939 3494
1520 1938 129
3151 3660 1445
2878 4055 1037
715 3973 4794
4313 4815 4924
1656 1656 659
2909 3034 2554
3917 4296 1205
1071 1216 510
2596 3136 1800
2490 2983 4842
4294 4697 3884
2217 2689 3100
3701 4014 4012
2364 4463 2685
4755 4767 1136
4698 4990 4328
1673 2254 743
3473 3574 2905
844 4389 314
4566 4797 4524
3372 4585 2239
4480 4979 1704
3827 4820 793
96 3164 19
441 3465 4837
2084 2604 1647
3202 4743 4187
4404 4919 1885
3461 4106 4408
1082 4601 1683
2322 4042 3671
2480 4485 3003
3834 4823 4070
2518 4048 3770
3175 4035 4650
2925 3119 1056
204 2210 4274
1403 4846 3350
3819 4024 3905
748 1699 2839
370 3665 3254
1142 2559 2169
3750 4905 1802
2695 4361 3185
1128 4884 1013
4558 4792 3806
1965 3073 2216
3523 4551 3892
4416 4700 337
4067 4349 440
806 966 919
862 3935 1959
316 1942 2770
3818 4787 815
3790 4566 2267
1821 3581 3194
1397 4423 610
3068 4666 1839
3891 4282 4581
2020 4922 4433
2462 4705 4052
3163 4952 2091
520 1673 1172
2554 4877 2819
1003 3748 859
3555 4186 1074
3023 4875 1600
1181 1893 972
933 4829 2922
2823 3989 306
3617 4084 3827
968 1005 1633
4882 4968 444
194 1650 3416
821 3534 1951
952 1030 1714
175 4596 4424
258 1999 4441
919 2117 965
2799 4392 737
3559 4638 296
4626 4924 3697
573 2202 3907
3918 3965 232
3518 3676 160
3770 3788 3853
320 3277 1183
3764 4367 1045
2211 3224 2481
3778 4564 1915
3316 4000 1674
1400 1472 1757
2690 3488 3256
679 1326 3572
1975 4579 2404
1344 4316 2301
1441 2937 2152
499 3087 4404
4579 4654 1567
2615 3103 1644
1926 2361 1246
4979 4996 1673
4814 4978 2094
4895 4990 2322
1890 3000 356
1658 3729 3340
2994 3947 3716
3391 3634 1833
384 1688 621
4411 4838 2476
563 1349 948
986 3394 4002
136 3295 1024
939 3522 2691
3920 4417 915
1764 1808 4075
4987 4991 1132
3010 3480 2300
4761 4771 728
2226 3097 3010
712 3052 3942
1864 2744 901
3657 4411 3987
931 3458 1734
88 4820 3903
4345 4925 4616
3420 3967 69
3867 4443 4484
173 1918 4696
3746 4681 2362
444 2708 2638
1035 1729 3898
250 813 2037
211 4817 2431
2111 2709 3156
3886 4905 1977
2558 3970 2679
4696 4982 1942
1524 3622 2010
4385 4427 2227
2123 4492 1560
3522 4294 3377
1194 1328 2322
4716 4824 514
3669 4474 116
3387 4940 161
4987 4991 369
149 4826 2253
2085 3324 1575
2289 4016 2632
3800 4820 3197
84 1641 2541
2483 2716 2923
1951 3735 4559
2385 2659 1399
623 3366 2543
4490 4962 3192
1676 3600 4520
612 1283 2691
1069 1313 3464
456 2895 3852
4766 4850 3252
2952 4622 1492
3377 4704 1871
4877 4948 1975
550 4948 2684
3318 3715 889
889 4362 188
693 1445 3479
4770 4847 4810
3 4903 3425
2265 4791 1526
2899 4435 4424
2612 4752 1884
4706 4933 485
3870 4619 4340
755 1534 1849
4055 4868 2527
883 3443 1714
2317 4749 2962
375 1081 4799
4883 4952 1027
1687 2795 4696
3472 3939 1966
1149 2087 97
4477 4694 4244
738 3594 1388
1264 2313 2250
3519 4593 675
3269 4594 3033
3375 4865 843
1201 1619 1588
4668 4810 659
2869 4942 1704
2001 2630 4099
4751 4754 938
283 1247 2092
3222 4793 1871
873 2973 3573
87 1883 1227
3650 4213 4731
3228 4946 444
4094 4832 512
744 1867 4266
1421 2935 1812
4568 4887 4267
1937 4848 1131
1530 4331 4149
1488 3377 426
44 4210 3004
3033 3150 3963
905 4389 848
1178 4323 964
4664 4773 1407
3143 4561 1010
4209 4806 1556
1779 2547 90
2607 3903 3987
4790 4893 4529
2453 3185 4766
2488 2949 1238
2003 2356 3297
3641 4887 2237
4412 4978 4556
4449 4728 3339
2701 3427 1080
2327 3307 3811
121 4538 1535
197 3520 4378
3046 4820 2017
4806 4931 4951
3047 3280 1933
1879 1964 3242
2430 3327 2508
4535 4645 2334
285 4509 2457
4705 4760 2793
3448 3670 2035
790 3874 1234
1586 4258 1707
3165 3826 1815
4559 4930 1357
1993 3181 3126
1696 3066 614
4529 4740 1769
2057 3539 422
4962 4992 4194
948 2264 341
1765 1874 224
2721 4696 441
2303 4054 1446
2637 4476 42
3431 3487 3879
2455 4738 1557
1002 1330 3091
2653 3871 4459
2168 3961 351
3957 4651 4738
3080 4433 140
4632 4869 4125
3420 4705 4515
1237 3052 82
4197 4798 3116
1137 4650 4029
760 2841 4934
2318 3955 332
1858 4101 2527
3048 4462 633
1970 4368 560
4747 4865 3715
1706 4147 869
3849 4214 719
1787 2255 4325
1276 4091 2640
2651 3037 1632
1333 4636 2234
3204 3890 80
724 3923 1185
2055 3716 4484
3863 4131 1291
3078 3210 1505
3019 3115 197
1325 1370 666
34 4783 2763
1045 1726 1217
4606 4962 2969
1662 3522 4011
4963 4992 4728
97 657 4430
155 1401 4418
4532 4870 374
254 4819 2070
1232 1443 1381
274 3985 1348
4832 4903 3732
32 3522 2326
2035 3224 1854
2075 3554 3480
4176 4712 3833
4573 4671 93
4197 4683 4571
4374 4935 2480
1064 1094 4284
3594 4868 1160
588 3961 2516
2347 2981 516
955 4959 962
2184 2504 2968
2144 2597 4727
866 2146 1636
773 3568 4628
4508 4589 3799
1115 2829 4483
3805 4090 1604
1864 3856 4179
4078 4155 3778
1868 3783 855
3746 4980 47
2123 2489 775
488 1565 2536
4690 4804 4630
1630 3603 338
126 4738 551
971 2250 3209
4847 4956 4254
33 2553 2853
4320 4971 691
3906 4551 4792
3452 3645 4422
4376 4981 3689
3271 3572 2919
3837 4409 181
2042 2782 4848
4098 4840 3443
3615 4176 4977
2597 4328 845
4817 4870 4581
2383 4475 1944
1284 4693 2662
3624 4668 1146
1884 2397 1953
1311 4112 4678
4539 4865 4391
3152 4602 1596
2584 4201 2329
1759 4358 4633
4996 4999 2998
1938 4736 172
3545 3908 4512
3673 3908 2037
2845 3735 2392
760 4496 1871
3796 4257 722
703 2720 1811
4510 4974 4906
4899 4961 2224
4167 4512 2690
2856 4543 3729
1011 1241 4730
3678 3884 2730
4149 4898 997
3954 3995 936
3072 4547 4935
688 2529 2232
4669 4738 2994
4797 4893 2161
1346 4118 1343
3288 4137 1392
1032 1077 3258
533 709 308
3314 4438 1284
3042 4749 921
3684 4148 4002
932 1015 2495
172 2908 3248
3304 4642 4790
4943 4965 795
3960 3963 1332
4361 4460 103
104 4492 487
1629 2613 2725
1473 4272 2090
761 991 2089
3148 3789 1313
619 4291 1680
3427 4666 3857
3778 4026 1293
3247 4445 4238
153 1213 3369
3263 3877 593
1330 3369 4061
1774 4621 4352
3466 4777 378
3584 4233 1021
182 2437 679
3242 4543 278
3461 3701 36
1264 3119 2881
3711 4551 1585
2767 4941 2954
3116 3894 4363
4408 4767 463
3201 3339 3494
81 3665 2819
2870 4022 4175
1109 2930 1507
4452 4965 3391
4604 4864 4718
2842 4997 476
3192 3393 3562
3502 4675 296
4133 4890 3653
4313 4844 1883
813 2888 4339
485 4326 1584
1668 3237 146
3121 4090 3657
1932 3330 1674
1852 2104 4413
3058 4343 1593
371 474 2283
675 4433 4672
4212 4468 3080
88 1064 3234
4939 4950 954
1598 1605 2966
420 1153 2289
308 3872 3632
4790 4825 4316
4879 4911 588
340 4814 2462
109 1065 1543
2998 4360 3751
4616 4679 4164
3484 4936 2766
1682 4035 199
3278 3376 3451
1621 3801 2571
825 4165 3780
3201 4584 4211
953 3419 2840
4702 4704 2975
993 1992 3299
2063 3778 712
3701 4172 2582
2679 3915 2783
25 4602 3820
2851 3885 368
4509 4841 3014
4132 4856 4528
1116 1932 4479
567 3883 4780
1490 4042 1047
526 924 1715
3527 3923 4581
2569 3845 714
2340 4719 4572
2370 4096 2880
163 3278 122
3352 3637 3516
1266 3183 928
1057 1768 577
4980 4992 1490
545 3324 2317
1207 4277 1523
1771 3174 777
1688 3280 2176
4496 4875 3018
4525 4615 906
4791 4906 3380
4899 4920 1527
743 3993 1967
3983 4295 3901
4349 4848 4002
3507 4562 2307
3810 4176 1567
4581 4704 3892
3173 4828 2378
1725 4721 1269
1181 1645 3412
3377 4354 3060
316 582 4463
2877 4148 2861
3352 4317 1831
3417 4597 4235
1910 2870 4776
2754 4942 1696
608 3671 1499
2422 4459 3846
3179 3834 4070
2965 3381 2262
1098 4632 3632
2787 3875 777
78 3842 2221
1489 3985 4569
2166 4031 3134
3533 3585 3489
849 4123 1833
4475 4899 4598
4085 4820 2610
4086 4743 3428
1242 4017 3276
4640 4688 3203
982 4599 1095
2324 4657 1018
2152 3419 2876
2235 2726 4579
3804 3889 1981
845 2449 2421
957 1126 4662
3816 4762 11
3651 3749 4029
2162 2735 4626
3155 4882 1988
720 2041 4815
4731 4961 1185
122 3909 4527
4913 4999 3677
2849 3353 4512
589 1947 2115
2480 3397 2526
2280 2767 4132
1824 4916 193
4091 4771 2943
333 1286 3254
642 2078 3626
344 1415 1994
3545 4869 2971
2374 3522 3213
2147 3073 4042
4601 4632 2736
4052 4779 1936
2770 3531 2592
2786 4952 2613
3416 3596 4380
2265 3979 895
4287 4529 1552
2778 4787 4783
4128 4614 4445
1254 1478 2778
4799 4847 755
2022 3191 2870
2358 3197 670
4407 4633 3635
4772 4849 4989
3851 4876 3284
2966 3243 3019
1084 4232 3661
3803 3987 3445
3547 3766 2634
1587 2315 242
2913 3384 1132
3769 3803 4349
2253 2339 48
3088 3580 2571
4516 4584 1729
2482 4986 1461
1365 2895 2302
2741 3572 447
2518 4747 3682
4858 4864 3383
2637 3032 935
4616 4921 2539
3817 4880 3825
3109 3605 895
4608 4655 2526
3133 4720 2013
1771 4677 2133
4749 4777 4372
983 4528 741
4757 4992 1485
860 952 1906
761 3150 4506
2505 4683 4299
1201 2772 303
2375 4999 1792
2944 2953 3762
658 4398 4448
416 4287 3456
4301 4490 4921
1414 2668 1573
2171 4538 4222
3888 4861 2192
4788 4936 202
3711 4864 2805
62 2557 4115
2868 4866 560
3040 3462 4885
2452 4769 1078
1642 1937 629
4064 4911 1390
971 3962 3689
4487 4712 3529
1533 3481 1023
3790 4095 4199
4163 4256 4772
2201 3124 2766
1540 3209 1867
3330 3608 42
3264 4740 2700
4164 4717 2901
1696 4224 2619
3242 4807 199
285 305 4376
3548 4518 2249
4691 4849 3939
1856 3870 2516
1168 1708 204
4982 4995 2002
689 3084 974
2792 4185 2125
4525 4581 1484
3605 3671 1957
1887 3973 1469
1110 3189 2812
1365 2105 3248
1930 3572 4272
4551 4892 4609
1123 4950 2912
930 1744 763
3028 3205 1604
2881 4648 3334
332 2803 20
2828 3830 1549
2875 3920 4752
1595 2499 572
400 1838 1846
3819 3956 346
3072 4722 4163
669 4637 4746
192 235 3305
4795 4842 2240
1165 1208 1564
814 1874 589
4464 4601 546
4607 4964 3172
4499 4542 4651
1067 1428 4274
1878 3254 825
3302 4831 4260
3321 4389 2878
4701 4730 3716
1781 2957 189
2456 4748 2432
2012 2673 93
4743 4833 769
2946 3373 4062
909 1373 4419
2176 4353 4447
3905 4160 886
3026 3079 4469
3240 4548 2454
2103 4539 3823
3577 4681 3992
1918 4700 4870
2756 4121 1197
1957 3798 2945
2579 3527 4312
2583 4121 3900
1157 3386 1350
1536 4293 2281
3489 3671 1332
2060 3863 4677
4665 4722 3839
4079 4085 1706
3674 4004 1652
1178 4777 2157
4380 4394 80
3899 4930 547
922 2358 4663
3150 3909 3077
4484 4683 1324
3031 3565 4662
145 3477 4091
2075 2295 2764
403 1014 1451
4842 4911 4944
2828 3922 2596
4112 4580 4880
2573 3035 18
4658 4904 3238
3893 4054 4235
3183 3784 3452
3874 4282 4991
751 3846 1361
3948 4412 2454
1074 2806 2941
3553 3969 4531
137 3578 1319
4049 4796 608
2829 3238 1690
1681 4821 975
3870 4736 501
1026 1409 4100
3298 4402 3484
3799 3947 4965
4956 4997 2583
959 1347 4690
1477 2746 3806
587 1658 1133
713 1974 1536
683 1590 245
3611 4241 3659
2950 4657 4694
4749 4936 2291
2923 3766 2065
2204 3971 454
4742 4970 3714
2367 3191 3859
3499 4322 4804
421 3499 4197
3710 4008 197
1295 2214 3464
4144 4186 124
341 3362 3178
3222 4447 4148
1394 2538 2748
1040 3004 4029
2189 4613 122
1755 4412 4063
1648 4839 3525
3195 3347 1456
1884 3390 3685
4906 4970 2027
1264 4541 4486
3069 4952 2185
4336 4533 762
980 4512 4290
3441 4433 4314
2428 4215 967
4413 4491 351
2199 2977 4110
3141 3814 2164
3929 4374 4890
1822 4863 892
3803 4740 2021
4076 4532 363
1227 3038 2307
1861 2920 323
2076 4118 3476
449 3283 2567
3392 3562 4888
4835 5000 1668
630 680 4510
4426 4617 902
2341 4203 4879
714 848 4912
3359 3807 4101
2297 2378 63
3010 3692 527
363 4779 4791
4190 4627 1498
2943 3644 2051
1200 1412 64
1115 4926 3090
3382 4472 4570
1613 3924 3121
2143 3593 2853
3870 3906 1966
2178 3467 3528
4134 4718 3173
4411 4720 4978
4370 4748 110
348 1120 2583
3301 3550 4677
3752 3905 3203
1458 3439 184
3930 4973 3710
1881 3611 3427
4091 4504 1441
3507 4234 2372
4678 4891 4727
186 3160 671
1927 2597 293
1665 3214 435
4745 4865 3278
4287 4705 3142
3557 4942 4866
205 3835 4539
4290 4835 2529
459 1109 2470
2540 4743 4005
4085 4970 2021
3752 4442 1917
4736 4911 3838
3442 4270 1130
3678 4793 4317
3229 3564 4069
4569 4989 2785
1394 2181 4801
167 4692 4358
1997 3210 1988
3102 3759 3944
4460 4637 3943
2885 3758 4487
4140 4490 351
2196 2740 1576
660 4849 4819
3139 4602 4238
2675 3759 3240
3755 4620 2989
557 3084 2868
1203 3744 2161
3895 4712 3674
4243 4511 1651
4315 4863 3831
4513 4701 106
1327 2901 3586
4923 4943 1125
4635 4649 593
3512 3810 864
3724 4405 314
4332 4546 4963
3526 4723 4261
4155 4713 1288
335 2008 2456
216 1917 4903
913 2051 2807
4056 4492 1520
1915 3919 464
769 2586 4594
1051 2778 2294
1998 2827 3825
2115 3868 4827
4665 4772 2421
2360 4337 298
3151 3994 1519
1243 4024 1473
4948 4979 674
2050 4332 95
3317 4638 3789
165 3339 4873
4253 4935 3317
4486 4663 2542
4584 4941 4649
1362 4475 974
2043 3190 1782
438 4756 4618
3960 4770 4972
723 3130 1011
578 4184 4135
2377 2556 1988
1711 3148 1113
4557 4751 2704
4544 4570 3482
1999 3697 2417
4656 4707 1345
248 1646 4479
4927 4984 2780
3740 4251 1276
2147 4499 4721
696 2607 4275
2262 3896 1186
804 3678 1938
2192 2329 2711
3085 3572 650
740 2777 3670
4335 4447 3316
4315 4981 4445
10 3376 4152
2963 4063 2571
2126 4892 1314
2905 4108 618
4802 4958 1351
2538 2869 3211
3310 3539 815
3629 4074 932
3301 4312 707
2179 3462 2708
4606 4763 4992
4773 4814 237
2214 4296 1158
2371 4362 462
3819 4477 2564
222 4171 351
1501 3476 4367
2524 4082 3280
4137 4752 2882
1315 3214 4709
4688 4993 4246
555 3362 1902
2862 2955 4491
946 2799 3294
3682 4388 3468
2770 4219 1768
2169 3278 2492
4881 4966 2154
2832 4776 1158
367 3428 37
1670 3979 3487
1365 4690 3089
839 3750 2128
2344 2517 2144
1898 3766 2096
1601 2355 3925
327 4595 3129
4269 4355 4451
4921 4996 3425
2498 2720 1307
4611 4964 2131
1579 1942 2460
4859 4983 4606
2537 4215 4606
2910 3405 1501
1439 4683 2969
4710 4894 4871
1720 1996 4455
4316 4944 111
2523 3272 749
1074 2990 4964
54 1952 642
2185 3520 2652
682 4717 4308
2437 2538 2122
3053 4272 3016
2749 3624 3741
157 1877 2415
262 2627 4871
4057 4745 3762
929 1496 4944
3788 4157 2415
1506 1551 1238
109 3495 4907
3279 3419 3763
494 1415 2657
4626 4672 2464
1634 3259 4711
352 2642 2687
3500 4458 104
3518 3718 3964
1275 4143 45
2182 4822 2759
446 1756 1196
4469 4493 2378
689 4586 2659
4111 4638 4546
1511 2287 4428
214 2420 2397
3910 4210 4154
4035 4211 2795
3610 4351 2750
569 4570 655
4223 4385 3216
1850 2192 2781
1191 3985 4344
785 1120 2795
811 1632 2816
3953 4845 2428
1784 3180 44
4514 4978 2674
911 3850 1357
454 2956 2645
1042 4487 4169
2105 4417 2528
1585 1878 60
2637 3041 2634
1131 3755 4168
4547 4623 2739
1961 2889 211
1204 1853 2503
2068 3845 2395
1978 2883 1923
2194 3864 3386
476 926 2762
1961 2158 3993
1504 1878 4511
3996 4605 3192
530 733 2396
676 3242 1943
4713 4939 764
3060 3169 1966
2140 3371 1950
3464 4390 4433
2952 3935 288
3423 4382 3447
4181 4305 2208
1140 3362 1845
1873 4870 2022
1456 1887 1052
2233 4263 1240
3471 4539 3422
621 2276 3843
288 3814 4801
4928 4972 3007
1985 2932 582
2564 4413 1640
1460 4396 1183
3919 4782 723
2180 4070 2018
838 1001 4808
3228 3848 3459
1596 3952 1881
3806 4492 4385
3974 4124 3860
259 1963 1400
3929 4658 2691
1481 3234 4579
4994 4999 1843
4197 4233 1274
1463 3294 679
1764 2588 1772
2303 2482 2757
3011 3580 1374
3923 4819 3058
4578 4861 16
4032 4871 2139
612 1197 1609
4455 4927 3332
2599 3263 3770
658 898 4727
2936 4979 3583
519 2087 1075
4006 4025 3874
2206 4932 4050
1154 1943 1891
3370 4992 4152
1631 2437 2006
4410 4483 396
1999 3347 2265
1701 2531 232
1844 4441 1941
2913 4218 3004
263 3108 3937
4343 4754 3545
4175 4975 1271
308 4970 4555
21 3061 4083
2496 4496 910
3460 3567 2969
4651 4758 221
1558 3795 763
3788 4253 856
1977 4500 4481
3017 4918 87
570 718 3371
4513 4951 2902
4538 4545 806
259 2705 4126
3606 4837 399
120 1170 3798
261 1618 2373
4223 4575 318
1746 2785 2352
4957 4965 3481
4397 4829 4431
2497 2537 4121
541 3435 514
2651 2821 4097
4358 4707 1651
4827 4833 2983
1466 3944 225
2135 3497 1746
4331 4477 601
284 4915 2243
368 3794 1009
4651 4809 1313
4165 4191 4656
899 4672 3454
288 1625 3152
742 1149 4589
12 3809 2045
3044 3136 2637
308 4165 2937
1794 4707 2612
249 942 647
4539 4792 3782
85 705 3098
3197 4277 2408
3602 4059 3454
2196 2907 1801
4331 4559 4606
2698 4945 705
1887 4163 2503
2584 4576 1114
4714 4948 3005
2685 3932 2245
1396 4307 2885
3393 4431 1947
3955 4557 110
4376 4940 3558
1563 3092 2127
1536 1780 398
310 3520 2617
116 3175 2641
1292 1512 2327
1376 2212 3936
739 1279 1722
2063 4465 2726
1385 3202 2029
3240 3844 4349
1715 2069 3267
1983 1989 2982
3715 4663 36
2416 3393 4901
195 2285 4225
2346 4254 65
1644 2265 3336
4377 4663 4721
2252 3020 416
880 4056 4589
3615 4018 1460
2597 3292 1391
2879 3804 809
3564 3668 4835
2588 4325 2939
4263 4469 952
3255 3523 4730
1195 1890 4265
4627 4788 2278
4971 4976 3662
4093 4850 116
1723 4258 226
2943 3062 3358
2263 2585 1013
3722 3778 3045
2116 3699 4664
2662 3083 2206
2215 4636 1790
4784 4890 3638
899 4264 2799
1870 2864 1960
2799 4487 1392
2498 2743 2402
3231 4904 1856
2019 3011 1122
2265 2305 3429
48 373 2998
484 3374 2265
667 790 359
1361 3039 2742
565 2202 2865
4661 4917 4392
1763 2641 3050
1763 3416 669
4960 4987 4994
3637 3709 4883
667 1613 4537
161 371 3887
2619 3719 541
2607 4723 478
1760 4540 2703
1078 2044 4239
4410 4868 2605
4933 4961 2446
2635 4950 4498
2670 3476 3281
3006 3789 1540
1740 4004 3743
1792 4931 4793
1410 2185 32
1046 4785 3307
3851 4453 1883
4990 4995 3166
3898 4795 1264
1769 1847 1745
3850 4812 3538
1543 4733 1230
3262 4102 1534
4227 4533 1144
1435 3053 369
1162 1507 105
3886 4133 2458
4486 4930 2517
2777 3762 220
4228 4882 826
1178 4902 59
4695 4797 3321
981 2556 3169
1378 3773 3670
1961 2284 1659
2382 4026 4540
876 2715 1028
1901 4789 992
2225 2698 4626
4269 4982 931
3837 4055 4909
2275 3059 1846
1920 2230 2538
4789 4799 993
651 2386 2518
3603 3836 1489
2638 4846 315
1206 3884 1601
3603 4445 1463
4442 4984 4084
438 2830 42
897 3367 724
76 3554 3988
2673 4861 2627
2154 4783 2726
3086 3410 196
274 1380 4775
4675 4849 2222
2094 3233 4067
3803 4667 2078
1146 3338 1424
2528 4134 2835
4186 4490 3940
4894 4946 1841
4596 4712 4504
979 2493 492
2190 4395 2610
4339 4469 3721
1012 4708 3968
1159 1617 4942
1285 4336 4262
3301 4238 1109
2593 2957 1470
847 1433 4346
4669 4730 4512
2471 4138 1846
2674 4892 4704
3905 4621 4259
3298 4852 4182
1133 2096 1627
2149 4392 1002
306 1316 4345
548 4806 1808
482 1255 1227
4100 4687 3179
938 2795 4678
3034 4404 3562
355 2376 4670
3744 4441 566
1588 4112 3054
3073 3329 4030
610 2987 2012
885 4217 3995
3093 3764 3622
2022 4259 1098
829 1438 3937
1272 1367 95
2630 2746 4185
93 3154 4460
1242 3835 3400
1058 2641 1234
1121 4016 3453
3792 4864 4717
513 2271 1363
4375 4860 3355
4947 4994 1010
665 2215 1604
1440 2987 1987
4851 4913 1338
127 4866 4793
2282 4140 2623
4699 4937 1161
298 3372 1619
3985 4762 957
1735 3111 3945
561 1015 2936
2869 4231 3771
460 3936 2855
1337 4401 1981
4805 4830 3388
3820 4022 4306
4354 4917 4086
1218 2948 86
3773 3964 1679
1612 4878 3324
3764 4485 3440
2828 4521 241
4909 4927 846
1463 4960 2741
1480 3809 2964
1208 2540 4836
2177 3213 4731
861 4219 100
4714 4865 2674
1884 4757 3503
2118 3686 4598
2349 4502 4896
3517 4809 1203
2078 4924 856
2538 4128 1930
4995 4995 4816
3314 4310 3128
2646 4589 175
1144 1991 588
3321 3430 1073
1795 2306 3893
4646 4927 4240
4752 4788 4403
3411 3992 1243
4143 4539 1835
3098 4807 1212
4497 4647 2436
616 2823 4385
3099 4567 4653
512 3392 2866
3007 3930 3198
3771 4760 3775
1743 4862 242
4078 4214 1597
555 1078 3508
27 3946 4852
234 3528 2390
2651 4905 2719
484 2140 576
4977 4977 2755
174 1800 1554
597 4085 447
262 1994 299
2321 3565 4409
1065 2066 551
3635 4746 609
4712 4729 1867
2392 3534 4467
1461 2243 4399
1625 3075 937
4247 4262 1945
2279 3021 2461
4048 4962 3015
2573 4422 807
2310 2374 4159
64 4627 688
1172 3643 4650
3699 4403 1206
1931 3845 3883
977 2689 2974
2188 4422 351
4667 4795 363
780 3642 608
390 4920 1271
2530 3008 2751
3603 3906 3725
4209 4888 2701
3004 3724 929
3615 4110 3133
3897 4706 2366
3831 4786 923
3739 3766 3289
4787 4997 2233
2537 4938 2416
3554 4612 3157
2429 4941 3564
1753 4065 122
3378 4255 4824
349 1626 70
4 2770 4905
2261 2978 253
3605 4619 2106
12 3906 3496
4847 4947 2317
2846 4790 4381
2520 2687 1843
4101 4715 1023
224 2437 1684
1962 4134 3175
2777 3704 1513
614 2423 3012
2857 4195 3480
4090 4618 2340
626 3175 4275
1906 4564 4486
3989 4404 2272
1044 1695 2800
395 970 3691
4506 4736 3116
4058 4476 1366
1554 2095 614
3317 3786 4429
2325 2876 2334
65 881 1623
2805 4235 2718
1235 1740 3046
1758 3703 3625
1651 2952 1303
1193 3064 2503
3699 3984 3752
547 4459 1908
1437 4873 2644
4236 4396 3829
3473 4917 1501
1197 4685 3830
2531 3984 3652
4679 4701 4293
372 1215 4659
3911 3944 802
4082 4515 3843
1298 1969 2592
562 3260 1668
4044 4554 2398
3845 4617 1458
2215 3174 2490
1505 2733 4125
210 4016 1448
4204 4925 841
1435 3553 1942
463 2546 2936
2721 4203 2472
4800 4995 3001
4802 4975 239
1599 4309 1556
2557 2999 3368
902 2571 534
4379 4552 3120
4157 4866 3448
151 1541 501
2813 3256 4934
2211 3682 3480
4568 4794 528
980 1224 1935
2803 3787 2330
2831 3350 1040
4574 4667 678
1830 3164 799
4178 4862 3531
715 2441 4236
4289 4817 4250
2081 3399 3423
1264 1772 3504
2596 2961 4007
1277 3584 3269
3142 3925 3617
532 725 1291
3298 4834 4696
1014 3913 4185
1306 2741 3300
336 4513 4389
3642 4819 4149
1209 2339 3991
3516 4628 174
2727 4319 1015
235 4393 2825
4326 4694 3227
3015 4846 4930
3377 4174 2127
3152 4628 2474
4760 4763 491
4714 4842 4428
4778 4804 4595
824 2718 1099
2809 4430 3722
4382 4456 1427
332 3689 3426
4614 4875 14
1493 4933 3787
4159 4927 3539
2208 4766 3935
2932 3123 1800
199 4590 1865
1206 2472 3254
1366 3814 4976
1496 4335 628
4745 4775 2861
468 2207 2294
3357 4892 4039
1747 2727 99
1067 1854 465
2900 3124 1030
868 2034 414
3082 4966 1554
2406 4009 2646
1375 3134 1942
1946 3477 3880
2408 4580 4771
1490 4850 2481
1254 2609 2012
4539 4557 4883
93 1848 3538
3265 3831 2456
1968 3909 2455
2864 4446 106
4753 4820 4473
1573 4320 4084
1943 2699 2850
52 3046 1043
3803 4390 689
2749 4853 1688
2590 4868 2403
1967 2131 4179
3682 4936 716
3699 3961 2105
4051 4138 3557
3475 3543 4699
2621 4787 2641
4713 4772 59
3006 3898 4234
2500 4447 4653
1684 4092 3469
1622 2236 935
584 1749 4723
4136 4274 3112
2052 3505 2153
1954 3454 2740
1162 4006 2343
3369 4497 2306
87 2458 4449
606 4003 3137
3280 3695 2633
1566 3473 3513
4230 4874 4859
2269 3992 1073
1029 1628 4192
3028 4654 4926
1677 2063 2093
2962 3941 1176
555 3881 4513
2756 2913 1342
2546 3380 3801
3862 4752 3320
3308 4029 4595
1958 4660 4634
2156 4016 2186
691 3437 1066
1592 4306 2319
1482 4075 1365
181 1270 4198
1696 3257 3941
3703 4800 4695
1221 3409 3052
763 1091 4307
27 4872 883
4166 4299 3391
2812 3566 4767
2445 3454 2360
1254 3642 2520
381 2933 1853
4769 4994 20
4041 4723 4625
2049 3244 3746
3405 4273 1144
1164 4182 1025
4820 4862 3627
862 2578 3362
316 2073 1954
1149 3492 4597
405 2377 4129
1129 1586 3635
3645 4606 958
135 1461 2100
1688 4982 3816
4254 4587 1960
4533 4867 1706
3513 3947 684
2916 3753 2959
607 3270 3824
884 1399 4322
1793 1873 156
44 439 171
1370 2557 3675
866 4650 4395
872 1296 1705
1014 4101 113
1094 3482 3738
631 3241 1716
3215 4051 2723
230 4147 1428
2720 3960 3159
39 3234 2825
3186 4606 695
2413 2642 1912
2497 3955 2624
2656 3124 3407
3135 4318 2363
4865 4973 4938
4948 4991 162
4312 4831 2606
2608 4034 1083
558 4108 3795
4334 4406 2988
3045 4187 1860
3604 4935 889
2569 2800 3807
967 1378 3536
117 2710 1957
2052 4086 4835
4160 4523 851
4785 4870 2512
1245 1806 2013
4308 4390 4202
3548 4464 2161
499 1841 2533
420 1947 3403
1260 2994 2211
2788 4344 2874
115 4803 3929
520 3248 3539
3366 4296 247
4252 4703 4433
4685 4974 4623
258 3852 4663
4092 4936 2972
4455 4930 4087
484 723 244
1708 1736 745
2852 4669 2209
2238 2686 2000
2968 3687 1216
3950 4083 315
3445 4070 4907
1218 1636 4837
2339 4617 2404
218 660 975
688 4488 3992
1946 2497 3365
342 3458 3126
3189 4866 509
2630 4504 1477
545 2385 3916
729 3323 630
1288 2303 4345
1057 3867 4377
2953 3523 3624
1958 3403 599
2970 3817 2100
2846 4773 2842
4488 4586 4239
3469 4944 382
1447 3201 3465
167 3895 4809
4665 4812 1944
4570 4930 4229
9 2881 4434
1245 3753 2559
2739 3409 4415
2170 3726 1316
2360 4031 4517
4809 4905 1754
1452 3800 2150
3618 4618 3156
1962 2492 2068
1924 2278 3530
1090 1107 4674
230 2301 2836
2933 4001 4757
1276 3213 2304
3501 4323 2810
4107 4274 27
611 4315 2515
2786 4621 1435
3302 4731 348
3963 4088 4835
2164 4193 250
4638 4774 2042
3756 3775 3335
3328 4969 286
4133 4549 4862
2611 4808 1987
4589 4915 4586
184 3880 854
1196 2640 801
3274 3372 1643
3130 3930 929
914 5000 315
312 1884 97
354 4218 4628
36 328 3367
540 3690 2762
55 195 4872
2508 3648 1098
357 3932 4808
2895 3326 3765
535 1677 1949
1234 4759 2004
1554 4645 2415
3658 4369 875
4077 4607 142
2607 2703 3709
3891 4530 706
2630 2653 4893
3879 4896 3956
1757 3112 2520
3098 4335 4679
1136 2278 2684
3540 4424 1321
4193 4765 2009
4948 4952 1077
2040 4975 4160
4372 4962 3130
4260 4776 1829
2685 4016 1494
4038 4700 469
2889 3862 2995
4948 4988 1905
651 2219 1032
4535 4709 3240
1057 4864 2275
3451 4807 1544
4804 4885 199
2341 4509 1462
1625 3911 118
1693 3109 3987
2408 2969 3815
4866 4897 2342
1458 1598 576
2937 4894 4895
3504 4397 2151
4536 4880 4046
1094 4522 495
1299 4256 1175
1694 2304 3783
4789 4986 1410
3689 4917 1531
2234 4431 614
3805 3950 2579
2702 4076 51
3326 3702 4261
4668 4847 1492
2209 4734 3002
1456 3166 3397
4301 4605 2280
3128 3299 4706
1426 2455 313
2926 3070 2242
4618 4669 1350
2490 2526 3048
1539 3552 442
1907 4733 3432
2782 3941 2380
3414 3569 473
4559 4721 1087
3537 4708 1886
367 769 1988
3035 4800 1613
1279 2019 4737
666 1392 242
4237 4344 4099
3780 4948 4776
1482 2563 4449
1795 2574 2308
3529 4861 3601
941 3122 1470
356 4343 1694
2209 2866 1047
1247 3705 2837
2066 3898 354
3109 4392 4024
1906 2217 2935
1533 3821 1254
4926 4966 3692
2032 3737 750
896 4260 2673
4380 4529 1531
3835 4837 680
4616 4827 4094
2986 3175 4858
2709 3716 3726
3006 4373 3734
4355 4417 4670
4020 4928 3546
2546 3437 1580
1588 2391 2825
1910 3367 505
2724 3060 2180
2206 3970 501
2079 3029 4100
1950 2648 1843
2154 2467 3612
3277 3289 4866
376 1723 3278
324 3896 1079
23 4396 2417
2605 4083 4703
2058 3623 3531
433 953 4420
1252 4058 3886
139 283 4978
1586 3453 3971
546 3863 1778
545 3719 920
1522 2432 2433
3505 3758 1863
3275 3677 3550
1871 3012 1893
1664 4315 1045
2884 4717 1413
3668 3810 842
680 2598 1916
3431 3922 3367
4628 4918 2181
4246 4468 4664
2888 4396 4883
3740 4120 3926
2603 2655 1479
2611 4248 3650
1597 4074 910
3426 4728 1456
4207 4531 4200
3041 4972 2318
4528 4941 2888
4420 4898 4379
687 3723 1253
3340 3765 3520
4028 4431 3921
2974 3208 1695
2568 4282 3985
3444 3534 1107
2158 3422 1500
810 1949 4078
1917 3970 351
2006 3987 2764
1486 1777 1731
1547 4233 226
726 3501 4196
4462 4950 4396
4640 4843 3175
3837 4509 3447
2531 3100 1310
1260 4444 1716
4917 4928 1785
4931 4987 4196
60 1596 4479
1239 1960 376
2179 3922 3965
4617 4944 1324
2374 2386 111
3929 4565 4006
3932 4421 1873
301 3997 4279
468 777 672
3071 4593 1310
4057 4530 352
2493 4713 455
2084 2499 1635
1329 4789 3528
1595 4730 4191
1486 3688 3486
1729 4973 993
1216 4359 566
2634 2769 2212
272 1111 2769
4486 4933 3880
1284 2497 898
2085 3187 1948
3274 4655 1868
3094 4461 1214
3596 4684 3894
1540 3553 3074
1919 4856 4978
331 3076 3108
3134 3427 2877
2465 4265 1011
1718 3531 3913
1736 1901 4020
1111 1996 2918
1010 1437 3815
346 1497 1875
3131 4485 803
1061 2344 2937
2294 4908 953
4998 4998 4518
335 2443 1791
1273 4383 1881
4467 4672 4489
2367 2411 4308
3352 4132 2864
3465 4344 3346
1844 3867 386
3392 3593 1794
4456 4529 1272
1393 3651 409
1357 4239 4018
1015 2553 1422
1760 2875 909
3411 4064 1654
3972 4771 2063
3789 3913 3241
3399 4267 2109
4573 4806 402
364 1061 437
3094 4495 2343
995 2914 1769
1047 4128 1679
4280 4422 2715
4777 4900 3536
3607 3949 2939
739 4181 1655
3395 3609 2575
4943 4965 2917
360 4153 1246
3888 4189 2053
2190 2957 2857
708 4898 2738
1286 4915 3104
4519 4759 4742
4283 4805 1877
902 1715 198
940 4105 1152
3538 4100 373
4824 4975 1510
3405 4332 811
1241 1873 3471
2456 2621 2661
4105 4386 3547
3547 4252 4692
2171 2661 548
1926 4947 1629
3098 4027 2666
2111 4352 3071
4913 4950 4765
974 1309 2235
2304 4803 651
2351 4651 4437
196 1719 5000
24 590 3811
725 3291 2690
4048 4919 4313
2445 2874 2100
2182 3126 314
4169 4196 690
539 4147 1299
879 1215 1745
4722 4860 2661
4380 4594 4195
1490 3660 3415
3714 4273 1182
36 1029 451
264 4590 1678
141 1791 3735
3579 3631 2551
2507 3829 4393
2663 3026 360
4543 4913 242
1571 4776 4397
2350 2986 3546
255 307 2087
331 2578 4181
1 2698 4752
897 1238 1734
1684 4572 4994
478 1865 3681
1602 1952 4231
976 4987 1829
2308 4954 4503
32 2562 3355
3717 3887 1335
1053 3042 2591
23 4103 160
4826 4976 4642
4799 4897 188
3995 4124 2188
654 3546 1462
91 3058 1985
2923 4560 1293
1127 3942 4862
3960 4437 1301
513 2937 1273
2249 3389 2711
4162 4520 549
1740 3325 79
1675 3578 2048
3147 3658 1614
1313 2999 449
4456 4519 2570
328 623 2509
908 4145 1684
653 3776 652
45 1548 2821
3758 4126 1053
3883 4075 3153
4099 4236 4741
4226 4340 489
4684 4778 3121
4312 4899 1004
4031 4327 1577
308 343 1753
4041 4189 1956
4322 4411 1335
3364 3762 729
2237 4281 3921
2511 3349 479
3651 3717 723
2897 3793 4256
4163 4299 4931
3398 4364 4750
4970 4993 960
3609 3679 2726
3801 4365 320
3622 4949 2836
4281 4596 4614
2871 2937 828
3908 4514 3047
61 704 950
1914 4738 4655
4712 4970 1862
1120 3561 84
156 3914 4346
2056 3651 3452
71 3063 2445
3975 4371 3645
2756 4047 1855
2794 4094 4708
4490 4999 3015
3504 4168 4622
635 1323 4720
1054 2862 2515
301 467 4309
4437 4822 1373
403 3294 1921
3775 4315 2599
1090 2332 4195
3178 3231 915
3739 4714 2239
3849 4684 4869
2523 2853 3727
4969 4995 3083
892 4242 4341
1183 2120 715
526 3692 3773
4999 4999 2355
1868 3953 3321
1455 4377 1412
2488 2530 245
4059 4862 2967
4183 4358 1064
3557 3928 4521
918 3963 3389
4854 4898 1199
3864 4012 2828
3587 4210 4247
502 3470 216
1594 4863 1949
2382 2661 3715
957 4166 2676
1012 4541 1223
3907 4038 998
2795 4982 4234
427 3084 1484
1001 4993 4233
2451 2521 2898
3358 3751 3866
332 4601 3903
4213 4586 3261
3490 4236 835
1493 4238 4378
4475 4921 2058
2692 3024 1408
3917 4241 3614
4094 4949 2895
154 2766 4773
4627 4726 3863
1370 2151 3281
1311 3255 3449
2725 3133 2589
2757 4620 334
2218 2678 3309
3089 4674 2622
74 4519 1737
3612 4214 1309
4181 4459 3409
3337 4860 2100
2902 4842 3222
4805 4881 4464
4191 4987 4782
4989 5000 4554
1044 3323 689
1284 3317 3413
1175 4846 3898
4334 4984 245
2538 3380 1300
4294 4347 1954
1925 4254 2011
4092 4346 792
4876 4957 4911
3724 4853 3248
3600 3633 4536
3731 3938 3244
3759 4744 1700
4337 4811 3834
3448 3452 178
2618 4265 4448
3720 4502 2512
2660 2960 4343
917 3350 2705
4628 4951 673
474 2908 2979
2943 3686 2463
832 4510 3905
327 2404 3996
650 3820 1154
4856 4936 4604
1329 3587 116
2555 3809 4830
4915 4945 4556
1558 2176 1294
4203 4286 3155
3541 4570 1930
3455 4783 6
4444 4945 4027
1519 1634 1127
4053 4117 1945
4477 4659 3332
4829 4979 3807
1571 2241 1304
194 2514 801
3902 4803 2705
3405 4527 2771
3054 4471 1610
424 4490 3645
1858 2271 4417
489 862 3134
3612 3661 20
2555 2740 3235
4648 4935 2649
4313 4949 3191
3592 4283 3793
2858 4269 2809
1874 2382 2489
2992 3189 4782
4820 4894 2355
4865 4958 3569
2816 4757 589
1827 3916 4777
984 3858 3807
1845 4851 2256
2436 4763 4167
2113 3340 4514
1738 3647 12
4848 4982 1918
4275 4925 889
4829 4907 2945
544 3417 551
4609 4998 2647
634 2006 3865
3435 3645 2570
2034 3537 1962
4378 4441 3350
4179 4291 1658
1156 3624 4173
2197 3234 2204
3729 4353 2252
563 3629 4960
4010 4347 2271
1618 4627 795
3431 3900 706
4986 4988 4768
4224 4258 1166
1712 3850 228
678 3023 2017
1694 4873 3269
4079 4796 4118
2170 3790 3851
2233 4062 879
4440 4477 1646
3353 4198 4154
2239 4036 3167
1294 4492 2436
2009 2738 3857
3183 4374 1114
3798 4983 15
251 2316 8
4492 4668 34
3824 4136 3141
731 1530 4722
2294 3926 2576
4364 4611 3326
4275 4305 1639
125 3303 44
4250 4300 140
1899 2942 3898
3939 4251 4566
1293 1508 4907
701 1318 1383
2270 4086 894
450 3557 4425
3610 4960 956
1495 2058 4350
4309 4904 3282
3558 3817 2539
3930 4678 1668
4064 4300 3125
1499 4751 3340
1480 3402 450
907 4690 855
4537 4539 2187
4932 4944 2118
1812 3515 4829
4715 4847 4709
1500 4623 4031
4036 4944 2295
1663 4418 1606
4401 4519 3433
229 3641 4443
648 2579 2639
3485 3969 448
1154 3283 1267
897 3161 2962
4775 4857 4396
3965 4816 3037
739 3371 4813
1995 4161 4077
651 3906 2054
4743 4784 5
2038 4893 3804
3286 4454 25
1967 4347 532
4939 4984 3388
2296 4105 4569
180 2803 336
295 3285 4078
3885 3956 2374
738 4202 230
1344 4593 4878
4508 4669 3029
3081 4141 663
230 2423 273
2946 3935 3681
1390 2362 1299
2436 3794 4839
2735 3073 1825
1713 2313 2416
639 2558 2389
4567 4948 1515
3814 4857 4618
747 2591 2654
3454 4531 586
503 1544 796
1735 2352 2843
2834 4050 4287
3953 4126 4628
2129 3996 1798
689 3832 2199
4462 4868 3298
254 4902 2360
3362 4256 252
1220 4677 2436
463 2297 23
427 3382 2932
4281 4825 3370
204 1049 1897
2086 4884 448
3482 3788 2849
2526 3848 28
1374 3181 775
4480 4642 1151
4744 4856 4373
3318 4913 1487
4928 4964 4076
4687 4753 4611
2010 4477 4601
2824 4477 4788
4288 4754 4825
4265 4943 2457
1771 3981 347
1022 4187 4159
72 803 421
471 3515 2288
439 1445 2313
3455 4808 887
4529 4717 3846
763 2882 4066
1476 4514 3999
586 3915 1737
430 2921 1663
1016 1655 590
235 2874 3327
796 1447 2464
2732 4653 1219
1983 2568 4742
606 2508 4724
797 2991 503
614 2924 3345
792 941 2282
2008 3173 31
2869 4633 2858
52 2019 3179
2025 4020 2094
4373 4555 869
1547 3524 3012
82 110 1256
201 1682 2210
887 4521 3739
2642 4721 1707
3806 4522 4433
2854 4528 4349
4618 4967 2050
1757 3551 1219
2657 4671 3812
1879 3739 621
163 3025 3132
952 1595 182
2801 4459 539
918 1977 2041
4946 4985 4322
3092 3292 1128
79 2154 2970
2965 3778 934
4450 4873 4191
3272 4378 1527
1204 4558 815
3893 4445 2970
2353 2901 4808
2571 4710 240
1917 2430 3989
1667 4724 1596
1022 1585 2440
4622 4744 4031
3818 3848 2308
613 2702 1511
1037 1385 4537
4497 4802 1692
2584 4591 3125
4688 4788 185
3118 4401 2851
2389 4208 1602
3167 3522 1326
1680 3543 2632
4733 4898 2714
2813 4009 2234
3853 4865 2959
2855 4364 3609
3754 3790 3411
4269 4349 698
3709 3777 2294
2773 3073 1042
274 3111 4478
4242 4277 3509
337 3406 2167
3629 4113 1485
1354 4791 528
2157 3285 3146
740 2502 4904
1113 3414 4832
3086 4885 3469
3040 4582 2609
2230 2339 1060
4582 4684 1535
4698 4804 4027
95 2612 885
909 3540 3266
1447 1617 458
4974 4997 547
4460 4871 1686
1661 4745 4747
749 4894 1902
959 2017 4715
2282 3889 959
2462 4959 1425
1309 4254 424
1534 3575 2071
924 2373 3831
1883 4997 917
1726 3591 135
828 4299 3465
4868 4904 1612
2826 3833 1827
4100 4757 4656
115 3514 351
2192 2415 4820
4413 4547 2864
3160 3582 4515
2954 4113 1582
2465 4195 868
65 4607 431
3285 3744 4272
1049 4356 881
3669 4973 2051
3009 4981 3587
175 890 2439
1564 2661 482
3561 4941 1363
3142 3411 4460
2842 3191 3408
4371 4673 580
4567 4971 291
1682 2519 247
3769 4734 3742
4394 4545 4907
2349 4567 130
2093 3549 3581
1912 3169 4186
1874 4449 3414
1193 2547 943
636 3278 1140
2730 2746 4090
4738 4957 494
1102 1317 2514
716 2030 3907
4289 4589 4302
656 3369 314
1864 2280 3137
2326 2641 4128
803 3529 4081
3421 3891 3167
3489 4329 4070
4890 4977 2641
1796 4222 461
3496 4965 4398
2023 3276 2809
3822 4298 4253
4272 4728 4696
17 4273 1809
1306 1904 91
888 3962 3180
2839 3197 973
1247 4650 1502
2315 4224 659
2728 4805 1823
2749 3303 3787
1416 1825 99
2381 3849 4368
1172 2644 2352
3464 4799 4129
1064 3172 608
1976 2116 1129
3683 3779 1448
4244 4969 666
2560 4546 2814
1491 4286 4814
2064 4081 4937
1591 3182 752
2709 2765 3119
2705 3442 470
1635 2710 2243
4313 4985 2778
2765 4591 1558
2220 3785 77
4485 4555 452
2141 4020 3770
3072 3440 3287
4739 4926 4969
2022 4659 4306
1386 1735 1326
1932 2133 3961
1416 4549 2500
699 4147 571
4841 4993 1098
1543 2244 515
1573 3521 306
4500 4860 1356
412 2371 660
972 1945 501
123 2372 3972
436 830 2826
4979 4996 4004
2790 4221 3260
3848 4735 4765
242 1008 2799
4055 4088 11
3571 4244 1721
1270 1837 1739
2028 3582 3392
801 4177 4578
1354 3221 1516
1281 2921 2480
56 2936 4272
1055 2588 555
2903 3208 1159
2990 4515 1474
963 4164 2675
2879 3944 776
306 4673 4465
966 3748 4621
1484 1953 2229
2476 3161 2734
348 2496 4842
3739 4099 3368
4921 4965 1047
1083 1225 3076
4555 4693 4874
4192 4920 3467
620 2950 3487
3313 4251 4043
2596 3799 1997
2578 2997 3244
114 1397 3461
1981 4818 1784
3759 4809 4213
1512 3791 2754
4030 4356 1399
4966 4986 4815
210 3400 963
56 4258 3699
42 4901 198
1113 2813 3232
456 765 1997
3722 4581 448
4845 4999 2169
258 3777 3774
1256 2068 1689
3479 4271 1599
1950 2871 1408
200 1344 3955
1316 2448 2518
1592 3093 1211
4760 4792 1931
704 1029 4714
1636 2897 4494
4865 4904 2123
2074 4494 1897
3158 4277 1170
2469 2607 3532
1951 2928 3796
2 4893 1962
2266 2364 3866
3318 3749 4367
4097 4347 1229
1839 4843 982
2308 4566 1255
1491 4238 499
3752 4259 2846
1973 3151 2496
3252 4674 256
2193 3054 989
4723 4978 2036
1634 2105 4432
506 2061 4636
3720 3974 2212
1711 4870 3796
3575 4772 359
752 2276 2575
2688 3343 1370
2493 2806 1798
2365 4890 3559
3542 4292 1372
467 4427 4529
3054 3375 1052
4678 4995 1297
3505 4017 372
1680 3455 3052
4784 4908 1774
4385 4792 4624
4640 4756 633
1404 4320 3105
368 483 2556
4802 4954 264
4436 4809 4475
2580 4689 4115
2672 2801 2118
4958 4963 3527
2792 4361 3837
1748 1848 209
3654 4176 483
4022 4315 4862
4001 4167 4263
1308 4609 3611
79 4472 202
1402 2026 4685
4039 4535 512
931 4206 522
46 3446 1782
4125 4724 3515
3421 4755 433
1818 2373 1515
1549 1675 3638
1952 2202 100
3050 4335 2872
4659 4715 532
215 4160 455
515 2451 552
36 874 3738
3702 4566 4127
3770 4518 1276
1372 2738 2227
378 1417 4555
3498 3832 1358
4995 5000 4741
2542 4271 4771
374 1980 1759
1949 4326 3691
2285 4303 904
4756 4877 1705
619 4384 1746
3760 4157 4285
468 3914 3957
1752 1798 1826
3464 4745 1232
4465 4469 1649
2632 4699 2686
801 1152 4345
1508 2338 1401
3619 4240 512
3920 4828 212
3611 3962 2167
747 2809 1624
3976 4238 1278
311 3325 2245
4934 4934 1631
1888 2420 4544
3754 4860 64
2681 3177 3446
3662 3743 202
4245 4375 2126
1898 2318 4073
2049 4327 1159
2123 3059 850
2465 3044 3042
3746 4828 3080
3948 4365 3632
945 1105 2004
174 2117 1696
1932 4181 182
662 2519 3529
3365 3754 4925
3448 3952 1745
1038 3364 2894
245 1475 1262
3896 4653 3772
1598 2937 2623
2988 3363 3982
4575 4793 3792
22 1064 3873
2244 2949 2869
1584 4435 238
