5000 5000
3839 4024 4460
197 4175 2329
3710 4627 2976
2525 3801 3035
191 2516 558
1693 1861 1938
3737 4524 809
3587 4374 868
3347 4214 3456
2354 4717 3645
28 1050 1679
3351 4106 3265
102 2927 4490
3431 4327 4128
1777 3540 913
3801 4208 3595
2544 4269 999
2698 4143 3601
2069 3068 4359
1388 3822 3822
3571 4005 3360
1843 4041 4420
2931 3604 1209
1904 3846 910
1935 4138 2489
2683 4084 3760
2704 4631 4253
236 1266 4668
4581 4963 1275
1769 2915 699
2566 4062 1660
235 2548 3296
1936 4539 2661
130 4431 2260
1456 2731 332
3632 4902 2887
3189 4501 4966
4079 4997 1697
3082 4482 4695
2291 2459 1431
3111 3581 1679
4030 4837 824
1376 3394 3161
3153 3681 2826
1485 3129 1838
3800 4981 2933
2695 4525 1020
121 3444 1107
4346 4393 191
2036 2838 2546
4507 4560 4082
4068 4744 4684
2488 2897 3241
2438 4663 1080
3223 4814 4748
4212 4264 2651
1499 4172 2951
3001 3395 644
4087 4465 4678
1380 3092 141
3868 4104 829
302 2877 4039
3235 4373 3032
1240 2404 4169
2419 4225 3381
1839 4043 2540
1848 4105 2518
669 3785 1425
4195 4345 3261
4538 4547 708
4769 4917 1157
595 3824 1200
3819 4077 1787
4700 4751 794
2168 3654 3489
4267 4635 3386
1855 2745 94
3076 4461 2003
2513 3601 3894
3932 4702 2937
753 2236 851
152 2050 1018
2199 2584 1570
3160 4987 4319
3665 4776 4928
3106 3833 4871
4902 4934 2743
652 3225 3272
3167 3821 1807
1018 2971 3921
981 2695 3119
516 1129 2686
1468 4659 4495
2306 4931 3986
4966 4996 3408
1289 4069 3029
1834 4675 3795
3350 4452 3951
114 1088 2933
2981 3387 463
3051 4703 2567
4180 4426 4382
270 4518 4428
751 4387 4663
4217 4756 2193
2476 2506 2979
1334 3270 4976
4559 4946 813
4143 4344 4602
2339 4199 4247
3038 3524 410
143 2001 4979
4140 4700 1892
4802 4809 1652
3091 4227 2377
2535 4261 2066
1302 3841 3723
2761 4045 2223
2915 4591 4992
2728 3748 4535
3260 3517 1593
3906 4421 1050
595 3954 2484
1806 2700 988
2753 3372 185
1306 1472 3103
2217 4627 4772
3935 4356 1553
3513 4139 3198
1141 1569 1676
3372 4921 2908
285 3409 4310
4400 4953 2354
1677 4804 2716
1254 2037 3908
4760 4847 3117
2815 4028 350
2211 2222 1712
2214 2630 1876
3085 3991 1982
3257 4182 3450
4219 4294 4767
3401 3507 3368
2129 4399 3350
3027 4320 3046
2094 2938 559
4065 4349 4956
2431 3117 3581
1025 2805 1165
3745 4560 4558
2923 4285 2215
3725 4765 1971
2383 4940 3796
2928 3274 1699
1000 4658 3347
2553 3903 1176
3213 4978 785
1077 3609 4501
1563 2439 4303
1555 4792 2811
4333 4526 2687
4349 4648 1040
1899 4548 4160
1805 2176 4242
1259 4775 4090
3070 3723 683
2785 3114 1603
2441 2906 1905
3541 4516 3305
3759 3890 685
1825 3423 4765
2314 3100 1581
3274 4047 4205
3137 3746 3272
2438 4525 4304
3124 3825 2056
2054 3203 3360
1796 2369 2994
2621 4348 3995
320 3802 3765
4332 4786 632
1112 1643 1718
460 494 3578
216 2055 1602
3426 4456 348
715 4407 3008
2344 4944 4879
1180 2692 3526
2569 4271 3173
1910 2300 3583
788 1787 2482
2451 2514 4042
1226 2548 2786
1052 2356 2157
1406 3140 576
1821 1880 752
1104 3077 1163
4629 4962 2692
4796 4955 534
1902 3164 1990
3218 4936 1384
3092 4131 1866
3898 4746 3379
458 2712 409
3648 3959 594
1196 1591 4112
382 1801 2644
4491 4670 2709
2174 2617 2814
395 958 653
179 4101 1263
975 2588 4870
3190 3810 4846
3874 4258 1429
702 942 2469
3430 4765 2448
1253 1541 1690
3879 4636 3937
2412 3431 1280
1492 3341 2581
4192 4221 80
6 621 4746
2963 3753 3403
765 4376 3122
1919 4477 3178
3999 4461 973
4407 4781 1678
3415 4302 1379
3284 3311 3948
4848 4850 4731
1431 2916 759
2845 3531 4748
1984 2736 1125
1036 2707 83
84 3824 3853
3675 4022 4401
1150 4973 2356
84 2265 1333
913 3248 1281
3834 4243 4273
4527 4831 50
2142 2596 81
179 3003 1411
2859 2979 1952
3131 4205 4494
2452 2619 667
3972 4108 1624
2972 3503 3884
2049 2516 823
1730 2001 1640
149 524 2555
1660 2960 4518
2596 4933 1495
2140 4770 2491
634 4994 376
4931 4939 3390
2044 3767 3240
3994 4188 929
2167 3673 2993
4993 4993 2764
3396 3522 903
3053 4248 3049
4416 4454 1634
580 4017 854
285 3469 76
322 4162 3528
4060 4824 3130
3564 3925 4830
4852 4886 1262
4481 4815 3401
1472 2477 1901
361 1340 642
1231 1369 1949
4974 4995 1656
223 4260 1838
706 1293 845
2848 3249 3831
4046 4461 3892
1519 2740 2124
1026 3614 930
377 1293 3667
151 4535 336
4550 4746 1211
3030 3916 2832
3729 4643 239
3744 4618 2305
2324 4916 916
3833 4168 59
161 4564 4299
2136 4312 4780
848 4001 2484
4854 4929 3127
2237 4652 1854
1644 4970 2463
656 1841 2728
4163 4703 1321
3046 3181 4522
4691 4849 122
2216 3806 1920
957 4476 4817
1105 3313 4654
2000 2062 1097
833 971 3078
1098 1537 4755
648 2038 3401
3804 4621 2187
799 2829 921
4645 4874 1321
4794 4920 102
4023 4856 1580
2389 4867 1685
699 1769 1396
3852 3974 2205
4364 4381 807
385 4184 4838
2813 3448 2781
1494 2762 4535
2558 2751 2177
3840 4057 3465
1527 4674 3748
2062 4771 2310
2665 3615 1435
4482 4870 4783
4093 4826 2550
2339 3685 306
1604 3474 2812
1439 1624 315
4626 4774 4416
1876 4391 3869
526 2904 3258
2045 4008 2705
1795 3328 2273
1269 3863 4880
4936 4969 662
2148 3288 2434
3150 4974 1697
4174 4800 1904
3325 4066 258
2787 4196 2281
3353 4298 1729
765 1306 3325
185 2160 4140
1851 3638 255
1041 3690 4582
971 2212 4036
4753 4975 4295
4153 4776 1792
1789 2894 724
3794 4762 3990
4852 4933 1256
868 4555 2075
3994 4656 2664
274 3226 4120
1660 2929 4807
3156 3220 159
642 922 2605
2869 3261 354
360 3817 1531
831 4271 3441
1419 3958 254
3731 4966 1074
3507 4470 2944
494 1551 462
2553 4994 4692
2928 4933 4585
2573 3424 1436
542 3919 298
4019 4618 2177
1758 3312 2526
1166 3022 406
2209 3675 4892
1171 3732 4740
4828 4877 3025
4252 4944 130
3073 3219 871
589 1632 2106
4613 4616 962
2692 4445 4845
2693 3806 2693
2239 4885 3036
2059 3999 122
2707 4628 1591
4275 4516 1168
1492 1916 710
1605 3797 919
975 3784 2887
177 3970 2702
3083 3233 4341
69 1689 126
2884 3902 3983
1633 3200 1783
4209 4647 4240
3141 3801 4325
3408 4788 3880
4523 4601 2037
1484 2995 1018
962 1809 197
443 4228 180
2286 2337 1174
4122 4235 3699
3754 4875 314
3594 4713 2067
3812 4125 1182
2262 4857 3511
155 927 3554
281 750 3198
245 4084 1000
2296 3950 1369
2971 4909 1339
2927 4654 2208
3257 4911 3708
3492 4430 3953
3262 4313 4182
4428 4548 3549
3084 4520 2005
2721 3176 25
1922 4893 2806
2592 3563 2302
200 4897 835
4993 4997 2869
851 2125 4075
2593 2957 4670
2518 3317 667
695 1603 418
2531 4068 1002
3095 4688 1338
2261 2427 2536
3762 4565 4180
4495 4526 1466
1564 2861 522
916 4041 223
4488 4868 4568
1334 4569 2097
1665 3694 2992
2163 2390 490
1402 4253 2414
991 2516 2618
4881 4961 1647
61 2140 543
4536 4647 3711
3521 4248 3057
2420 3785 2493
1371 2569 2889
4750 4847 3836
4330 4423 1623
999 2033 446
3683 4263 1092
1214 3197 4910
4873 4946 3845
3758 3793 2649
993 3671 2870
4607 4750 1157
2761 4931 1888
1133 3463 2283
3756 4307 796
3243 4613 1429
1492 1690 1751
579 4201 843
1147 4186 655
2135 3209 4403
1682 2283 4968
3593 3766 2542
49 239 1191
3106 4617 1100
1579 3257 1172
2296 3274 3504
4554 4847 4604
2111 2446 279
1400 3882 3499
797 3359 4361
266 2740 759
4551 4580 2898
886 4702 2158
862 970 624
3458 3869 4680
1386 4528 3
1550 4422 1212
709 3924 3432
4537 4637 597
3118 4161 2492
2795 4661 2084
3566 4262 3627
3300 4893 2087
1537 4558 2883
548 2671 2647
1631 3472 1419
4914 4982 2243
4426 4953 4674
1770 4870 4123
3269 3554 4881
4499 4697 2056
3120 4483 4697
643 2416 3504
2307 4666 4692
972 2861 283
4995 4999 3359
4917 4975 2617
194 3859 341
2225 3701 1784
4882 4885 4003
590 2880 3161
23 1783 3231
2059 3589 1609
2364 2828 601
3322 4715 3454
1393 4058 4098
1425 2406 1972
1310 2818 4299
691 1513 2000
1256 2254 3148
1808 4109 4306
3242 4756 4761
244 3300 2353
533 4659 203
2653 4518 4327
2181 4878 2646
1340 3105 4848
2041 2573 3123
4488 4817 2315
243 3455 1568
4773 4847 623
2144 2794 2644
755 1347 3769
1453 2252 3720
3395 4848 3030
1345 4633 1368
390 2031 2300
2456 3952 3287
2067 3199 2200
766 3750 1854
3571 4598 3636
4475 4895 4042
3090 4086 4675
900 3961 4907
2147 2931 3313
117 1817 1593
503 4090 635
1901 3238 2040
4859 4867 4991
404 4985 3879
1475 3343 3147
557 1555 3125
1294 1988 274
574 687 2882
757 2930 1194
3235 3731 4848
4882 4914 998
2593 4536 454
2572 4448 399
2902 3976 2280
546 2941 2149
2964 3688 2872
4318 4430 1991
2956 3806 3402
1310 3656 261
1557 2195 3637
2821 4015 4484
2188 4548 3213
1127 1130 3283
590 4502 2729
361 1298 2968
1305 3735 3269
4409 4922 1429
2259 2283 4941
4483 4494 1262
3695 3764 4635
4459 4683 4923
3980 4476 4577
3433 4220 2973
3973 4889 741
2242 4528 843
383 4730 150
1199 3508 3981
1984 2192 1270
3711 4176 2784
1947 3077 2131
256 703 1147
1937 3531 3285
4139 4438 4627
1453 4924 1952
1997 4709 4361
4987 4999 1082
1704 4997 3060
4774 4912 3209
3923 4992 2298
296 4294 4453
3939 4335 1376
3859 4896 3489
953 1641 2441
199 782 3401
3256 3426 266
745 2912 420
3816 4665 129
1865 3653 62
3058 4004 2616
3844 4479 673
257 4700 939
3824 4256 4243
1431 4471 4680
2067 4824 2816
4110 4925 3937
3074 4497 501
80 3459 1623
4599 4649 2953
4397 4606 1812
1618 3288 585
1733 3481 3240
663 3326 2063
3948 4168 4009
2032 3325 1021
1679 4303 3309
30 3145 4412
1239 3381 4958
2364 3034 4042
813 2843 3084
893 3808 2681
4957 4973 422
1747 4027 2788
1317 2861 1442
2731 4408 4631
1889 2504 2119
853 1632 812
460 2558 666
4478 4797 3482
2310 4258 3906
2033 2273 2206
2490 3111 967
1351 3216 2014
1518 2269 1162
4849 4958 4417
679 3883 3467
4152 4367 4842
1347 4029 419
1287 3834 2405
2900 3336 2931
3388 3594 799
1444 2935 4852
1393 2498 1939
2225 2935 3420
363 2475 4861
1888 3834 2743
1216 3772 2602
1449 2074 1189
18 1684 2688
1550 3344 3273
2481 3797 2648
1789 1865 882
1985 4652 4383
4699 4813 4086
2909 2959 3059
116 3127 2381
3930 3996 4087
3235 3236 4955
2305 4839 3778
3672 4170 1374
2374 4447 2653
2139 4128 2895
4116 4972 3028
4407 4468 442
2228 3845 12
2587 4769 3545
3741 4593 4827
3751 3917 2597
485 1389 1155
2828 4170 2892
1194 3820 2249
1781 2918 1309
3574 4846 3380
1254 1346 4702
3180 3514 4221
4979 4986 3064
370 4830 3531
2650 3061 3934
1469 3894 1187
1382 2741 3917
141 3028 2095
4523 4630 772
4730 4740 3847
2715 4181 1521
4444 4484 1122
607 2473 536
4045 4877 788
3410 4330 859
4878 4929 4095
1853 2107 2698
2496 3556 4498
3133 4229 4124
3845 4680 4819
4127 4355 10
2887 3223 4946
1616 3664 670
187 1680 2005
2092 3368 2899
440 1542 409
2440 2844 1570
222 920 4590
192 4306 1624
1701 4074 4421
4659 4974 2807
3195 3592 3380
5 1946 3284
3752 4362 23
459 3978 3004
2865 4032 3950
2052 4474 1339
1915 2359 3037
429 1586 3025
234 3615 4290
3305 3499 3675
3837 4777 729
3907 4250 2226
2495 4161 4067
3598 4558 4304
750 4519 3
3747 4985 1496
4479 4887 1317
1298 3474 4450
620 2014 4919
1811 2315 3165
367 2710 3116
3058 4271 3540
1961 2227 400
261 3626 3505
109 677 4980
2123 3346 4155
3291 4214 2597
1722 3289 408
3960 4137 3194
4918 4956 4214
1210 4438 814
3383 4899 3637
344 4093 1574
386 3610 3438
219 2180 565
532 2552 1666
3864 4218 3710
2993 3989 665
3208 4050 4408
4307 4602 21
4701 4849 2046
3817 3946 2801
1034 1176 108
4838 4862 2027
2652 3982 3094
3065 3601 3722
4108 4148 2884
3720 3893 226
4607 4791 94
4937 4961 3794
4424 4814 3243
4825 4957 1341
3976 4332 2676
2638 3965 103
4673 4965 4129
226 2449 407
3642 4808 3941
1807 4637 4612
568 1025 1301
4117 4395 3529
73 4099 1167
79 4419 2662
4838 4992 2817
3322 3660 477
3713 4123 4673
230 238 2312
151 2144 2634
432 3218 4883
1605 1857 713
4394 4482 1386
4031 4847 1887
360 2007 1297
3357 4949 4619
895 2009 160
1055 4000 1272
4338 4861 1172
2765 4677 127
137 4335 4421
1732 4078 2816
2879 3991 3826
1346 4581 2763
3497 3624 3458
1590 2727 520
1354 4043 4084
2243 2527 3900
4736 4904 4421
602 4383 3818
2159 2216 2403
1316 4518 3142
289 671 3885
2057 4468 97
3851 4225 831
2848 4916 98
4832 4862 3131
4035 4677 755
747 1641 4978
3517 3562 1065
3143 4863 1453
4358 4686 3427
4595 4929 3822
3280 4452 4200
3727 3880 288
911 1223 970
3314 3890 1654
4456 4499 2006
3004 4993 3646
260 4143 4577
153 1101 588
4241 4800 3612
3614 4664 988
72 4140 718
2013 4464 2622
2670 3652 886
3622 4911 1820
2531 3030 707
2494 3605 3241
926 3980 3875
3304 3781 2188
1795 3102 4335
532 3155 3539
380 3810 2128
1537 1577 3214
1229 3134 1391
1821 4936 4471
2194 3510 3100
3556 4344 579
2922 3573 3153
3594 4514 4070
710 978 2732
2997 4857 851
3625 4202 2649
1421 1455 1121
4731 4788 516
320 3662 516
1301 4450 3710
3551 4813 4337
2128 2877 4239
572 2656 124
3177 3390 2312
1547 4498 4648
2669 4696 1160
4273 4654 4015
4911 4974 1022
3934 4161 145
4614 4628 695
366 4850 53
1280 2938 600
1891 2709 3101
4945 4965 3518
527 3303 4368
3651 3704 121
3897 4564 2032
1728 2411 1969
1197 2780 969
367 4700 1231
1041 3307 2452
3773 3817 4980
3619 3702 209
4371 4628 2832
4240 4656 4380
2425 4397 3213
186 2160 3194
1069 1481 2644
932 4689 564
3962 4020 3532
4260 4978 94
4924 4950 903
2027 4250 2898
3836 4525 4147
2210 3081 4450
2993 3605 4562
137 3744 1776
3310 3663 978
3256 3389 2417
435 4404 2485
430 1747 3541
3492 4774 4878
1375 2768 600
2620 3823 3725
3602 4719 4539
2917 3127 2047
2127 4527 2964
2546 4918 2123
3508 4966 313
890 2928 2857
1959 3492 2854
3219 4204 3295
4755 4974 1890
2735 3893 1099
4619 4775 2802
4801 4857 1104
776 4656 2278
685 1116 1588
3654 4758 860
4495 4563 3149
2514 4790 3394
3500 4790 2395
3034 4184 3871
201 1425 1650
4001 4054 3453
4559 4885 1059
4905 4949 2893
4327 4495 1229
4938 4987 4412
1043 3857 3190
3843 4522 642
1547 4985 1234
2786 2799 3786
3595 3793 2488
4775 4783 4538
2330 3524 4818
2119 3726 1182
1088 1232 4399
317 4678 3633
705 4091 3812
445 4254 3054
2483 4275 20
1120 4363 1981
3854 3918 3524
697 3313 2419
4884 4963 2954
4469 4571 593
3054 3685 4993
4251 4581 4984
708 4880 2670
1226 1277 3048
2792 3166 2148
2463 2999 1963
4624 4692 4372
752 2232 3291
3317 4498 17
2678 2903 964
4311 4864 4643
1676 4291 2777
4710 4879 4230
4771 4985 4143
3707 4454 3439
2821 4081 2579
3950 4183 1935
948 3331 4780
63 1839 3955
4243 4601 1704
1784 3416 1181
4338 4793 2654
1290 2947 1411
2862 3961 127
3228 3880 4987
2645 4285 2280
4023 4097 1921
4779 4970 4607
749 2956 754
841 2769 1363
2806 4263 1978
4453 4867 1107
3146 3433 3083
4634 4677 4474
643 1788 3411
56 4319 2596
3484 4428 4947
1798 4793 2014
833 1897 4164
2176 2796 1420
660 1363 3155
2827 3945 4397
4803 4876 801
258 2633 3650
4076 4613 1234
3254 4537 1579
3116 3656 4616
4185 4796 1413
4032 4739 2424
38 2627 267
2838 3205 3204
493 1580 3015
370 3266 2162
3931 4374 4748
1355 1533 3235
311 4061 2176
2475 3836 3719
4678 4804 365
618 4447 469
1971 4860 84
4585 4739 839
4238 4277 600
1415 2040 988
701 4321 2383
2752 2855 2987
4461 4982 1350
821 1247 460
2703 4973 4133
203 4439 3278
1062 4269 2824
3105 4792 183
4025 4764 1938
1215 4784 3721
262 1995 998
215 3362 223
2460 2650 1156
916 2875 4277
3570 4955 2166
1416 4583 2884
1064 3673 4430
554 704 3722
1171 3445 4103
1698 4525 3492
4739 4953 3752
2360 3611 1833
769 4571 3672
1425 4371 1214
1660 4167 770
3062 4510 3933
4353 4994 862
181 3262 4372
3076 3410 3497
3609 4823 4396
3227 3987 1605
3186 3518 2456
1762 3239 2855
1340 3071 1082
1709 4372 2238
1956 3768 412
1128 4627 3684
1380 4107 2626
1218 3137 2693
1260 2559 885
4192 4995 3278
94 1053 2329
406 962 4703
2006 3263 1396
230 938 1870
2328 3331 1527
4409 4705 1757
1892 3184 2597
1151 3599 1448
3748 3897 3442
884 4335 4357
2674 3467 2188
2937 3261 4008
783 4041 649
4510 4991 2828
4473 4984 3511
819 1906 562
2175 3084 135
639 1886 1106
3861 4066 2093
4570 4755 2140
2965 3594 3333
1736 3224 4612
2520 3761 3707
4427 4452 3768
595 1473 4922
4029 4923 3410
734 3139 1364
1289 3709 3622
4778 4928 2862
2479 4075 2004
263 1456 2194
3421 4941 4805
1647 4854 796
712 2566 4069
4791 4967 3554
2831 4821 284
1653 2341 2172
1985 4926 4307
4820 4951 4907
3476 4660 2412
1530 4337 1631
3814 4132 120
2132 2181 1069
2153 4172 3363
52 4755 950
3233 4633 4166
3903 4083 1337
2496 2855 4681
2665 4353 3403
1186 1788 2943
3629 4849 746
3466 3742 2390
4179 4307 2099
1309 4319 568
2924 4195 1463
3989 4524 4129
581 1460 4871
3314 3450 497
3106 4952 866
1087 1572 2748
2034 4335 4391
3899 4454 4944
4704 4969 674
1429 2184 3000
4079 4569 656
3488 4909 1074
2983 3882 353
67 3556 2515
2157 4323 3212
2165 4128 2377
4889 4999 969
4336 4563 2928
1887 4138 4436
93 4401 3245
883 1186 4519
3901 4485 2399
2421 3485 3617
3052 3087 3026
3082 4021 3425
491 2671 3073
1263 2034 4117
2863 3731 4200
624 4795 1359
698 1422 2291
2395 2418 241
4049 4166 2161
1803 4501 2590
2993 3203 2248
204 270 4909
2972 3555 3943
1299 3800 4095
2719 2852 4934
1662 3913 1406
2104 3624 3101
2953 3516 950
2835 2905 411
1229 1514 4205
2732 4340 2220
596 2172 1768
3333 4223 676
4437 4893 2116
2175 4000 1975
2595 4708 3708
1329 4518 3605
3912 4222 787
3657 4904 2616
1764 4914 1895
4203 4839 1307
1523 4587 976
714 3593 2036
2548 2599 4820
4947 4956 2799
3868 4094 411
1331 4229 3826
623 1459 2975
2997 3298 853
2714 4723 2432
4554 4604 2499
4631 4979 4904
4480 4740 511
1544 2611 177
141 1929 4975
2793 4612 2662
2623 3455 1764
3640 4593 4875
1781 3266 2477
1656 4263 3087
1665 2856 3933
4180 4372 3314
1655 2183 3082
743 2341 2842
4929 4999 75
2070 3776 4059
1278 3638 828
1687 4569 3362
3313 3954 1584
944 2505 1552
18 2734 4980
4782 4915 373
1094 3304 3972
2827 3785 4913
3793 4158 1283
3455 4284 2329
4178 4891 1509
322 4823 1227
3271 3284 3988
4767 4872 292
1278 2548 4137
1043 4895 2431
1528 4481 3455
258 4903 787
3589 4718 4250
2652 3108 2052
1015 3932 4362
4603 4866 2487
727 4015 4545
1584 2192 2078
808 3364 4249
3437 4874 4871
1662 4460 4550
3323 3830 1011
3300 4791 556
4340 4455 822
2546 2942 4937
3649 4801 2636
2810 3887 3505
2031 4519 4027
2484 4774 1204
2643 4759 474
1692 2165 382
1753 4817 2160
4043 4987 768
1307 3254 4458
2861 4363 3529
4450 4491 1571
3440 3636 4776
2485 3261 1952
2672 3922 1653
1521 3554 4269
3906 4563 4461
3378 4742 2177
66 2315 3259
3188 4929 1386
1616 1988 143
40 1427 2128
3661 4080 1851
1446 3600 1208
3531 4463 3072
4453 4930 769
706 4065 4670
1174 1973 4024
4485 4694 1421
444 3766 182
4294 4468 3821
4970 4985 1892
3009 3619 2632
2705 4435 2600
4691 4936 257
4268 4884 99
2735 4376 4655
2824 2843 846
274 2883 196
4288 4388 4724
1681 2022 957
4167 4405 853
4731 4887 1551
705 3000 4335
4648 4976 1138
63 1020 3575
3951 4339 422
2554 3676 3347
3048 4329 2190
4547 4867 4456
2909 3918 2236
2458 3022 2365
3262 4228 3990
1142 1148 987
2073 3916 4503
2050 3966 1318
988 3498 1532
3585 3920 4314
413 4369 2321
2661 4682 2877
4639 4803 2136
1967 2652 1130
3985 4133 1193
2033 4726 1846
1175 1673 4009
882 4343 4580
1823 2776 4870
1856 4922 1951
3514 3645 3323
72 4648 3280
4310 4973 4817
1025 3843 497
403 3389 4692
3013 4264 2137
4883 4932 1447
2932 3491 672
3719 4617 3116
4167 4441 781
1884 3381 3490
3553 3844 2685
3488 3916 2545
3125 3675 4215
559 566 2603
3419 3608 1569
665 2632 4879
2664 3811 4701
344 2671 4847
3719 4094 2542
2517 4257 4124
1026 4889 2443
3545 4959 1460
2200 2942 4558
4935 4990 1478
2085 3981 4941
2515 4952 305
1324 2985 771
3795 4260 2816
4725 4929 2973
3651 3862 518
397 2269 4521
2623 4535 4795
857 3231 3624
114 3295 1790
4553 4994 2405
3879 4867 1506
4147 4999 1922
2999 3787 2413
1852 2094 1483
1235 1860 3383
4111 4251 3441
4173 4553 3855
2572 3324 2849
1230 4883 1526
1575 2697 123
2084 3761 2529
151 1376 2640
1426 3839 64
1121 3859 3963
3177 3651 856
924 1713 4301
1093 3448 4910
564 3157 1741
1103 3006 3780
491 3244 4691
2435 3614 4102
417 3060 884
1763 2616 346
3291 4840 3281
4838 4926 3054
4986 4987 2567
1394 4423 2554
3488 4183 2460
311 3269 709
3406 4042 646
3954 4190 4552
1330 2383 1539
2790 4347 2681
2667 4774 3039
4168 4768 4392
3343 3914 4916
3749 4889 751
4429 4764 2251
4610 4945 4228
2938 3582 3101
3337 4642 1519
2421 2812 2637
4615 4901 4864
4470 4889 510
2794 4494 2194
2112 2348 891
1864 4173 4306
2692 3884 3551
908 3309 2242
1049 3860 2275
4854 4911 1478
890 4252 308
3592 3824 4538
1481 4084 4107
1840 3125 1550
4083 4788 1073
3241 4115 3269
447 2838 4651
4967 4989 4474
2373 4675 1403
409 3400 2871
3580 3608 2221
1934 4606 1085
836 2793 3586
4884 4887 2736
4654 4883 4716
4421 4855 392
397 3724 1448
198 4583 1084
907 1924 4892
1575 3101 1985
3886 4934 2873
1402 3943 3945
861 3225 1923
4233 4517 3935
3141 4020 3772
3934 4859 3420
4835 4979 1746
1533 1847 1943
2982 4637 3529
2455 4418 4901
198 1335 2464
42 2740 1974
2428 3288 4284
3180 3290 633
3394 4990 2331
4480 4492 2133
3203 3927 540
3580 3613 2016
4151 4196 3661
1661 2729 1733
4601 4932 2566
1636 4849 621
3682 4145 1440
1654 4954 3258
1433 4184 2114
1369 2981 1903
4739 4763 446
3948 4664 2085
2889 4498 2493
2758 3106 3444
3206 4049 2144
265 4087 1148
4386 4961 4743
3237 4567 4754
1685 4304 4706
1423 1870 3761
1104 2233 4323
2173 3036 1516
4043 4756 3458
1836 2711 2034
1133 3207 2536
711 4420 3912
1996 4642 62
1090 1437 4330
4612 4965 1807
577 3737 3770
2416 3103 2715
2563 3287 806
4924 4996 2366
721 1563 2049
4301 4440 741
4066 4600 2876
4513 4758 4324
1691 3171 1928
4205 4956 3174
780 4267 1068
3675 3708 3011
2222 3215 623
707 3784 3292
4443 4859 1701
1679 2482 664
2592 2933 1762
701 4984 3534
4046 4989 611
4227 4421 4523
2706 4929 3208
2352 4491 3960
862 1424 3833
2943 4924 2543
996 4512 2530
752 4787 2819
3605 4130 1280
1945 3752 194
2261 2779 4720
4948 4961 4669
1112 3243 3507
3415 4208 1947
388 859 208
1810 4281 1459
3320 4385 501
1454 3174 4293
2732 3540 1107
4141 4796 1220
4159 4585 4045
747 4321 1091
4656 4911 2234
2174 4517 3744
3712 4054 3008
3671 4304 3396
380 1442 832
549 686 3670
4061 4504 1665
2603 4929 2016
1775 2583 2525
4651 4695 521
3403 3832 1968
1505 4240 1626
4288 4590 291
1937 2983 4149
1398 1650 2535
998 2690 1090
681 4116 3922
4880 4895 1429
2069 3206 495
1577 3783 4129
234 3390 1923
4353 4753 2485
3940 4733 4046
3461 4062 3595
3261 3532 1382
562 2079 2455
908 2863 3502
1463 3317 4308
3480 3991 3771
1081 2765 2880
2721 4779 676
807 1448 460
2761 3398 2204
4661 4783 1280
3702 4419 1144
1924 2673 3815
2736 3794 2642
1140 1985 3680
1631 3788 1181
2297 4118 713
2575 3853 3810
4206 4553 598
2445 4580 591
773 4143 4859
1483 2053 3311
4870 4898 1445
2716 3899 1666
3467 4694 2998
2483 3757 1724
3049 4560 1237
1997 4456 4109
1004 3763 1953
1218 1458 1548
4272 4786 4126
2403 2905 689
2406 3634 1412
1231 3410 4308
1594 4929 2393
3942 4365 466
391 4790 4650
3788 4997 1174
2253 4510 4720
546 1781 4865
4775 4913 3997
435 3661 659
4555 4647 1290
4017 4769 4141
4476 4962 3148
661 3258 3099
3398 4181 2488
3501 3742 2381
2321 4752 3900
3853 4319 3196
1527 3023 1480
4878 4941 1281
543 1429 3225
142 2166 1648
2637 3479 4716
1958 4324 3525
1436 3249 3486
4408 4755 2727
4891 4900 1922
3640 4343 3729
3745 3829 4906
3985 4616 1945
4341 4350 2234
418 4756 4876
2273 4820 930
245 3875 1097
3459 3546 4927
726 3293 1941
3300 3698 1237
1216 3769 2128
4516 4570 2493
837 1914 1714
992 3373 2124
899 4531 2368
4866 4887 2316
1245 3344 3701
2502 3681 1856
3169 4431 3059
3136 4848 2862
1279 2989 3442
1324 2207 2755
391 4248 4533
1227 4186 1
4216 4739 2252
1522 3981 4002
3217 4989 4170
210 720 1036
4879 4996 1663
3638 4554 3756
3722 4983 660
4695 4807 1694
844 2821 4457
3285 3499 4237
4861 4969 3285
4404 4480 3361
4687 4728 604
2798 3107 2692
115 2019 4768
4622 4785 2135
3029 3809 4360
2043 2686 1454
317 3109 4807
1611 3259 1024
4314 4995 2543
620 4136 170
2707 3955 1961
1695 4257 2543
948 4501 2522
3729 4596 2405
533 4022 4073
2476 4858 2487
3450 3931 1262
4537 4620 2765
3811 4156 2236
2249 3852 2029
76 496 2685
4849 4925 160
1405 3046 4856
846 4504 4763
1942 2333 732
4163 4682 2970
451 2969 3060
1622 4860 3319
2879 3166 490
1719 4703 3546
4498 4693 4320
1168 4474 3197
2980 4280 1273
55 3404 2010
2530 2656 446
1679 3040 3441
592 734 3881
2413 4768 3394
821 1400 3192
776 1410 88
4922 4997 4290
773 3508 1023
3673 3840 731
2414 3625 4067
2831 3250 608
2571 4061 1541
3960 4596 4940
1294 4573 2059
3552 4353 4606
3509 4118 4643
4137 4305 719
2768 3594 1468
1934 3297 1739
4619 4680 1112
2286 4588 486
532 3672 4582
401 2698 583
574 1609 3765
1966 2394 2619
1656 4086 4390
1657 4997 1015
1388 2015 4273
489 1346 1335
2902 4210 388
2012 2746 3315
3728 3948 1356
3390 4695 4725
2698 4569 4073
3569 3959 1666
1544 2317 217
3679 4170 2373
3996 4610 3960
1242 1791 887
81 3449 2707
4228 4339 1109
1095 2463 4803
1599 3981 2025
75 3501 4361
4576 4969 4849
3936 4478 2972
3368 4245 3217
893 3022 2430
483 4156 1290
1758 1970 259
4228 4663 1320
288 3601 3285
457 2858 3602
4793 4942 2177
3859 4606 4948
2166 2596 1462
574 2453 738
3137 4956 455
616 3258 1617
4892 4960 2793
4573 4942 1598
1034 1845 3709
3087 3491 4771
2728 3530 4120
851 2334 2411
2720 3818 1503
2035 4801 974
1420 3352 2782
3493 4975 2764
1323 2213 2467
2858 3244 2018
770 1034 987
702 3313 2024
2460 3823 370
3385 4392 3036
688 2350 233
1682 2689 2093
3235 4690 4321
3322 4328 4977
4355 4395 967
677 3550 4614
134 1140 2884
1823 2335 4071
2104 2809 1786
3156 3196 3939
2458 4392 3169
1389 2644 1323
1508 4530 1774
1869 2493 4245
4179 4454 1905
1533 4199 2396
4244 4794 4831
3743 4103 172
3854 4930 2047
3181 3952 2491
4257 4733 2704
1200 4274 4605
2079 3541 725
4404 4663 3454
2722 2724 3301
1140 3707 1981
466 2059 2349
363 1739 809
4436 4799 4097
1932 4888 481
299 4323 872
1525 1883 3064
2218 2422 2523
78 804 1195
2330 3566 3752
2304 3298 3327
3 328 4612
533 3382 2843
1396 3229 290
2650 3951 1803
2975 4269 1665
4781 4942 3173
3618 3957 2528
1575 3040 4035
3474 4937 2511
2287 4549 2865
10 3249 2764
31 3199 824
1301 4781 1165
4343 4846 107
1424 2947 1522
917 2123 3928
2953 4482 4516
2313 3984 906
812 2888 823
2630 4902 1926
2171 4378 3712
2207 2683 2302
2169 3457 3367
2230 4164 3353
2381 3326 4329
488 4965 2514
881 4375 3081
4160 4730 1618
4094 4792 3018
2874 3217 3828
929 3072 1904
433 2391 1134
1340 2291 4354
1804 4078 1225
4803 4925 2453
3690 4710 4792
1595 4949 4539
3040 3272 1023
3405 3660 1027
3208 3240 4546
1273 3403 1840
2268 2383 4757
2081 2801 3920
2010 4629 4683
1212 2478 2135
2922 3533 2049
11 1209 3132
2936 4981 3558
3430 4820 3308
3651 4107 1665
2040 3321 3453
4615 4799 3379
4706 4957 4791
95 3457 2478
3930 4888 4163
719 4372 3982
2288 3563 2305
2610 4421 2772
2690 4781 1547
3004 3512 2422
3792 4455 531
1147 3546 2294
3918 4771 1211
4702 4704 314
4510 4610 1753
3013 3965 2799
4224 4703 413
3515 3947 2605
1401 3920 3201
2658 4535 53
1033 3950 1232
2109 3806 4486
338 1307 2801
3536 3840 1477
413 541 2945
2421 4526 2584
4219 4463 1313
1840 3311 3445
4576 4629 1889
403 2537 1850
1902 3215 4332
1316 3134 427
4452 4760 1932
3098 3604 2357
1464 2346 2292
775 1043 4065
1037 1309 1094
3108 4922 4668
2246 3110 1261
4592 4917 577
1918 4575 1588
1023 2774 3993
3550 3696 2611
4644 4952 2642
4878 4895 1280
1491 2230 4290
325 2447 3429
3628 4661 394
3090 4994 1986
160 689 1355
3018 3108 4195
4298 4811 3125
3139 3742 4398
148 4268 3963
3917 4787 948
3122 4027 483
2323 2441 25
736 1797 3192
562 2246 2119
1950 3607 1807
1186 4582 1552
3073 4513 1552
1629 3585 3836
2306 2754 1111
860 4721 803
3498 4349 137
1496 4306 1360
2383 3286 4469
1636 3382 2110
869 2346 870
3734 4519 846
1385 1616 772
942 3672 4554
2071 4782 4894
3657 3858 3453
4072 4371 4724
3070 3310 3283
1257 3959 2723
4621 4660 916
4120 4735 4548
979 2974 430
1126 2276 4140
3685 4236 497
4459 4773 3133
1144 4595 1112
1473 2593 964
4540 4989 4107
2766 2808 2820
3397 4223 1486
1571 3280 813
4529 4962 3763
1020 3967 4217
12 1249 3029
276 967 4744
2197 4729 156
4387 4734 367
3690 4043 2184
2168 3210 1772
2389 4948 2114
4798 4977 2792
4384 4627 4570
2089 4379 3363
18 1958 1244
3531 3540 2476
560 3218 4826
1433 3695 286
2334 3989 2863
1769 1900 3694
1768 2873 1754
226 1812 3852
866 1065 1133
161 413 1274
4574 4970 4856
3394 4981 3509
31 2995 859
1417 3939 147
3157 4369 593
4179 4527 4138
2733 4915 679
3778 4628 689
998 3731 4939
4772 4843 1229
4648 4682 3016
4721 4897 604
841 3932 4575
1023 2657 4808
3824 4305 375
516 2874 2195
4055 4831 2877
3698 3905 3334
102 4311 3745
1853 4952 4937
4477 4608 1561
103 143 106
682 778 91
444 3297 933
2019 4593 3569
60 1714 2275
1759 3462 4211
2645 3249 3820
485 4539 924
413 2869 399
4415 4888 4226
1231 2830 710
2668 2951 1465
21 2603 4938
1899 3287 311
1809 3594 1999
2749 3805 1181
2527 5000 4782
2699 2763 1706
3306 4027 4002
3674 4563 4748
3184 4758 1976
816 1974 2641
4716 4881 4641
2755 4429 689
1727 4502 2587
102 4291 121
998 3464 3530
577 1680 4414
1251 3848 4369
937 2045 2598
2088 2886 2843
4572 4974 182
497 3599 2505
3398 4483 198
2845 4148 592
2257 4557 5
519 2021 343
1344 3258 4326
3484 3589 4765
2013 4331 4251
2018 4207 3770
4454 4792 364
2219 3636 1674
4258 4943 4528
3625 4964 2108
3685 3860 184
4039 4470 3453
3826 4270 1287
1280 4145 4731
1649 4393 1443
3122 3525 725
1284 4696 3634
1282 3073 3945
1109 4303 1940
303 1908 2508
3224 3812 2209
1304 3013 1028
2863 2906 1345
1362 3771 128
3671 4612 489
1181 2531 841
3523 4977 3053
3265 4462 1386
1464 1595 2570
4372 4535 843
4432 4503 936
2614 4926 4129
1106 4322 3568
4541 4891 489
207 647 1212
2590 3706 2382
2194 2364 3834
473 4821 4367
4432 4484 2530
222 4582 2054
1685 2799 3968
196 3308 3725
1279 1683 4713
2942 4798 360
2174 2289 3602
2380 4101 1557
4420 4817 209
1003 1387 4542
1811 4983 2839
1120 3748 4709
3389 4522 1710
4428 4898 2846
4118 4282 1429
1587 4754 1727
4328 4859 2288
164 500 4789
2465 2776 1759
814 4427 3671
583 3614 2343
1429 3972 311
1558 4233 4672
4704 4730 3090
4243 4570 4361
3539 4338 1779
3257 3392 4147
2700 3234 3732
571 3726 2137
325 400 3711
2974 4995 3052
3919 3935 3019
1133 1478 4244
4018 4515 3277
2202 4432 4841
4078 4104 3127
917 1286 2111
3081 3760 3764
3499 4663 3702
1245 3831 366
4072 4831 193
2612 4282 2841
3913 4913 4736
651 1209 385
2139 4926 2536
4210 4499 372
971 1045 4569
3386 4289 4764
3330 4794 321
2924 3103 1725
3253 3833 913
2466 3115 1789
4582 4892 2369
581 842 1666
3552 3628 3001
2525 3851 2090
2545 2800 2297
3312 4058 664
390 2917 4681
868 3343 1806
1017 3307 1313
4650 4971 3455
3397 3478 1965
1988 2179 4680
4620 4730 3851
2630 4207 3402
1295 1940 4402
2574 3433 855
3336 4025 4988
2619 4489 4610
1127 3428 3597
1450 1614 2052
1603 3754 222
1068 1070 670
46 3465 4267
2332 2980 104
4962 4963 1376
2345 4466 3443
3754 4039 2479
381 1120 2290
4334 4939 1615
2077 4810 4383
2517 3156 1816
3445 3859 3241
801 2550 4256
2122 4862 2315
908 4501 114
3104 4028 955
786 4790 2509
495 3222 844
3586 3664 2935
2060 3510 1337
4928 4996 846
2045 4722 4266
2341 2892 492
2655 3105 1712
582 766 2070
1090 4683 575
4581 4630 1293
1059 4951 2001
799 3523 2877
4543 4950 944
1102 4320 4284
2877 3422 3844
2530 4214 1936
3444 4422 10
4833 4961 3852
995 1270 1577
3835 4368 694
4184 4617 3327
1842 4082 1642
4202 4597 827
523 3153 719
1701 4866 3850
1450 1826 1072
4227 4314 2126
4332 4957 4879
4479 4848 1201
2753 3977 1807
4562 4928 4515
4291 4688 4293
3866 4772 4310
379 2247 4555
3075 3177 4224
4561 4996 4042
918 3265 4362
683 3952 2925
809 4338 719
2710 3406 28
1424 2845 1322
1330 4352 3965
1784 4436 1132
864 2128 4501
1247 2091 784
1484 2926 1748
1990 4758 732
1346 4958 2872
55 4570 4500
939 3301 1405
126 4624 1370
2962 4208 2848
1968 2367 4099
2240 4956 4108
2638 2915 2770
3877 4956 2051
1970 2259 2886
4555 4917 3302
4106 4247 2410
756 3153 3012
2257 3055 2449
3630 3714 4536
1801 1963 2772
2783 3645 2274
4587 4780 1585
2663 4685 1533
1851 2156 2691
1723 3488 3882
2255 4145 1322
2956 3895 2053
206 269 1630
4839 4906 4211
4522 4572 1123
1336 3004 1496
978 4808 1232
1957 4481 2579
1574 4778 1111
1741 2263 32
663 1086 3849
4444 4955 861
2202 2384 3009
1672 3734 4130
1332 3174 556
225 1015 2755
1199 2736 3253
1336 1951 2589
2982 3630 4600
4301 4715 4218
1833 3741 2406
4657 4978 472
2197 3238 2009
1031 4555 2807
4002 4031 1233
948 2109 735
2450 4505 2130
3950 4439 3912
2521 4736 1568
1211 4113 4669
3913 4153 136
639 2214 906
4764 4840 3560
668 2405 2482
1221 2980 2559
2429 3884 1880
2026 2091 2210
2009 2655 404
2876 3277 4004
1127 4797 2292
3091 3165 4059
1618 3050 2592
1178 1273 4159
1053 3800 3775
2321 4686 3336
4587 4727 3518
3725 4547 2432
4714 4927 470
3139 4707 30
3208 3588 1012
2106 2230 1500
3356 3384 2582
893 3662 740
414 2297 1855
2951 4728 869
257 2613 3801
4854 4915 4355
2367 4852 4858
1707 3293 3955
4038 4327 2368
4770 4912 4670
1792 4112 1852
1543 2582 4528
901 1676 142
1173 1440 377
4504 4893 2370
27 3098 479
497 4632 3794
2942 4275 3889
4545 4886 3191
4194 4561 4858
157 2025 3595
291 2193 891
3244 4564 2440
928 3609 989
2635 4204 2344
238 1943 3992
4265 4792 1835
1232 4223 2740
2263 3446 4757
916 4168 1279
1230 2364 3257
2960 3053 143
1709 3925 1159
4787 4932 1529
1924 3986 1553
3485 4567 4516
4327 4841 1873
3046 3791 1677
4796 4894 1655
3859 4095 2228
887 4867 264
2488 4548 902
4646 4971 3479
845 4092 2340
2096 4902 4214
397 3253 2108
1676 4682 34
3928 3995 3722
4190 4295 1234
2295 2649 562
4008 4484 802
4547 4672 2232
1238 2143 1938
2652 4146 4986
3005 3259 4496
3021 4482 2511
3622 4627 3523
570 4126 1491
3562 4727 456
4661 4699 3328
1272 2201 4267
1197 4617 238
1775 2921 2641
867 2090 2960
4243 5000 4773
4533 4695 4244
861 3253 2734
3320 4192 3531
4559 4704 2844
1416 3531 765
4240 4887 3858
4155 4974 1484
4690 4948 168
3797 4953 5
447 1588 2683
2727 4710 647
3456 4053 2142
2034 3169 4343
3580 4159 2452
271 1305 2687
4375 4795 943
420 3803 3403
4141 4632 4199
4552 4568 3665
4457 4517 4048
1138 2094 4654
133 3871 3977
1245 1519 1673
1092 1970 1711
929 2685 120
3878 4568 273
2334 2367 3144
1783 2201 1607
4431 4810 3763
3734 4312 3408
4159 4297 3556
3435 4126 2107
4966 4968 3344
1321 4557 4623
4142 4616 2349
2996 3854 651
1387 4977 120
2121 2876 3016
2479 3599 1305
115 1406 1851
2154 2983 4146
4485 4861 1304
4740 4908 988
4731 4783 2094
514 2951 2214
4052 4432 942
4928 4976 4795
4480 4679 2516
3510 4768 4203
2825 4882 2417
2167 4061 736
4362 4798 3422
3873 4863 4455
1868 3933 3672
321 2826 641
2527 3738 58
2222 4804 2112
2843 3926 4856
1199 2230 699
512 3209 4646
3273 3961 3525
85 322 3875
116 2313 1634
1133 1803 2930
4617 4871 2315
1007 2414 4229
1294 3726 2710
3994 4419 130
4070 4851 1104
2640 3392 2071
4951 4960 747
3922 4379 1116
1447 4230 3922
4729 4743 3244
2249 4695 2137
3142 4488 721
3226 4885 4707
1873 2917 1223
1787 4093 2405
134 592 1992
2645 4166 267
27 3102 2428
2239 4549 4982
2048 4675 4423
1146 4736 248
695 1969 2664
2250 4146 1589
723 4675 1627
3096 4725 4216
4909 4958 3967
2174 2954 2710
1995 3101 2392
3595 3976 4374
4774 4796 3802
986 4181 2398
1826 2395 3069
977 4481 3379
2809 3847 2871
3223 4131 3448
4640 4872 4797
1359 1980 756
4212 4255 660
1305 3281 4339
2422 3353 2665
3363 4354 3477
2769 4305 537
3677 4786 4325
1534 2188 2468
3583 4548 4779
669 2088 1206
1645 4228 3994
1561 2219 3257
1732 3883 1127
33 4479 1731
1368 3394 2805
2306 4495 3392
4767 4997 1417
1106 4050 109
1172 4744 3597
2673 4526 352
3053 4120 1078
2003 4039 4333
3056 3615 178
1282 4921 3057
47 508 3742
4510 4537 75
2247 2567 137
4367 4641 710
89 4766 2262
437 3325 2372
2559 4836 1930
2901 4688 1080
2066 3563 4618
2485 4908 4222
1311 3686 4531
3335 3733 2237
1690 3713 4824
636 2673 995
2526 4077 4125
2603 3082 3666
2056 4723 4524
3840 4128 3740
1775 2443 3588
2309 2709 4122
3500 3659 284
84 2821 3706
1664 2754 1602
4854 4925 1799
1480 2787 4027
4610 4823 1764
773 2385 2786
4303 4682 4043
82 130 2129
632 2283 3656
4664 4898 1407
2044 2134 726
1484 4273 2947
2503 4068 1836
1433 1595 1294
4579 4970 1758
4998 4999 1538
340 581 709
3353 4566 4529
923 1964 4717
1701 1832 294
1027 3584 1210
4364 4788 2446
4592 4843 973
3929 4106 4228
4550 4631 1285
3158 4787 3308
178 960 1406
374 1160 3960
2125 4927 464
577 1065 193
1252 3710 2708
4582 5000 4729
14 1160 1034
98 4096 170
1178 2972 1193
4730 4895 2011
3982 4139 1408
4715 4955 2260
4328 4624 812
2758 3831 4237
3737 4448 3015
3293 4891 1687
1199 1455 2932
826 1992 216
1068 2937 1916
3688 4217 2179
3676 4507 3686
3731 3967 621
3921 4585 3097
4509 4986 4763
4241 4528 3761
8 46 3639
4131 4493 277
3082 3264 4120
370 664 2393
4807 4814 2793
953 1833 863
636 3976 1007
169 2616 2168
4259 4643 4528
4099 4663 4166
3045 3887 699
4731 4850 299
4239 4730 296
808 2996 28
4073 4223 4094
4259 4263 2471
215 2805 1112
4778 4792 3501
3302 4725 67
3198 4032 1007
1073 3937 1855
3995 4417 564
2722 4577 415
4622 4907 2127
4713 4862 2170
3481 4945 3167
870 4720 859
333 4624 3832
4722 4910 3868
701 951 1508
3637 4554 1625
3350 3707 4742
1425 4965 890
2913 4852 257
4074 4454 4723
4133 4984 333
4895 4933 3392
662 4726 2720
4931 4959 3439
2100 2245 442
1442 1693 4769
583 2050 2640
1407 4029 1676
2201 2476 265
888 4201 2248
4725 4766 1899
3773 4272 4821
165 3371 409
3185 4937 1192
1581 3472 4777
4237 4997 2826
3560 4677 531
2256 4494 835
2233 2366 1835
525 1493 2650
4598 4842 2371
76 4087 37
4216 4825 1901
4672 4894 2674
973 1277 2759
3276 3957 1509
1437 1652 2241
2053 2708 3561
4890 4898 1676
3064 3112 398
3752 4261 4266
4611 4854 1005
680 1089 38
4264 4532 1288
3271 4863 4529
2700 3830 1331
633 4350 3957
2487 3833 2521
811 3603 2974
4344 4684 3003
4611 4952 2214
2652 3948 1797
503 4194 334
1379 2796 4499
914 4916 1558
563 4503 2866
2767 3890 4356
3462 4156 3284
2724 3532 4790
4412 4775 191
3437 4207 62
4048 4671 708
2871 4598 100
58 3484 2553
2458 4796 4622
2540 3141 668
282 1064 491
2351 3243 346
2872 3434 749
2507 4138 731
1528 4929 3114
427 4550 325
3904 4108 1163
2752 2754 953
2780 3064 155
4272 4634 1
2534 4612 4324
3684 4955 1428
3874 4461 3154
4849 4923 2539
719 1990 4879
936 3061 1955
638 1396 590
2403 4220 2053
4580 4666 589
3150 3240 2716
1065 4016 928
4827 4933 4523
3188 3377 636
3852 3997 228
2458 3995 4359
1125 1482 1018
1487 4992 3421
2486 2672 346
2383 4996 1697
1828 4416 1245
2135 4458 476
363 3248 2724
1020 2873 741
560 4353 811
929 2989 3209
2586 3060 1434
367 1627 4096
4579 4621 3612
297 4448 582
4822 4899 530
1538 4180 3503
4107 4742 3707
2403 4827 3155
2644 3135 4710
2645 4709 4444
2279 4684 3905
1026 3145 3777
4713 4807 1077
1578 3795 2597
1301 2028 3095
4808 4995 1704
3819 4342 1140
1463 3402 1807
4102 4747 427
2471 4168 4162
4869 4931 3189
2289 4824 1670
512 1061 1148
4044 4378 1614
3349 3705 993
4624 4876 1736
2480 4600 299
663 1512 2528
4045 4688 1020
1727 2393 1060
3527 4920 1827
564 4697 2866
3139 3678 4331
1976 4403 4165
317 458 2245
3058 3586 427
4698 4736 1151
1516 4176 739
4450 4520 3654
4735 4999 1794
4235 4942 3538
2788 2852 4886
3708 4904 1056
4327 4341 401
157 4438 921
3896 4601 498
3682 4587 1439
3479 4898 1721
236 4670 1308
4069 4222 4052
415 4004 478
1084 3654 62
3076 3662 4417
4234 4367 1634
516 3441 4367
2667 4618 4397
1483 3417 2768
428 1427 3223
3650 4565 4772
3549 3618 573
914 4052 4684
4802 4828 3527
1352 3363 2222
3968 3998 1368
2304 3600 3439
186 1800 122
4557 4803 4277
4996 4997 135
31 4175 2096
1816 4215 2325
4124 4312 2239
2031 3416 2628
148 3096 279
4247 4426 700
968 2472 753
899 1440 1149
634 1113 4417
3105 3599 746
2371 4406 4176
4555 4912 384
661 1362 110
606 4593 4348
532 946 3659
655 1147 2142
2125 2296 2919
1410 3028 1288
402 1702 3586
326 747 4710
2949 3204 493
4684 4988 2366
431 982 175
3171 4275 3419
2624 3140 2741
1689 4483 93
4520 4740 1348
2125 3621 161
3165 3465 3967
4569 4647 1049
3518 4845 4567
2354 3737 3111
3006 3304 278
2137 2157 442
35 4679 857
4822 4865 256
3843 3889 2798
2872 3804 4871
4702 4848 2772
230 4614 584
527 2782 1711
1249 3555 1440
3224 4458 4643
1802 4463 281
2461 4637 2144
2089 2876 2785
3557 4998 4682
3275 4983 2927
3475 3595 2453
4821 4869 3553
1310 2156 1777
3900 4689 4079
23 3503 4400
743 1894 3721
2695 3967 1193
4133 4425 2460
1520 1728 231
1555 4179 4677
4503 4920 4479
3485 4489 3053
696 2980 3389
2367 3800 2841
1544 3636 4932
4009 4022 809
4242 4841 345
4765 5000 710
3783 4246 2085
206 256 1199
4241 4629 4623
3464 3577 3857
139 631 4982
3356 3582 2888
3018 3131 2859
449 3341 1157
1013 2206 724
4811 4921 1229
2795 3184 933
1293 3368 334
1049 4864 659
2369 3656 3439
1771 3050 1030
3640 4370 452
655 798 2811
2527 4108 1204
512 1214 3383
3034 3414 1665
4822 4883 4907
945 2387 1802
2598 3474 2074
316 2128 2208
685 704 251
573 2797 1810
2531 2736 1248
1382 3358 2344
575 1596 4874
2720 3665 3190
3400 4717 2333
4057 4984 2776
2961 3040 3091
4154 4595 4115
1428 2921 1062
1340 4224 663
1256 3473 3882
4646 4763 4580
2874 4390 917
2513 3015 4882
4613 4832 4066
2913 2983 3998
4447 4551 4561
4535 4732 2402
1232 4049 1967
2262 4140 4679
646 730 4445
2278 3089 4349
4061 4215 2300
3061 4228 2465
1740 3703 1004
1146 3088 2257
1675 2479 663
1921 4736 3522
664 4558 2278
4259 4844 30
4385 4731 4778
3274 3396 4954
740 2799 1562
743 1222 2651
4168 4760 2220
2386 3434 1073
1036 2648 1099
3892 4381 1037
514 3061 2305
2607 3124 4912
3855 4928 1361
2879 3333 303
2675 3852 1646
1703 4024 3474
1338 4194 1868
2257 4071 1084
2571 2683 3847
2542 2671 1244
4082 4230 1380
924 2864 2000
3909 4509 1172
330 2542 1917
4657 4977 3209
331 1874 1496
1980 3345 4831
1237 3916 3659
1096 4036 678
3119 3969 3978
4175 4554 1973
2406 3475 377
2154 4803 4414
2620 2625 2972
642 1795 2192
215 3097 1506
3267 3668 2830
1263 1267 947
2348 2391 1928
456 3827 1661
3798 4658 2454
1522 2063 827
4879 4956 4811
2424 4588 1442
1879 4351 4292
1417 4116 764
1256 4641 2734
22 1461 4050
4339 4850 2523
1292 3383 2443
440 822 267
3903 4608 3486
279 1525 365
4501 4925 812
347 604 1723
4788 4815 4305
1341 2974 2600
849 2700 2500
4448 4880 1617
4633 4794 4030
227 1176 3485
404 3784 4445
969 1726 4020
4095 4098 2899
4525 4743 1102
4735 4931 4869
3303 4307 2675
2039 4176 1416
2952 3872 3752
4759 4898 1508
4128 4291 1981
1073 4526 3149
4362 4650 2335
3920 4081 4191
703 1386 2055
3014 3522 2782
1359 3779 2245
3329 4431 3246
1956 3907 2073
2445 4713 4789
2840 3054 1797
3936 4367 3915
297 2615 786
1528 4726 35
2129 4248 4768
4458 4641 489
2395 4021 4283
4037 4642 2356
4290 4794 1376
4056 4756 3995
1194 4153 566
1677 3462 2354
3645 4752 3699
1087 1735 4600
1238 1657 1961
222 793 3364
4344 4373 3920
2164 2194 3094
555 4273 3271
2214 4650 3299
4009 4187 3564
2811 4983 4239
154 3070 1809
1808 2567 611
3569 3983 3561
996 3005 2762
3584 4180 1366
1592 3832 1628
3996 4557 2169
2817 3583 3711
2485 2841 3910
3278 3690 4856
4986 4993 467
3153 3976 4218
1340 4958 4847
3050 4986 1997
2151 3063 692
3866 3891 4627
2401 3095 696
3707 3762 1516
3559 4646 2482
1724 4823 2621
28 2689 3572
2195 2269 1285
3740 4210 786
2130 2424 1334
2731 4652 367
250 1551 3332
3134 4670 3569
4960 4971 4041
3317 4837 985
2017 4293 4865
1151 3428 4265
144 3694 1061
485 572 3487
4212 4319 4884
11 2174 4078
1175 2751 4192
4465 4688 1131
3048 3186 2083
452 3763 3643
4805 4959 1970
1625 1924 686
3922 4805 1908
3987 4599 4792
277 2895 4904
1782 2956 298
781 836 1380
1414 2848 2489
2930 3004 1438
133 1786 4577
2346 4351 111
3324 3602 2568
582 3349 4142
2389 3704 2533
169 2754 2503
3022 3055 1669
2941 3326 15
2070 4950 2015
2683 3272 3094
647 1236 409
1083 2950 695
1018 4221 669
4200 4603 898
2382 3983 3315
3512 4688 119
3177 3450 894
2563 4464 2300
2316 3502 2638
3373 3871 30
3497 4939 890
4036 4345 974
842 1172 421
4187 4299 1856
3909 3967 4294
3364 3507 4095
3027 3365 4798
1917 4001 4882
2078 2787 395
2269 2847 1076
353 2529 4941
460 1858 166
888 1962 4459
2768 4888 2227
242 4347 1833
2922 4894 2019
4295 4559 3842
2575 4727 4511
4749 4755 1450
2329 3461 3775
997 1350 3108
2779 4377 4330
1677 3503 3857
1217 3490 3114
4487 4531 475
1329 1498 615
2284 4407 1827
4021 4336 4592
1794 2321 4811
4545 4653 4942
4646 4969 2006
3743 3946 3763
2799 3627 2419
3591 4562 2906
1001 2022 4638
1378 4471 4636
4290 4907 3232
2502 4296 1194
1489 4087 655
3158 3350 59
3142 4587 843
2910 3738 4508
1344 4662 3536
3116 4413 3877
1178 3203 1433
2726 4967 35
3276 3768 1897
142 3228 2682
1571 3596 4752
48 114 4692
4788 4863 2078
1126 3383 3235
2112 3760 1611
3378 4412 581
3820 4915 1785
4340 4749 3181
22 2884 2501
601 3207 303
4599 4693 2598
2039 3746 980
1585 1808 3869
420 3669 2442
4917 4935 2644
2771 3175 2618
2869 4264 3542
3302 3726 3783
4449 4852 31
3501 4188 3077
3003 3957 4208
827 3843 1267
3662 4617 1295
3072 3997 2760
1521 2616 4930
2015 4496 3752
3833 3942 2153
620 1340 3792
60 542 2220
708 4833 3117
851 3653 1415
928 4067 1681
499 3973 4871
2372 3072 3838
3047 3760 1834
21 3874 2874
868 958 1275
4083 4515 2520
2898 4321 1227
2963 4628 4933
1386 2112 3600
3344 3570 3708
4232 4565 660
3562 3766 1816
181 2990 1331
2510 4281 963
1309 1662 3004
1762 4324 1552
2795 3919 4728
2471 4806 1935
19 4604 1190
3854 4757 2066
3808 3892 781
3857 4905 4513
991 2188 4871
3770 4760 1048
1077 3210 4112
2233 3175 3474
792 3358 140
1317 4580 3912
3940 4843 1634
4699 4707 4603
4272 4534 366
2060 4450 2379
4510 4932 2659
4363 4799 4430
3368 3780 2055
4417 4781 3031
3075 4464 1649
3314 3646 1171
2022 3561 869
4748 4838 4314
3529 4717 202
2316 2763 943
1655 2198 2566
1446 4448 2365
3745 4562 210
1339 4145 3975
2193 2753 1685
2018 4216 445
4351 4897 767
4199 4516 3382
264 4657 4257
1940 3784 3248
4799 4960 4701
325 3614 4521
3813 4785 130
2622 3403 341
2268 2407 4948
1077 2025 4093
2152 2678 674
4114 4580 300
2572 2823 4559
2241 4070 1204
3888 4214 843
2418 2652 46
3366 3796 79
4798 4816 4323
4990 4993 4956
617 2367 4158
4196 4626 1919
497 4567 3986
3493 4857 3051
3562 4611 774
1196 3190 2
3995 4640 3285
1184 4483 2522
2873 3075 4923
4729 4761 266
3197 4658 2055
47 4592 1359
2843 4660 3628
2060 3188 2047
4690 4878 1205
340 1323 3498
2973 4628 3482
4669 4843 4806
2115 3175 3476
2755 4402 4828
2460 3285 4145
3631 3718 2894
4642 4995 3219
2428 2933 2186
3515 4727 787
5 2407 194
572 3919 3809
4058 4298 2255
4722 4851 365
923 943 1961
4420 4790 4320
4272 4308 1504
2254 3105 4015
3419 4306 2635
3277 3571 1874
2366 2726 233
263 4426 343
4226 4920 582
3534 4525 4158
4615 4666 961
1854 3228 3808
815 3194 990
3760 4759 2819
323 1728 1015
1176 4273 4226
4220 4560 4270
645 668 4551
2039 2766 4535
3726 4656 2995
1945 3325 518
4332 4844 2396
1245 2724 1592
3931 4324 3551
613 1802 228
1708 3349 534
468 3467 353
3437 3607 4698
2041 2191 4779
2758 2952 1196
3574 4279 2561
1094 3620 2144
3634 4700 1129
1450 4711 3926
3910 4620 2240
4622 4726 1300
179 3579 297
2364 2386 1488
1416 2181 1359
2810 2850 4963
3696 4221 3626
1955 2792 1456
1226 3549 3185
19 1185 2277
1530 1736 1173
3072 4910 138
3608 3787 2020
2485 2973 2773
4162 4897 1333
2556 4366 1648
669 2562 3892
2318 3340 890
654 4912 1791
4348 4825 3097
4067 4209 1143
1180 3840 4424
3661 4688 3323
3243 3304 1363
615 3350 3047
1910 1990 2806
788 1545 1679
707 2130 4195
1844 3641 4237
3557 4183 2349
2547 3028 2566
4225 4280 4656
3873 4658 1339
4751 4791 3694
1251 4833 2290
4298 4300 1285
2223 4513 3038
2686 3045 1709
636 3278 4960
2108 3927 3787
719 1165 4075
4705 4726 731
2545 3978 4248
304 4435 3267
3622 3947 3819
2578 4115 4875
1034 4372 251
4040 4090 4924
143 1315 3324
932 2137 2734
2820 4676 2764
4157 4848 1938
2605 2886 421
2970 4025 2884
2340 3573 915
1342 3650 2456
3672 4476 3309
4489 4573 3561
722 3146 3837
701 1027 3643
1034 3443 3829
4421 4876 3681
2400 3753 4105
3626 3697 4146
4196 4615 1441
4183 4475 1406
2959 4557 2467
3723 4085 1995
2596 4384 4248
3488 4624 2838
1296 3187 1323
3047 3721 643
156 3287 4959
798 3964 2379
4191 4450 4464
908 1131 1272
1506 2531 3480
1041 4383 3459
1850 4791 3868
803 4331 2518
2447 3004 2121
4029 4969 1397
2452 3669 3640
3793 4196 2094
1830 3550 943
3832 4363 3262
844 3103 1750
3593 3910 3369
1252 3550 3716
4074 4170 4730
806 4092 1970
3088 3562 4653
4197 4857 1411
3666 4869 532
1744 4826 2391
4598 4762 4299
4109 4906 1014
357 2488 877
3397 3577 442
3264 4144 2170
1719 3058 467
2657 2843 4079
4058 4702 804
584 3841 402
1342 3674 4579
1546 3518 1539
3898 4270 1061
1893 4378 3716
1563 2220 1532
4999 5000 1107
3231 4417 593
4100 4404 4943
2656 4516 2325
215 604 2872
3984 4099 557
3473 4907 4383
406 1014 225
2740 4282 4395
3551 3810 3788
1382 1428 375
2922 4656 4491
4073 4997 55
3922 4825 147
4736 4792 281
1391 1654 1376
4912 4939 2323
2521 4173 152
2018 2889 3553
1478 4721 1110
912 1691 3892
218 1749 4703
939 2378 4286
3354 3500 2468
2993 3349 3664
1956 4664 1525
4832 4980 3027
1648 2463 3716
3366 4938 2184
1917 4338 1773
1904 4099 412
1493 4579 1820
1468 4776 533
687 2923 4312
1216 3685 4044
2758 4717 1786
3942 4564 2197
553 4747 4364
1653 3659 2490
3582 4451 616
589 4069 127
2718 4129 2152
4531 4907 3839
4142 4802 3245
1943 3435 172
2800 3665 2705
1812 4756 3650
1664 3827 100
3751 4854 3777
1179 3990 2664
2259 3691 2603
3 2647 2672
108 4869 4207
4526 4741 1005
574 1077 3579
2268 2673 1558
1141 2353 4171
710 1296 458
4599 4771 903
1024 3129 3034
3100 3900 630
1387 4133 4408
3936 4821 1654
304 3177 4789
1586 2998 4093
1545 4903 3899
6 3250 698
3949 4537 4079
57 2392 2202
3545 4074 2875
3836 4938 1184
3557 4668 1304
16 2345 1034
438 2616 1659
218 3513 486
967 2727 3934
2802 3980 1092
4537 4904 2316
81 1649 2125
3724 4516 2675
4856 4890 3072
628 4742 2551
4004 4016 3777
2260 2704 64
3965 4094 3550
2910 4975 3395
2853 3572 2471
753 1385 960
3467 4511 3903
3457 4394 1242
4823 4935 2368
606 2462 651
4161 4719 4905
3839 4525 2629
2640 4992 1964
3579 4539 941
749 2024 3792
1849 4670 4865
4449 4700 4286
593 2421 4162
2331 3436 184
3910 4253 1544
1692 3071 472
980 4790 875
3666 4304 4649
3939 4020 3305
763 1415 3338
2031 2594 2034
4551 4701 2272
1279 1918 3285
3475 4497 678
4004 4459 4696
4797 4936 218
604 4767 3627
4904 4967 3882
2610 3230 1430
1668 3687 4320
4141 4165 4770
433 535 3469
3732 4456 1234
2783 2924 3434
4109 4473 1752
3049 3930 2111
4070 4545 1818
4675 4779 1
2718 4913 1469
4541 4793 3416
1565 1872 2275
4172 4978 2239
2221 3918 3451
1675 2779 921
4695 4976 2523
1270 1517 859
4929 4950 118
1894 4350 4138
1464 3988 1970
1707 2112 442
2334 2444 3917
2047 4848 223
3601 3604 2756
3725 4344 3590
1605 2970 3780
2824 3539 75
123 2923 406
178 3111 2918
2289 3819 1081
4289 4778 4189
1530 2031 3186
4656 4923 4678
3067 3145 549
344 1492 171
4334 4553 404
1995 4912 1842
2784 4195 3288
2327 4430 4222
1593 2717 1836
308 4845 4044
2090 2156 3355
916 3083 2244
1878 2416 4664
775 2096 1769
950 2489 4842
4957 4995 3217
1971 2107 572
1553 1829 2604
1795 2348 851
4063 4344 4731
4776 4911 950
4258 4287 3674
518 1668 3193
3115 3351 3627
3144 4233 1053
1432 4464 4008
2069 3615 3639
457 4622 2642
2478 3208 1724
224 3196 3050
1657 2453 907
3405 4326 2027
218 994 1274
1288 4683 4732
3345 4029 4118
276 3369 1065
3237 3970 3862
285 555 2349
1513 2086 4460
147 3773 2375
2276 3946 3304
2619 2756 3690
548 1678 1754
2232 3883 1106
3733 3751 2936
4915 4964 1840
365 1567 1288
1789 2294 1761
4824 4895 4338
1398 2357 3374
503 2242 4177
810 2117 4590
4719 4754 2218
4884 4929 4310
2570 2952 164
990 3612 3736
2178 4864 4236
1773 3368 4491
1819 4898 1990
807 1950 760
948 2441 1597
2734 3559 2290
3138 4719 4616
2314 4921 1348
3196 3434 4134
209 3028 1994
2931 3616 577
2225 3878 2255
1667 2334 4154
4037 4433 2428
4010 4330 163
1453 2089 4021
2317 3427 3165
26 3890 649
3159 3947 2736
2414 2880 2073
324 2813 1650
4568 4955 2437
1753 3358 1194
1570 2045 2126
81 1684 3377
3956 4581 1673
1580 3602 1952
4363 4958 3847
3121 4889 4498
4143 4322 1512
1032 2548 4426
1479 4351 4145
191 4607 3853
4482 4534 368
4632 4737 659
3566 4780 416
738 1969 1002
3485 4714 2015
1859 3929 598
4160 4212 1817
1074 2687 3196
3277 4310 449
2714 3166 1076
4722 4773 1710
534 3358 2625
4863 4986 3997
2795 3871 301
1944 4852 4143
3771 3914 3258
4956 4998 16
616 3067 994
3352 4971 4300
1560 2502 4181
4911 4969 2087
2881 3737 1658
3471 4940 3285
556 3605 306
4582 4683 203
40 1772 2079
305 554 4846
3133 4967 3126
2472 4894 2128
2033 4198 1481
4503 4881 4113
1553 3295 2986
2804 4585 3348
3064 4177 4734
256 869 1240
4517 4656 2581
2129 4455 3558
2058 2323 3573
3588 4742 3706
2477 2560 1014
3798 4459 4378
4505 4852 3842
1991 2631 201
2932 3941 4868
1103 4315 4964
4863 4956 3451
573 3486 322
2143 4314 1057
4471 4736 437
2275 2675 2994
4562 4652 3011
3670 4991 1669
4665 4975 2393
4362 4441 394
3872 4238 1498
817 3331 1504
1441 3486 171
3441 4517 4163
2984 3643 4549
1020 2444 92
4492 4887 1006
3349 4698 1107
1098 1317 4284
411 2315 2839
793 2907 4901
1237 2652 317
1878 2642 4436
3209 3419 844
2072 4526 4918
30 4484 2326
1657 2875 2049
424 1537 1828
2022 3980 2869
3665 3882 250
1257 3111 732
3251 3876 4134
3614 4832 2069
281 2746 4937
3210 3354 707
4726 4875 2405
3175 4392 3424
1592 3077 1114
2486 4447 4119
2585 4147 979
2900 4103 1670
4410 4426 1248
2403 4583 3761
2503 3824 4661
2392 4240 4052
2869 3202 3331
1218 1702 1139
3717 4951 1616
2181 4751 4745
1073 2019 1823
2239 3071 1656
3915 4200 2530
1489 4683 4736
2940 3634 1682
4738 4777 846
2655 4672 234
584 4418 4011
3885 4952 266
3975 4802 1426
4594 4761 2521
1675 4511 709
1954 4687 452
221 2608 3399
4482 4552 1961
2364 3881 2417
1858 3305 3466
2500 3004 719
3456 4954 1819
1988 2022 4349
1720 4174 2374
3582 3942 2794
3686 4031 3529
2590 4587 4531
837 3383 3447
2304 4637 1146
2718 2807 2472
2058 2128 2985
1547 1889 2432
2496 3847 763
1590 1786 1512
523 3161 205
2186 3818 851
3681 4747 1578
4826 4863 3604
3430 3985 1985
1618 2359 3699
2991 4128 3702
196 2186 2960
2707 2797 1070
726 4841 3363
3976 4140 3735
1700 4588 4781
4225 4952 500
330 3455 3168
874 3335 2335
152 2933 2100
1355 1856 2708
3346 4319 3957
3803 4446 3411
3322 4672 2084
1249 3800 1845
3106 3768 2650
2318 3407 1464
1645 2781 1084
1577 1589 4644
4997 4999 24
3889 4110 2744
4924 4971 3886
4519 4699 4070
4442 4578 1877
2990 3845 492
4383 4709 2058
3685 3897 3431
449 3856 3044
704 1699 4631
3929 4184 3631
1007 3144 4676
4731 4810 4988
3132 4477 952
1056 2652 3744
1664 3827 1931
4418 4586 4323
3610 4975 1968
674 1303 1533
4883 4903 4760
3955 4758 3326
3562 4450 1884
3141 4825 258
2359 3326 4438
1899 2785 1832
2049 3339 3967
827 4826 1183
3375 4456 2401
1928 3677 3401
912 995 3109
3185 4881 2924
3542 4624 2641
3400 4038 4718
583 1344 1308
4583 4715 2423
4024 4710 4563
2335 4831 3228
1906 1964 1806
1028 3467 649
3003 4975 4463
2920 4813 4718
500 4816 790
286 1733 3925
2895 3186 2033
2653 4348 1489
693 1314 1453
4037 4655 2333
3269 3437 4328
3975 4130 3059
1394 4532 3273
1195 1651 3774
3454 3584 254
2087 2480 2778
4088 4680 4618
1007 1535 4683
1840 2877 784
497 1436 4886
3355 4780 4310
1505 3549 1541
3688 4429 2443
742 1633 4877
3601 3938 3794
2880 4683 499
3157 3480 2272
287 3579 4268
2844 4311 813
2586 3260 3616
4451 4592 4595
1127 1609 208
180 926 433
4731 4858 3933
1168 4528 3900
1369 3448 1574
4419 4543 3957
446 716 514
2012 2349 853
828 4802 1871
371 1444 35
2521 3754 3818
2851 4785 3801
1547 4296 3828
3088 3315 307
4195 4904 1938
748 2624 876
4401 4741 56
3918 4768 3340
3881 4577 3962
1569 4481 2537
1658 2523 55
1020 2004 3496
4997 4997 4257
3358 4212 4595
4673 4722 3907
73 305 2779
1096 4063 4344
4465 4633 3440
4501 4739 186
3200 3300 3906
4922 4951 269
462 3305 1561
1074 3430 3613
3358 3438 93
4795 4847 619
3504 4851 2908
2193 2574 4936
71 2051 2372
23 4853 914
3277 3665 262
3071 4456 4232
1817 4274 821
2850 4494 680
4031 4987 4386
4203 4450 2889
1015 4275 275
2835 4362 3865
1572 2163 521
1831 2751 3647
4689 4771 3949
3167 4467 1163
1078 4049 2400
3375 3840 3353
53 1549 2958
3308 4614 1733
2512 3343 4134
3538 3591 3929
2999 3753 3496
1653 2780 4898
4874 4991 4279
4946 4993 4238
3480 4084 2905
4135 4175 1888
4623 4854 1144
1758 3140 609
4232 4577 1027
3704 4346 2988
3867 3979 968
834 2689 1082
3096 4287 3960
3747 4506 3554
2189 4043 97
208 2604 2940
997 2000 1011
723 2685 4985
1805 1890 3997
1015 2670 354
191 646 359
4767 4771 753
4775 4928 1452
1655 4990 3100
2833 4498 4248
2501 3517 1226
3473 3881 4018
170 4974 1865
1493 2268 3918
3353 4289 3847
615 3326 3590
3286 3901 3005
4130 4148 2642
4194 4198 4930
1206 1746 4759
510 4830 1305
3157 4849 4899
2265 4606 688
2155 4038 4287
4969 4985 645
1747 3309 2531
2110 4911 4315
2788 4889 3506
3124 3974 1493
3159 3475 2174
114 3595 4109
3040 4066 195
1349 2837 2551
1540 3573 1867
2944 3551 4811
4751 4861 4396
4898 4931 13
3429 4415 753
4469 4836 4710
1164 2377 2638
389 4909 3374
2400 4792 1073
2390 2556 102
3763 4231 3638
2323 2795 1846
1084 3129 1903
1245 2684 3988
3800 4194 959
145 4853 3213
4244 4280 2640
3454 4246 3470
4985 4991 1462
935 2851 1830
2436 3527 3522
513 2673 1527
3542 4844 1855
3358 4013 4462
3936 4884 3001
4485 4578 2425
4083 4656 3041
3676 4493 4548
719 2339 380
4636 4983 4637
3624 4237 3144
1238 4209 576
1728 2866 1338
348 419 2193
1075 1637 3198
3618 4177 3491
4662 4780 2258
4340 4839 418
1841 4554 2783
411 1824 336
2435 2539 3979
212 4665 1446
1777 1946 1960
4517 4997 943
128 4729 2430
3633 4173 2855
4695 4945 797
4384 4507 3279
949 3022 493
2118 2511 1890
4107 4139 3229
1042 4002 462
4926 4926 2588
3414 4252 4925
440 1312 4843
990 3371 532
3117 4461 2747
1111 4894 3115
3797 3916 1937
1152 4694 2385
4258 4687 130
2657 4574 3772
1811 2495 1751
1643 4809 1513
4067 4676 3014
2188 2585 1532
2118 2119 1300
590 2661 2354
4751 4996 349
2115 3801 4344
1537 2523 4138
4186 4857 3067
3218 4508 1004
804 2047 4583
3027 3766 1180
1581 2015 1703
3329 4402 3297
37 4499 4088
39 2698 3163
4545 4575 1425
2168 2337 4928
183 1317 4353
3204 4171 4070
781 3593 3257
2910 3648 2231
3790 3902 459
1419 4191 548
537 3419 1220
3503 3840 4040
663 2024 2414
4397 4402 4948
4956 4998 4796
4002 4688 3226
730 4323 2099
595 4888 1397
4285 4382 92
2363 3274 4755
135 574 3973
741 2267 697
2408 2737 3368
1820 3944 3801
4446 4810 3452
1305 3832 1678
2160 3538 3757
2117 2746 1280
1825 3241 4053
1279 2558 4439
2740 3679 4276
1097 4318 2314
4698 4847 3185
2409 2590 1654
2850 3419 2588
1250 3581 2635
290 4356 3847
1294 3971 2262
3218 5000 2277
1078 1831 1990
2013 4171 4329
140 4908 2070
4126 4556 3956
9 4032 3898
3926 4583 2347
3593 3912 725
2382 3983 1289
3786 4301 2452
4247 4440 1218
3286 3433 3638
606 4433 4045
4982 4993 2277
2639 2706 3307
1243 1623 3853
3034 3270 4200
1392 4889 3726
453 2374 3986
1654 4489 1079
67 2357 2312
4923 4950 1404
4438 4528 4508
3365 4565 3552
1913 3478 1662
919 2871 1085
3427 4396 3980
3598 4896 2332
734 4660 1086
1344 3774 2442
1430 4665 1910
3035 3510 77
93 1302 4644
3089 3279 2821
1300 2921 2321
1717 2601 377
2371 3655 4060
4695 4705 4077
1037 2225 2716
1363 4593 1735
1175 2214 2514
1239 2286 1729
64 2016 2823
2039 4196 184
1879 3335 1085
4127 4603 353
3110 4094 2754
909 1155 2624
1209 3970 4652
2854 4928 2197
1828 2201 4473
4748 4966 4157
1923 3069 961
3180 3649 1406
1174 1288 4180
4507 4680 298
453 643 4150
3721 4374 4205
3979 4549 3607
1316 4755 2254
3123 4087 751
1834 2030 4639
844 1971 4527
952 3724 4072
4695 4723 1279
3272 4756 3754
1161 1652 667
4344 4665 2373
1137 4671 3088
3930 4137 1452
4483 4927 1801
4688 4788 1524
3424 3994 1816
3103 3596 1900
3023 3234 2888
2925 4568 4826
4667 4713 3522
1460 2902 743
3274 4798 110
2289 2428 4519
4114 4148 9
3966 4511 2952
2266 2997 3300
3424 4626 4749
3089 4431 2344
4040 4678 2695
1132 2779 2364
3511 3528 1467
2646 3791 4815
52 4112 2167
2074 3967 1567
3603 4427 1818
624 3343 4213
4626 4932 398
3222 4903 4677
3570 4547 4321
3498 3696 792
29 2869 539
671 2625 3223
4591 4807 1184
4629 4964 4207
3151 4173 2009
409 829 2502
3108 4055 3696
3006 3006 3969
4584 4928 4267
893 2952 2597
4435 4834 2419
123 3659 478
1524 4958 4522
3648 4064 1299
1394 1648 4259
4899 4908 1780
3144 4477 1785
876 1447 1063
1494 1554 4215
4703 4922 432
1731 4915 3483
4143 4423 2271
1007 3889 2344
591 2210 3238
4318 4552 3290
1187 2730 2967
4845 4873 2790
277 1460 1811
324 3076 3394
3074 3151 4967
1736 2581 1218
4994 4994 2240
3536 4760 1474
4781 4911 1510
1297 1680 1506
3042 3967 3054
4516 4779 2266
2651 4886 3515
3962 4126 2848
536 3928 2371
1241 2205 204
2253 2613 4002
1742 2894 3742
3204 4679 4535
14 506 3766
1611 1679 3189
4417 4554 1843
459 4210 2147
1091 4194 4452
1447 3271 4582
2409 2546 3822
4431 4942 4370
1312 2237 2126
3030 4881 2797
2722 4722 4259
3400 3996 3421
51 1018 4067
1379 2537 2917
1971 2879 4570
1705 3395 4567
4438 4607 1935
3817 4286 2210
1772 2679 2523
4676 4719 2348
4263 4959 536
3161 4005 3845
3292 3591 396
1613 4622 2412
620 4170 1957
3894 4468 4846
2484 3904 4492
641 4059 4482
4747 4928 3948
1884 4735 4480
864 927 4468
4453 4823 2744
1013 1036 3947
558 4421 3353
1059 3933 1166
945 2877 2371
936 3365 4087
3411 4995 894
1432 2659 3461
3593 4957 1454
676 1589 1068
3943 3946 3069
1155 4423 2342
2067 2929 785
4787 4933 3046
3250 4371 3002
2968 4110 2980
3479 4508 3910
3185 4923 1609
844 2873 4778
1509 4237 2925
4626 4957 1172
2429 3223 1097
1684 2896 1606
4599 4860 4258
4195 4629 236
3497 4313 1928
1126 3498 12
2644 3565 3509
1864 3816 1015
4457 4477 2204
4712 4917 4486
4621 4791 2011
1760 4252 3275
4433 4887 2973
1906 2490 4819
2323 4107 2424
4626 4868 4662
218 1664 1306
97 1313 3107
4898 4948 4390
3969 4965 2586
2700 4567 587
4249 4591 252
1568 4968 906
507 3388 4890
1175 1899 4762
828 3107 3302
4156 4645 1187
314 4957 1095
2070 2982 2973
674 722 2900
1129 3865 1840
3884 4003 1249
714 1334 4070
2272 4652 3496
671 904 2586
4013 4864 4140
1936 2478 1398
1214 2219 1034
1687 4012 4693
2766 4279 3321
1605 2041 1129
1042 1623 2923
1818 2956 4358
4743 4942 4333
4663 4970 3276
2061 4224 2743
2634 3053 2895
1335 2297 770
214 4336 2673
1016 3109 3155
2465 4874 1590
3330 4286 2859
2332 2833 3399
304 2920 3521
250 1914 350
1585 4026 2160
489 3408 1332
3884 4851 3792
2484 4309 4638
43 2707 1864
4676 4894 1049
4662 4831 4141
3522 3972 186
4600 4658 2516
3867 4073 2029
4694 4988 4252
1560 4918 378
4567 4642 3869
4104 4442 354
5000 5000 515
4691 4923 782
1418 3254 1070
837 4080 112
806 2175 1985
1848 3544 1907
1591 2761 3540
2225 4202 2245
4967 4977 1817
102 3033 3047
1016 2953 4405
1331 1998 359
4368 4428 3909
2705 4840 913
3759 4600 1214
336 1911 2010
382 2511 4154
4395 4798 2275
3880 4564 3153
2649 2937 3223
3741 4748 4197
3039 3483 1956
2391 2445 3107
3152 3554 4659
2149 4331 3597
1105 1176 2631
3679 4970 8
3549 3775 1532
650 889 3695
2244 3759 3311
4795 4875 3166
327 2456 2214
300 4970 316
491 3994 3976
3931 4129 369
3730 4602 4994
195 1667 3521
2766 3601 1022
1921 3291 1916
2718 3771 2899
3232 4223 2074
4972 4988 184
4509 4514 2232
889 3087 421
1751 2428 3786
3381 4250 114
3750 4787 707
4265 4810 310
3854 4192 2083
1197 4692 4951
2941 4489 606
564 869 1077
2934 3221 116
2644 4982 2025
3313 4065 3048
1302 3095 1091
3452 4742 3692
3347 4576 4821
3452 4542 1016
4634 4681 793
3213 3698 746
1444 2251 2326
4251 4836 2451
3055 4370 4679
801 2493 3204
472 2713 3337
4091 4303 376
811 2391 4204
579 2879 2908
2148 4450 2694
585 4213 995
2153 3043 1232
1334 3452 3820
3619 4092 4740
2289 3118 4304
111 200 449
1462 3928 1569
4739 4855 4990
1001 2151 1958
253 1670 2908
1238 2648 1241
917 3295 3503
146 4288 913
3003 4033 1544
699 3195 2818
630 4533 1057
106 3843 2475
3418 4429 4845
202 4928 2385
846 3016 3806
798 1977 25
4317 4637 3952
306 577 4181
3632 4140 311
4101 4876 4558
4465 4626 635
1252 3506 134
567 1199 533
1799 3171 1789
650 2939 4483
677 3572 1083
3538 4291 1395
694 2293 3895
787 1947 1597
3642 3702 2579
389 2493 2736
21 4001 4440
884 3634 103
4117 4301 320
32 3684 4992
4521 4928 284
2555 4469 4879
1578 2083 4748
212 3717 2990
3899 4646 858
3418 4115 2944
4755 4979 4813
1175 4269 1585
815 4391 3834
3060 3985 2415
1948 3362 4429
2983 3604 3901
4527 4869 3319
1491 2102 4034
4137 4770 4352
2135 3642 4544
4406 4604 4958
866 3524 499
501 4772 1113
3414 4427 1077
2213 2355 2784
373 4852 1973
4349 4638 3592
4976 5000 2298
3983 4977 4851
1354 1659 1985
4671 4840 4344
4062 4482 828
1667 3250 4080
2916 4036 4803
2951 3138 611
4622 4815 3675
275 2440 1917
3871 4537 2228
1765 3775 1203
3429 4470 4355
374 1151 620
843 4103 454
1565 3130 1116
1014 2051 4105
4647 4779 3835
3366 4742 3310
188 2033 1647
1063 1108 3592
815 4774 4967
134 1791 4425
3918 4348 4586
3097 4495 1367
4077 4163 278
4127 4681 2838
1353 4718 574
4103 4271 1090
1647 4310 3846
179 4735 3418
2537 3968 1899
837 1750 3162
3560 3743 4524
1817 2103 4945
3546 4484 945
4445 4783 3590
923 3686 3326
1478 4234 908
1756 1903 232
3310 4033 1059
3813 4977 1097
3951 4548 2979
2283 3350 2245
822 4797 1044
4105 4445 4753
409 1040 3426
537 2116 533
4632 4746 4087
4276 4997 3806
1317 4102 1795
2513 3787 954
2870 3080 1893
4921 4952 4527
96 1327 2088
873 3595 3207
3940 3985 1010
4007 4469 1969
2240 4419 3985
2751 2869 3318
4453 4795 504
542 1960 3243
3022 4417 1667
4151 4254 997
934 4989 1931
2406 4957 1021
3517 4762 1563
1972 2045 4325
624 4151 73
2268 2402 4640
4234 4397 3771
3178 4572 3066
2664 4862 651
4090 4752 1637
1845 3984 2133
4500 4602 687
4668 4957 3926
4368 4676 2843
1859 2986 2704
4924 4970 3790
2243 4818 4080
2675 2856 4444
3344 4520 82
2766 4890 3258
4785 4883 4448
468 1189 1697
4338 4927 3249
691 3155 4781
498 1249 4857
3704 4239 622
1502 4965 586
2618 2757 4975
273 3027 2335
4492 4948 3319
3790 3839 1416
1030 2731 4261
3112 3368 4700
1021 1793 4519
614 3944 4608
2072 3529 4566
3664 4351 1234
1862 4706 2331
3627 3794 4707
1550 2838 4433
3836 4310 4579
4615 4786 3173
862 4150 3296
456 2204 976
4920 4983 2884
4723 4771 1439
4794 4907 3020
811 1404 1343
3165 4389 4025
2408 4995 218
1866 3559 3340
3874 3944 482
4510 4942 2347
1980 4634 4676
860 1947 2771
1527 2660 1578
3743 4923 1869
2389 3698 4347
1633 4281 4801
4636 4996 1966
2281 2891 2761
4001 4744 1146
4024 4386 1311
1446 3272 4750
1183 1651 2848
1789 4285 4071
4074 4103 104
839 4621 2939
3976 4099 4154
130 2902 2842
4985 4995 1746
811 2652 3070
2377 2694 2340
2405 3747 4305
4810 4984 4896
3177 4259 1220
4164 4272 2691
1652 3021 4589
1275 3355 1176
3442 4354 2399
4746 4951 4420
1282 1648 2708
1241 2498 575
792 2771 134
543 4988 643
4444 4734 4732
917 3233 1922
3679 3701 1043
2495 4019 2191
552 2903 96
3953 4958 974
743 2901 260
4163 4827 4831
2775 3788 1237
4304 4319 2128
1191 3231 472
2521 3820 201
2564 2999 3956
990 4572 568
4542 4694 4718
1851 4852 1830
3808 4940 915
326 3787 508
733 4367 3234
1491 1779 2975
3933 4504 1026
3844 4116 3415
2220 3796 1318
2668 3493 2850
1907 3676 4804
4932 4948 3971
4192 4493 4528
3236 4403 3832
374 1781 3529
943 3778 2512
561 2827 1155
1070 3887 2839
3505 4745 1369
3755 3774 1210
1393 4306 2735
2185 4878 497
2180 4440 2886
1411 2754 2223
760 2725 2578
1753 2733 4029
1319 1959 4901
231 4763 4956
1853 4389 1200
1388 2004 2145
2068 2147 4397
1408 2245 4038
4047 4235 2382
349 2874 1791
1512 4809 4246
1848 4705 572
2140 4550 1491
1928 4033 3785
3334 4015 968
681 942 2938
2354 4168 2614
2521 3846 2960
3587 3837 721
2380 2607 2692
3834 3928 4185
3474 4112 3509
2936 4079 3395
1443 1955 3050
996 2893 2969
863 1720 460
1078 4984 989
1670 4010 1977
4369 4882 4160
2423 3614 4265
2803 3059 4119
4480 4512 1865
4561 4653 1852
586 3019 1210
1996 3907 2011
1482 2560 4912
1286 1812 3160
1614 2969 4154
223 308 3557
3632 4922 1686
1663 3397 1376
2522 4619 1690
3829 4211 2005
2442 3905 3025
2642 3266 4303
3849 3923 4344
4249 4730 1284
3384 4790 951
1556 3059 2076
4934 4936 3626
4413 4763 2951
4437 4706 3581
3101 3918 1483
1831 3266 1694
2616 2784 1484
844 4026 959
3725 4434 1577
1557 4495 2055
1396 4646 2721
3372 4645 3703
3731 4108 1426
663 4018 454
3949 4266 2913
2709 4574 1655
3936 4389 1445
4573 4719 1029
2986 4358 2360
627 4845 879
4040 4360 2367
1441 2834 2768
1045 1628 3960
1326 2679 1523
898 4760 3334
2993 4504 2487
4672 4941 414
4737 4749 3691
611 3435 1734
318 1487 3885
1532 2151 2830
15 714 3882
1080 3950 1839
2565 2682 1222
2122 4018 1033
4950 4983 2438
1516 2135 601
2945 3917 1833
733 1632 3227
4624 4884 2466
4968 4998 318
1497 2237 4299
3346 3438 3726
778 3152 2786
559 1240 3636
789 1007 1824
3649 4896 2636
4525 4545 1281
236 946 3738
1202 2111 255
636 3443 1415
1861 3087 1712
3521 4813 4746
893 4864 3175
1517 3165 1259
2937 3660 1249
2869 3720 1716
3835 4895 4434
4537 4675 3088
2300 4477 45
3083 3801 4605
1079 1318 3596
3618 4672 4613
3914 4268 2234
997 4904 325
945 1548 1143
1496 2590 2790
3718 4336 128
2319 4921 791
2145 3541 3592
1434 3226 1266
3463 3621 4422
630 3723 337
3720 4471 3313
628 2783 3737
2508 3339 712
3424 3739 23
4875 4907 2668
1628 2953 1135
4180 4518 2167
4980 4995 3743
1660 1774 964
225 3521 432
4952 4979 114
3289 4764 1766
3370 4852 4256
2061 3264 2869
1665 4091 2236
2802 4693 1874
3223 4718 4382
2750 3328 3125
180 942 1013
4520 4992 1817
3098 3927 3474
979 4374 1713
4419 4708 2706
2116 3788 2672
3709 3917 15
598 3621 3286
3212 4970 32
1858 2816 4400
1342 3444 439
3778 4622 1414
3152 3188 2185
4455 4964 4787
4777 4958 3981
4904 4922 3155
3797 4601 4954
1354 4548 4747
3400 3594 1186
4384 4531 3050
3836 4489 4715
2579 3379 2227
1509 3290 2915
1943 4388 3515
4978 4998 1949
3466 4659 2092
2206 3034 1981
1926 1946 3982
679 702 1453
1757 3447 3237
4711 4743 3985
50 267 4574
4563 4843 1520
3434 4254 2685
1558 4695 974
633 4102 3730
4089 4128 763
2775 4678 3776
3622 4683 4764
1271 2705 2593
3287 3953 1206
4068 4083 4997
4325 4350 3042
1668 4782 3540
4520 4846 4633
2535 4052 4274
203 4785 289
2173 4446 4405
3981 4982 873
1824 3031 1134
4337 4465 1887
1718 3266 808
2667 4139 51
3651 3657 2971
4998 5000 4773
4010 4714 1421
1255 4399 1914
3291 4785 3915
4706 4751 8
801 1920 4219
2700 4014 409
3721 4632 3573
1065 1138 3186
4128 4193 1844
3028 3103 4503
2591 2899 3671
4954 4956 66
2073 3316 2270
4242 4876 1337
4774 4806 2456
1821 4895 4530
3793 4060 3582
1846 2009 653
203 2592 3543
2014 2541 4961
848 4374 232
2532 3015 1125
1950 4780 4588
152 3518 4401
4208 4901 226
4173 4287 3771
2176 3147 678
1310 2777 4816
3529 4219 4611
2150 3886 3503
3316 3461 3657
2291 3187 3016
3166 4522 3861
978 2574 4908
598 3356 2995
4493 4923 2266
861 3023 4192
3921 4584 4769
3321 4335 1738
1888 2496 595
560 4972 402
4751 4965 4077
1317 4416 2190
2840 4954 2097
4230 4582 2243
2346 4533 220
4823 4905 3288
4938 4970 1254
600 1202 2306
1894 4490 3140
4431 4638 4166
267 2903 2407
2761 4276 1811
2020 2189 3015
4010 4913 820
2154 4526 1616
343 4395 1451
4033 4730 1337
3324 4694 4302
4389 4935 4226
1532 4128 2761
876 1763 602
602 2909 1448
2156 3951 3146
733 3588 2720
11 831 187
3886 4982 2341
3955 3999 2551
3890 4138 2341
3371 4225 3104
756 1488 1330
4681 4691 1554
4781 4860 769
3410 4605 3013
2202 2694 4652
612 948 1778
626 4469 3437
1146 3149 1808
290 4775 2240
63 1860 4705
1167 4680 13
4796 4976 4390
10 4937 181
4868 4914 2790
4739 4763 397
95 2360 2419
3199 4361 4459
4077 4146 3303
506 3647 2309
2070 4319 263
942 2246 612
3422 4099 4674
621 4548 2173
1263 2522 63
1975 4927 2645
3572 3627 4865
1540 1712 479
667 4574 2718
3186 4821 1359
627 910 4286
14 3065 2399
1272 1476 3183
3610 4858 3199
542 4931 3206
3787 4432 1968
4594 4912 1199
2798 3421 1154
1961 4075 975
1333 2028 1115
992 3652 3958
4368 4520 1905
4518 4671 3320
2526 4557 2637
3512 4830 483
2078 3212 2083
1556 2146 915
2058 3994 1180
1209 3722 3446
4850 4913 2854
4971 4984 4862
234 356 4980
4806 4872 3633
4252 4666 3546
611 1576 100
1701 2828 2114
1338 2676 4950
145 3228 29
2367 4458 4796
2710 2878 2909
4496 4626 87
4781 4843 2989
1113 3675 4879
1795 3713 457
2529 3583 408
1855 2164 3970
817 3008 1519
2471 3163 3964
4279 4295 4552
418 4577 1
1203 4752 2194
4433 4478 1208
4043 4993 2093
1628 2571 3004
3039 4951 3825
2797 4720 1151
1285 3408 4499
4048 4321 4953
1438 4087 414
2003 3256 4663
674 3356 1857
856 1701 2604
4745 4772 1453
1898 2989 3414
1425 2461 2434
1978 4281 3493
2960 4632 1203
4830 4890 2561
2348 2685 58
2472 3657 4306
2870 3503 702
3252 4339 824
2347 4796 4368
1032 4832 4502
2036 2178 3512
2223 3261 4924
2112 3207 335
2205 4651 3444
3338 4701 1095
4012 4354 2777
1532 3331 3966
2135 2521 1778
902 1983 3010
2322 3305 1786
3963 4484 3982
99 2847 4539
3997 4629 27
2061 4082 4887
3644 4702 4884
866 2172 747
2253 4483 4698
1647 4274 339
3693 4329 4876
686 2834 2081
4315 4694 3353
3650 4325 4195
2489 4347 2058
1103 1770 1437
3001 4713 4921
1935 2811 2914
4346 4676 4868
920 1090 4994
4996 4998 1320
1941 4084 1441
3393 3877 3549
4013 4265 4874
2680 3949 1193
819 1672 944
4501 4798 545
53 3208 3059
1850 4159 2268
944 987 4666
4427 4510 144
3853 4199 3268
2253 3779 2381
2566 4348 161
446 3040 4345
922 2793 1140
4921 4956 2652
453 1175 3105
1673 1954 3959
1555 2114 3756
42 3255 2038
4552 4750 4892
1947 4960 709
3312 4171 4536
1408 1698 700
4498 4508 4720
75 4022 1187
1552 2177 4933
548 2603 2602
325 1731 3282
70 3656 667
3761 4642 208
2208 2879 582
3796 4245 3398
4635 4878 1037
2704 4380 1518
1594 2002 4182
3657 4793 4674
997 2194 4176
4530 4876 4930
3340 4640 2353
639 1568 2478
4267 4773 4785
1470 3706 3731
2578 4658 1764
1524 3873 2796
1381 3110 3615
4205 4885 4021
2510 2652 4833
156 4345 1812
356 4963 381
2766 4341 1898
542 4215 238
3176 4338 4663
3204 4971 3809
2378 4775 1744
2932 3924 3282
2114 4310 1938
725 3193 2895
1888 3822 2417
3862 4479 3852
2425 2796 1847
193 4260 3052
1437 2479 3222
587 1150 3355
837 4113 3613
3331 4191 4079
2748 4464 3614
1729 3036 4919
4337 4555 3929
2273 2975 4369
2012 2996 186
2155 3501 1970
412 4512 4820
3026 4065 2995
1794 3668 4730
4716 4835 3960
2114 3687 4132
2234 3679 3099
67 3437 4402
1186 4167 4705
1391 4459 393
3279 4864 4200
3582 4879 2814
3579 4402 3831
2068 2622 4314
3865 4773 2874
4448 4486 49
4304 4473 3473
2304 3896 1995
4910 4940 841
650 3650 4877
489 2628 4569
2870 4793 1416
470 3686 1485
1227 3366 3148
1976 2247 2232
3900 4133 4351
3382 4072 2713
1517 2983 2912
3177 4251 235
4889 4986 4899
1489 1881 2818
1517 1567 4902
3153 4523 348
1287 1757 4020
837 4137 4184
543 1644 328
2270 4237 3680
2694 3064 4143
1133 2261 636
4634 4902 4670
232 4014 2307
1245 4909 3855
3533 3766 4882
1492 2941 4104
1814 2124 1620
4301 4528 4268
125 3401 2952
3594 4220 2409
2336 3794 4076
