5000 5000
1750 2435 4109
4127 4718 3203
3091 3160 4673
1138 3110 2295
3515 4134 4765
1099 2476 778
1587 4837 3251
4809 4909 3439
3802 4916 719
1899 3024 3675
741 2906 2699
3274 3414 2652
1258 3733 1345
1021 2480 1402
4048 4673 353
1651 3707 2924
3721 4854 2564
2102 4154 714
4360 4752 891
2656 4605 2745
562 3386 947
2730 3931 3710
3164 4787 3577
3912 4749 686
1184 2082 85
3434 4067 328
1744 2667 1525
4952 4988 2246
1550 3337 4147
4579 4800 2111
3619 3662 22
1960 2148 725
601 4278 2112
2700 4126 1512
804 878 4151
4604 4848 1682
2935 3416 3229
4320 4321 593
2193 3157 416
2435 3342 3069
3942 4786 4380
2723 4074 2456
4111 4926 2508
4430 4970 1172
4941 4963 640
2491 3143 1012
682 2486 4852
2631 3358 2672
3994 4799 76
4727 4878 3633
150 3088 2236
120 2748 3323
3562 4362 4457
4212 4941 333
4929 4954 3237
2150 3288 757
872 4428 3423
239 259 2553
1494 2166 2013
2493 4647 2920
744 4078 1393
4791 4898 4700
928 3688 815
811 2913 1737
4093 4236 3487
1553 4172 1156
1446 1516 4664
2353 4221 251
3982 4431 4927
1926 2982 1670
35 3149 2396
4972 4992 2409
2038 3181 4122
3834 4001 2339
3519 4633 4631
2319 3779 3092
2284 3634 4306
1911 3131 4351
4818 4919 2048
2526 4775 1636
3537 4773 4373
4532 4729 4125
1511 4956 804
2999 4370 4291
1563 4597 4092
4308 4731 2243
199 3377 3724
2995 4875 2426
3463 4047 1276
3037 4180 4942
1406 1837 3575
2783 3666 3444
3737 4949 1046
2016 2114 934
3126 4148 3169
3947 4195 2584
1191 3517 1233
2165 4830 4809
4500 4818 1824
3876 4820 1896
437 4026 1750
934 3379 4695
1831 3288 3361
443 650 1130
2898 4722 3892
3694 3702 3714
3552 4678 4291
4175 4957 1012
78 3975 126
2870 3557 1908
707 1878 3083
4416 4612 99
4480 4553 2300
3345 4488 2691
1300 2193 1050
268 4718 2592
914 2721 285
2282 3066 2599
4231 4278 2803
1364 2451 3198
3461 3524 1891
2640 4807 3548
3193 4793 869
3807 4596 2680
1356 1595 2406
3288 4176 3416
3153 3742 1541
1920 2462 3951
2780 3518 521
4430 4865 2249
4391 4852 328
476 779 1888
2126 3992 477
2740 4519 4582
2699 4878 4871
3375 4824 1697
745 2236 4679
4459 4622 4290
2231 4877 2992
3132 3425 2546
2724 3813 1980
3545 4216 668
344 2196 4841
3037 3199 3806
2340 3403 2081
1712 4764 1270
1673 1857 1280
3808 3838 938
3927 4797 4101
3860 4976 3829
4272 4862 518
1549 3843 536
140 4496 3041
4086 4646 4513
3668 4045 1637
880 2442 4317
2979 3953 2615
868 1112 2029
32 3655 3393
126 1401 4119
1440 2052 1783
192 3749 10
4196 4992 3567
4158 4836 1396
1977 3766 3
2182 3469 1935
176 3575 1078
1523 2168 2527
356 663 1450
1249 3176 1745
2369 2555 4278
2325 4002 2256
2361 3123 846
3259 3922 1942
4897 4963 2422
4440 4922 2709
58 3522 113
1211 4930 4642
3460 4422 4413
3927 4427 1956
3897 4893 3736
823 1328 1043
311 3070 3936
2556 3195 2237
492 699 4944
719 966 2499
3803 4219 2445
3568 4313 4781
1170 1296 4019
4497 4840 2042
3515 4147 9
4449 4972 2661
3442 4270 950
3029 4494 1566
3409 4166 2175
1808 2719 942
3545 4707 271
2811 3062 2273
3975 4876 1029
712 3907 4162
2891 3098 4537
599 2826 1269
3603 4074 1161
4751 4895 4813
4539 4742 891
3268 3752 766
2603 3158 4982
3855 4550 1695
2394 3001 2742
903 1909 2542
3633 4500 3496
1537 1963 4578
246 4632 1545
3821 4282 948
556 3918 705
1047 3962 953
1066 3974 2329
2563 2579 3690
2118 3126 1105
1459 1485 1839
129 4455 2635
2208 3398 2809
3649 4812 2621
4087 4373 3599
2989 3221 343
450 4961 910
1431 4108 3265
4288 4337 2712
4999 4999 483
4011 4800 214
476 1466 1858
4778 4929 3941
1159 4232 44
774 3909 4441
3128 3315 2900
2049 3056 1618
2245 2404 4941
4634 4705 2763
1678 2452 4680
3749 4394 25
2546 3391 330
3085 3685 4621
1633 3693 4791
4125 4429 4998
1973 2171 742
4305 4495 4226
403 4669 2629
3725 3915 1596
243 289 2256
1378 4079 2314
1626 2454 4007
4223 4780 3656
803 3582 1108
1538 2613 3782
4148 4175 1740
2262 3543 2720
3375 4718 741
3789 4009 4456
1582 4145 1175
2091 3728 2498
3659 4476 2150
1318 1459 2528
1525 4265 4258
2080 4477 4055
3625 4085 1437
2553 3286 2071
543 3751 1462
4624 4697 2403
2330 2877 759
1165 2580 3763
1892 3136 3323
1515 4852 4970
1156 2685 3306
2081 4896 1714
3310 4938 4135
1970 3054 3627
507 1941 709
1166 3488 667
4508 4856 2690
1452 4356 669
4872 4989 395
1224 2770 3098
2772 4912 3195
3281 4335 31
1392 3589 1603
4041 4239 1634
2497 3813 3338
2943 4738 3678
1952 2789 1268
3256 4133 2044
677 809 430
2820 3715 416
31 4820 1449
1517 3518 1944
421 3470 1453
3067 4303 997
2256 4577 4811
11 2944 3754
3336 4327 3043
2731 3988 1002
3616 4912 4978
802 1702 3183
4905 4981 3714
523 3584 1756
252 2789 3978
797 2869 3229
4050 4927 1313
192 4603 1813
416 3681 1134
4545 4733 3212
4495 4582 4360
3998 4381 3613
4210 4848 3943
288 606 4534
3790 4403 2749
3731 4475 4313
3054 3185 4292
2214 2654 202
4932 4981 463
3612 4858 4963
1351 1517 2278
3461 4947 4986
1596 3269 284
2931 4734 2504
2146 3114 3575
4993 4994 386
3899 4061 1564
2715 4523 2450
4882 4997 4806
4818 4923 2305
4693 4917 696
1791 3558 4860
1832 4908 3090
2848 3151 1318
1178 3251 361
4206 4641 946
4714 4911 1459
2691 2928 2280
3228 3701 1322
2807 4770 4069
373 1393 4763
1443 2922 2576
4781 4939 3005
3439 3645 2644
2374 2625 2179
3403 3779 3264
1221 4369 2139
2320 3978 1891
2406 3614 2674
3643 4851 133
3807 3985 3974
2414 3966 4222
2839 4112 3577
3856 4975 3545
2443 2734 4342
2108 2879 1590
468 2741 1481
2507 3670 436
97 475 2687
4357 4984 373
2571 2919 2662
684 4155 729
1680 2091 3170
4709 4812 3075
2052 3858 2428
3626 4692 795
3927 4816 3795
2326 4591 4564
1610 3182 2142
1512 3241 1496
3351 4810 2369
1504 4383 562
3538 4261 2537
1738 2443 2531
4555 4673 847
2423 2848 2163
4000 4576 433
4120 4462 801
3834 4801 3821
1054 2004 4582
3727 4552 1717
4856 4978 2871
30 2990 1766
3656 3901 451
4017 4178 3011
1472 3993 883
3389 3777 4023
378 3815 4286
2092 4359 863
2057 2226 4884
2018 4146 3396
479 2858 939
137 3844 2046
3768 4317 1071
2325 2640 2862
2948 4589 643
1324 3475 2161
345 3987 4429
3358 4317 192
1391 3338 2835
1707 2309 4041
1987 3724 1203
3778 4959 197
4860 4903 4329
400 1980 1822
862 3779 4131
623 655 375
3605 3809 3027
693 4577 1640
3336 4590 2720
928 3380 2083
1962 2651 2865
3706 4050 359
502 1984 2159
987 3368 1839
507 4820 799
3408 3748 4698
4633 4641 2846
247 4237 1715
3002 4286 507
753 1743 350
1439 1995 3626
2348 2742 630
2205 3541 634
853 2946 3897
2624 3627 582
1354 2024 2961
3802 3978 3542
1945 4712 4214
4874 4893 608
2879 3914 1088
1416 2887 1953
1426 2070 3718
1258 3635 2593
707 2246 4073
1825 2678 1084
1409 4317 1073
4045 4094 1464
3110 4279 727
297 4966 4983
4188 4776 4133
1701 3389 3190
3707 4030 780
4636 4881 3900
2492 3557 2958
1372 3700 1463
584 2278 2745
3501 4553 1766
4262 4757 1049
2235 2336 4303
2417 3950 2246
137 2159 827
800 1980 2165
136 4449 1423
909 4328 3676
1316 2106 504
1287 4151 4764
1044 4311 4782
3005 4929 2714
4248 4295 4059
3142 4176 2489
1379 1565 235
4067 4674 784
1944 3341 1819
2301 4883 2994
4674 4895 3232
2633 2735 835
545 4269 1301
1567 3706 4941
2242 2361 4047
1364 4528 507
142 1274 3255
378 3463 4887
2806 3695 4071
4267 4352 791
2974 4297 976
4223 4468 3107
1910 4926 1300
2061 3769 180
538 1349 3469
1503 2218 428
2205 4597 4043
372 1469 3950
2465 4084 4363
2576 2857 1174
3006 3946 4515
1809 4964 4430
2807 4107 4227
1522 4084 4010
2563 3084 494
1557 4077 3863
2634 4160 2855
4553 4570 1404
334 3863 1192
4562 4670 3249
1588 3284 693
2665 3574 4587
2987 3557 4045
3606 4833 2541
4802 4979 3090
585 862 186
982 1841 4669
3878 4102 1854
1660 2577 1076
3261 4097 227
4337 4806 1541
1200 2378 1927
2169 2692 4895
2958 3367 2781
1004 3326 4598
4740 4861 1210
2284 3938 4339
2048 3515 4868
2313 3133 3033
849 2417 2412
141 4132 372
2099 2239 1346
2629 3884 3585
3712 4150 1053
3095 4836 483
1503 1890 3972
713 4832 4951
1718 1876 2049
3640 4106 2342
3643 3852 266
4016 4916 4970
4637 4800 3811
788 2417 1542
2156 3671 3038
3250 3721 1026
2942 3244 411
848 4625 426
2319 3355 3674
1168 4939 760
4419 4649 964
3299 4047 467
3404 4797 4718
1760 2116 4063
1004 2891 3403
2771 4671 4029
3759 3792 2915
303 3754 2552
2271 2877 4254
4080 4915 4587
766 825 1018
91 4594 119
1088 3172 1714
4861 4980 2401
4800 4867 570
4142 4839 106
3567 4994 4294
1215 3280 2589
2721 3308 2718
356 395 4692
738 1992 348
938 1536 3237
4762 4926 1968
3458 3535 285
4447 4641 3836
872 1159 4509
1338 4945 4162
2539 4904 1212
2939 3264 4498
2414 3564 920
749 1905 4219
3538 3977 1307
3467 4227 3919
3187 4426 2808
1039 4372 4809
4410 4588 2257
2769 4358 352
3620 4219 3776
1537 2986 1274
1840 3010 480
1124 4192 2661
3847 4353 1082
3660 4945 3005
852 3423 875
2729 2860 940
4764 4971 147
2547 4130 135
371 1636 4524
3204 3489 2229
4137 4638 507
1073 3823 2706
1369 2455 3240
4724 4966 2528
4836 4871 2761
3382 4163 3984
385 2154 1499
4465 4877 2819
1159 1554 3194
3111 3557 3441
3142 4811 4479
3141 3874 1481
1157 1455 2661
2450 4248 2567
1932 3226 973
1274 3215 2694
2312 4806 4006
2232 3855 1474
4142 4709 478
2696 4256 1762
2332 3107 317
2032 4846 1740
4013 4673 1160
4811 4856 1054
3489 4082 868
2256 2580 2069
3862 4277 4769
3313 4043 1610
3703 4894 3732
1160 4930 3010
4541 4543 1932
4345 4881 1607
4416 4600 4001
4283 4341 611
2101 2111 3795
4565 4978 2862
2641 3742 1068
2712 3682 292
3132 4223 2172
3519 4876 2160
2320 4653 312
3078 3293 4312
2409 2623 3260
3857 4176 1514
4330 4363 1294
4676 4891 773
548 1484 4773
3753 4934 2416
723 3085 4652
4922 4933 2537
4946 4987 224
3335 3843 975
4428 4765 1604
1728 2189 1392
850 2450 3484
2603 3444 3140
2852 4760 1808
1155 4378 4177
3686 4015 1196
3384 4175 3259
1783 2366 175
3206 4587 3823
1437 3911 3785
2224 3081 4722
331 1540 3461
1349 3724 4629
1980 4546 2532
4366 4872 971
4488 4951 4842
828 1359 2220
4107 4915 490
3914 3991 4308
248 4321 2599
437 1349 301
4398 4853 2314
4962 4970 2919
1125 1483 3389
4325 4805 4164
2099 4202 4153
4821 4979 1293
3476 4037 920
3157 3318 257
102 1936 1965
556 1953 2509
2717 4496 2428
3609 4096 1282
3705 4728 3724
2589 4129 3915
3479 4378 619
3930 4448 4923
1276 1401 3002
2514 3519 3011
1890 3528 4777
2975 3474 1654
2904 3777 261
2420 3424 1255
1099 2471 1325
3048 4244 2589
3539 4976 3174
3143 4764 4007
17 1109 711
3011 4245 906
860 4475 762
2753 2895 590
4835 4853 1516
1850 3055 3382
410 1031 1105
2841 4150 783
4231 4413 963
891 1940 4541
2137 3185 221
3983 4264 2118
1913 4185 4371
717 3472 2792
282 3667 1315
4519 4604 2352
134 4113 3956
1703 2721 1473
4141 4890 4381
4626 4870 636
4324 4935 2291
2971 3524 96
667 2867 2191
4356 4483 1448
2224 2991 4989
4424 4685 3491
39 2504 394
1338 3878 3905
1974 4324 4250
3947 4722 3434
2684 3383 899
2718 4228 2615
3051 3606 733
4274 4787 2217
4874 4926 1494
3548 4978 474
2069 4597 3030
3647 4272 3770
2658 2912 245
3369 4665 1996
3135 4208 1399
3877 3941 4899
1841 4131 4783
4693 4993 3113
1601 4516 1231
4561 4584 4628
1211 3835 2588
3253 4502 4515
291 3861 383
133 330 3139
3507 4820 3071
2113 4509 917
1571 4570 199
138 3086 1481
2219 4941 1105
2314 3765 1255
3505 4200 3533
1205 4227 4336
385 1224 2357
451 2229 2081
4077 4230 4792
7 1086 108
1469 3404 3695
3399 3938 2707
1478 2253 324
4283 4772 4591
3218 3888 1901
662 848 3159
3691 4312 2495
1499 1578 3580
166 3561 4859
4192 4843 2546
1786 1868 4136
406 2123 3017
2872 3427 3753
2149 3767 1499
2378 2977 3539
3907 4712 2074
585 838 747
2233 2620 270
4092 4545 2402
123 2509 1049
4288 4900 2367
1019 2571 3232
3574 3892 119
4106 4790 4672
1230 4081 2347
3385 4161 3467
1976 2256 3423
4475 4704 3828
4156 4729 1008
1088 4133 4907
3295 4655 209
1988 4316 4485
3698 4635 2070
1993 3486 755
1638 2068 3781
2110 3658 2184
1972 3313 1360
4740 4813 4986
1063 4437 2904
4137 4889 282
1280 3310 1116
284 2502 468
3688 4617 1457
4420 4874 1573
1475 4249 406
273 3756 826
629 2809 1314
339 4943 2978
754 3804 4788
438 3419 4426
107 2318 1055
1562 2644 3777
3378 3578 9
2617 4687 4621
4563 4635 3012
3911 4051 3815
991 1667 3446
978 2778 1861
1456 4692 4782
555 3193 977
1387 2604 1102
4652 4679 2298
1475 3265 2755
2260 2342 149
4254 4326 1798
4135 4906 4045
392 1731 3044
214 4040 2128
382 2344 2897
88 202 2123
2403 3965 3815
380 3300 1056
4984 4997 1738
3326 4777 1827
2148 2412 3891
3670 4970 2299
4980 4983 4514
2702 3193 3327
2920 4387 2446
3042 4645 570
356 3797 2546
1302 4307 4625
1250 1347 4498
1078 2414 1307
3086 4301 1090
126 4554 4731
2830 4597 2130
117 1203 4689
768 4896 58
2264 3573 632
797 2252 856
3352 4045 623
2951 4308 4488
3458 4744 3020
3704 4615 3094
2083 4674 2222
2653 3398 2947
2828 3699 1426
526 807 4844
4632 4968 3679
844 910 1496
1141 2304 2473
1448 2063 3200
1020 3435 2105
2058 4744 700
358 847 3062
3570 4402 4694
2689 3138 530
1031 3484 1424
1320 1462 1498
372 4898 4990
4811 4902 2737
2118 3555 2632
2606 3706 1741
4083 4582 3069
4566 4997 995
1203 4192 68
4659 4920 2532
1916 4410 1340
2959 4614 1802
3267 4059 2451
1624 2120 1624
755 2105 3037
2796 2878 827
2167 2359 903
2925 4307 937
1886 4528 1463
3296 4904 4097
2362 3405 4296
1566 3633 4417
3611 4149 2582
1675 3670 4856
173 2211 4245
2123 3483 3319
2254 4575 684
640 4515 3609
4795 4911 1986
2405 2737 1161
3137 4190 2720
3121 3440 459
871 1157 4140
4260 4839 582
2532 3808 3513
1113 3177 4583
1219 1819 661
2081 3001 2052
780 3448 2035
1615 2805 4211
4425 4651 4937
2212 3687 761
961 971 4167
477 1747 1011
3218 3258 1480
78 4536 871
3111 4633 1439
1365 3981 2461
2633 3370 3388
1307 3387 2555
4439 4727 1747
3915 4944 3687
2707 3973 1489
2310 3705 3909
4392 4735 4619
4925 4979 4780
3431 4733 2115
2236 3787 3502
3326 4234 4428
2512 2727 1616
3588 3721 333
2963 3233 4056
1150 3254 1891
4748 4949 3969
4618 4861 122
3440 4419 4697
2630 4655 4020
2241 2899 3006
4373 4974 3729
2773 3834 3804
975 1441 4428
3755 4833 1484
2323 2873 2110
3242 4880 3268
2357 4527 3440
296 2439 916
4474 4922 2160
4177 4481 3075
2890 3255 574
139 3810 4553
4791 4941 2135
3937 4825 3491
3350 4556 4624
1802 2568 3819
2865 3048 3139
924 4569 2869
1684 3937 3843
4437 4951 2656
2187 4618 4913
1 440 1699
4254 4570 105
1801 4846 2767
3822 4436 3351
4792 4797 4446
2824 4226 93
468 2583 1408
3183 3554 4209
4423 4474 1529
1347 4101 612
4707 4951 4614
2674 4310 2993
4171 4637 635
1195 4477 2794
2530 4534 4125
1416 3127 3768
2 4509 199
3077 4227 3109
3961 4345 1656
4912 4964 3227
1553 3336 2049
3025 3313 4131
423 2094 424
4774 4891 4294
3556 4121 1102
4388 4863 2929
1725 3985 1816
761 4239 3691
1193 2873 1587
4893 4949 2970
1249 2338 1244
3644 4628 2627
2770 4392 2376
2151 3036 2413
3296 4855 1715
4971 4982 3752
459 4304 3742
3398 4716 2422
4196 4603 3980
1479 3832 4202
4724 4761 3630
563 4794 955
2053 3656 3991
252 4793 1855
4678 4825 2543
708 1407 1161
1015 3617 3409
4905 4975 2957
1187 1515 123
2162 4998 3703
3149 3245 2459
1841 3951 416
4460 4632 4672
221 3726 4016
2553 3742 4098
2502 2790 4115
2112 2510 393
4599 4611 3141
3890 4079 4068
1159 3406 2888
4625 4643 926
2433 3765 4976
3961 4326 367
2983 4160 3576
4731 4878 1103
2342 2999 2481
2051 3356 1010
3725 4009 4067
577 4709 1087
706 2776 2122
4157 4764 1661
818 2691 3008
956 2101 4862
3091 4277 1026
2422 3389 4778
2313 2718 113
3933 4220 2700
3839 4766 946
3618 4550 831
1272 3624 2811
2478 3828 3641
2236 2435 42
1545 3966 1716
1451 4526 3934
30 537 3655
3268 4621 1248
1481 1553 2185
4628 4973 2825
3743 4946 1784
1759 4476 4169
816 2543 2614
3506 3816 390
1538 3285 2541
4403 4657 1651
3183 3728 2420
2547 2830 1641
3965 4653 1187
1428 2349 2547
1507 3416 3570
1009 3283 4637
1629 4344 4612
3681 4907 1102
1691 3069 3187
2865 3914 2308
2207 2326 2868
1572 3990 4590
3996 4316 4696
3329 3765 4506
1616 3565 4069
3370 4372 911
1592 3110 1799
1120 3340 406
4621 4774 777
1275 2796 744
86 2027 4233
2547 3723 4235
3909 4884 2711
735 3768 454
2878 4643 1004
4919 4973 141
2635 3512 2986
4064 4686 2231
3432 4727 3362
1759 3523 130
237 3086 2495
3545 3568 3540
2960 2960 3078
3724 4593 3506
4262 4705 1551
1493 3113 135
1097 2610 1773
165 3535 241
4822 4978 1563
1424 4607 4082
4612 4869 4745
3108 3195 3908
117 1577 4509
4994 4995 3746
1121 3298 852
926 4814 1767
449 4055 2451
2065 2166 2654
4768 4774 3005
4222 4336 2665
280 3244 40
3750 4256 2113
83 4887 898
2523 4798 128
4649 4979 4765
1121 1913 1520
4868 4945 4650
701 3621 3957
1900 4259 4012
3435 4097 4321
4167 4843 1607
1762 3946 4324
3866 4353 814
763 3582 3939
3133 3260 2673
2186 4800 2070
461 2703 2756
2790 3221 1343
2445 4677 2881
2206 4419 2917
1304 3513 1560
4030 4431 2521
4611 4626 1756
4327 4762 1191
3293 4074 362
2296 2320 2967
3503 4674 3657
4327 4526 3747
760 2992 1212
1666 4381 134
4598 4838 2476
1512 2455 2423
3838 3919 3633
3583 3622 2807
4218 4327 1574
1548 4765 2001
4817 4960 3761
1586 3574 1024
2444 2954 460
3924 4485 163
3685 3729 377
407 845 2048
2629 3903 2119
3052 4780 3693
1826 4438 364
2579 4554 1015
4982 4985 3640
4873 4891 4446
2832 3195 1388
3916 4423 4261
2317 2353 4510
3959 4562 3598
1239 3793 3487
4702 4957 1265
2598 2797 390
389 4699 3417
2001 3563 3350
3802 4391 4362
3281 4531 3666
3223 3599 4449
4704 4775 1116
3117 4153 125
2749 4172 1517
1874 4138 2181
4946 5000 544
2147 3963 4842
1442 3893 2283
1977 4545 2192
491 3320 341
3632 4645 1872
542 3053 592
805 1489 3597
3523 4521 3646
1120 4840 119
3566 3821 1461
677 4403 3597
2797 4835 2112
2257 3517 4557
1855 3162 4001
1279 3037 2535
3693 3850 3379
3579 4433 3465
2453 3886 976
1320 4568 924
4964 4988 4489
1979 4356 1563
3163 4276 3291
4833 4853 3575
2658 4927 1517
4798 4895 2571
1427 2459 3078
758 1865 2092
2913 3479 334
2520 3813 1537
4785 4987 2167
2312 2335 2327
4312 4949 2549
3526 4785 3097
2520 3293 4898
3230 3683 102
721 3056 393
2689 2925 2780
4384 4485 4683
798 1894 711
3123 3297 1638
1973 3125 193
2092 2295 2226
4343 4442 3850
1780 3074 4239
2232 4525 3359
2524 2550 4117
4867 4976 4054
4933 4992 356
1849 1906 868
746 1315 4735
44 4439 768
643 4404 271
2589 4632 2881
1746 3930 3383
2670 3715 4412
4346 4355 2695
777 3573 3116
3509 4920 2496
297 2115 1449
3174 3604 449
2666 3603 1575
2966 4074 282
1 2325 1145
1195 3157 1962
1212 2695 4599
11 2506 4913
1379 3123 3224
1237 4971 748
2959 3346 3946
3408 3536 2445
4778 4941 4891
3343 3449 2881
1967 2867 3991
2543 3785 2915
4473 4791 3601
3430 4236 283
540 1906 3405
441 3193 2292
1785 2034 4384
199 4154 2576
4821 4862 3322
4020 4759 185
4625 4870 833
4002 4163 3716
1954 4878 733
1757 3596 2890
45 2021 3888
804 2488 2528
2250 4441 4756
2188 4979 581
929 3735 2361
1481 1635 4376
200 3977 4946
2623 4371 518
3129 4232 2238
4137 4974 2360
3215 4704 4701
308 3222 3489
3552 4791 3425
1144 2356 1206
3546 3885 3517
1544 4049 809
1125 1654 1218
4883 4985 2559
1694 3331 4091
4351 4758 518
1964 3579 2672
3772 4864 1077
3963 4624 4407
3708 4090 4283
358 4153 2340
793 3723 4177
2454 3314 832
4338 4904 1941
753 3456 2198
2469 3290 3397
3525 4691 4418
2873 4902 535
3219 3482 4990
3744 4859 2136
539 1810 222
3345 3786 2555
1418 3472 1327
3068 3317 4146
3496 4465 2458
598 3546 4215
1561 2397 2442
2358 4532 3264
828 4937 3423
1084 1251 622
2274 4452 4514
4402 4651 2034
3388 4014 4684
3977 4317 3631
3777 4910 4692
2189 2361 425
4818 4874 978
1016 1480 4343
1300 4023 2677
4181 4191 1217
2466 2979 584
4394 4682 3462
4303 4734 3277
2450 2706 191
3228 4967 2857
3526 4443 2879
3857 3891 4815
3587 4658 4365
2072 2077 428
4020 4113 1457
1229 3563 1606
3102 3169 782
1472 4710 1400
2897 3982 3365
2123 3508 4500
2836 3103 142
332 1702 1101
3789 3832 1467
103 1449 3505
3678 4870 2260
3732 4885 2719
681 2743 1693
1040 2712 4209
4798 4905 4967
1432 4164 4834
146 3664 367
276 4287 775
109 3853 4005
120 3816 3023
2980 3134 1573
4082 4742 3515
304 4653 416
4110 4915 781
4127 4715 953
4425 4465 2037
3238 3386 472
1084 3915 2944
216 1471 1680
4199 4375 496
2454 3780 680
624 1498 4966
1155 4585 1733
631 4121 906
2150 4614 2517
4704 4967 1510
2091 3897 4603
1785 2270 3645
4864 4927 4625
3144 3245 743
3818 3848 3894
1562 4161 2082
3769 3913 668
3025 4663 7
3492 4385 315
681 2960 2957
4431 4716 3672
3502 3792 4697
1115 3067 1496
3004 3477 4538
3439 3664 4041
4988 4999 2607
1903 2215 588
1316 3836 1738
2527 4577 510
4895 4928 781
2232 3549 172
3911 4744 742
3735 4856 537
1120 1873 2991
3229 4398 322
3201 3539 610
3150 4184 1830
282 3345 2090
329 3514 1880
394 3182 3197
3942 4406 1826
3378 4952 803
3370 3428 4712
350 1168 4501
1325 1750 66
3841 3860 558
3588 4888 1306
1779 4780 523
505 2083 4797
2478 3094 2824
838 3190 782
4502 4532 681
665 2496 2470
4603 4961 3096
3218 3348 1599
1009 4948 2928
3704 4744 4613
3682 4479 374
2930 3062 347
2624 3806 1552
199 4833 2207
3044 3951 1766
2240 3888 2723
3682 4897 2484
4798 4997 223
3582 4795 4557
782 2750 1411
4503 4676 1758
4851 4852 4151
3610 4567 572
4193 4896 354
518 4476 3653
1459 4041 4854
1047 4700 1156
3427 4252 2487
421 3036 1709
1366 3698 1416
1843 3200 3749
851 3875 4410
1388 3684 3273
1378 1956 4687
4320 4755 4923
4613 4614 1484
4974 4974 4694
1326 4487 4686
4125 4277 1601
4176 4228 864
491 2092 756
1648 4312 1401
2337 3810 2299
3590 4968 3204
2781 4211 1057
1079 4554 1271
1741 4488 1239
11 2202 882
4123 4266 920
155 2709 3373
2999 4734 354
4013 4509 524
2661 4368 3225
1923 3133 1127
4682 4777 1447
4259 4344 1363
1766 2142 3618
1898 3827 4359
541 3807 4359
4336 4842 1444
1603 2016 4300
3230 4483 633
1027 2255 1359
3211 4968 3426
476 1408 2886
3227 4682 4359
4581 4907 921
2293 2679 2185
4777 4850 1633
4629 4629 421
4951 4961 2162
75 1732 1713
3811 4986 434
843 1299 2948
1028 3322 4524
2880 3472 1278
4226 4862 4354
4171 4687 354
3853 4977 704
534 1975 957
1571 3686 3884
18 3602 1135
3323 3549 4857
394 1611 4173
820 4861 4735
2213 3413 3943
39 4578 3798
2982 3329 994
3144 3444 4435
3451 4079 4581
1989 3359 1629
2566 3760 1156
633 2785 4030
4792 4997 3204
3875 4788 573
350 4822 2732
3614 4492 916
3626 3660 1190
856 1027 1794
3463 3940 4793
1772 4703 1109
2137 3715 2419
3232 3262 2784
448 958 113
4525 4623 127
4780 4934 3546
1207 3096 4459
4727 4941 130
1425 1728 280
2922 4217 4557
326 2622 2202
2087 2459 1374
4363 4423 1168
3733 4520 2214
1571 3678 675
636 1589 1529
431 4703 3924
3826 4836 813
2869 3383 2477
775 2151 4413
4648 4711 3683
3946 4902 2664
2404 4772 4600
4471 4975 2941
1603 4487 1045
1806 3586 2022
1520 3556 2058
3124 4233 114
4437 4493 2994
2363 4883 3028
3988 4657 4870
2897 4764 4322
858 2919 3563
480 4342 4552
4086 4625 1720
810 4474 3848
4550 4860 743
3430 4773 4912
1332 4768 3640
3452 4676 539
803 2763 616
836 3268 2773
919 3857 2719
1444 1777 4755
4813 4911 931
2679 2691 1471
2679 4287 922
2127 4355 3462
4487 4832 4360
125 3135 925
2469 3948 3726
4248 4495 3282
3232 3269 4014
4122 4269 252
168 438 1755
4153 4209 4525
4697 4918 4215
1802 4567 1378
1677 2830 4100
1262 4803 798
4014 4887 472
2552 3752 1467
4782 4782 3860
2145 2516 4796
3892 4337 1805
4482 4801 3338
347 3667 664
3930 4787 2102
855 987 3647
2111 3769 328
76 2704 4159
2561 3203 2658
1050 1470 2990
171 4848 2345
146 1277 3047
47 3183 280
2720 2781 2141
1303 2614 1103
4264 4643 4250
4265 4573 3916
2672 3871 1074
2913 4216 305
661 1328 1171
712 2864 1016
3714 4158 60
1948 3564 650
1543 3326 2987
2738 4872 851
709 2108 2554
1877 4470 3130
3387 4359 2236
3364 4697 234
1963 2432 2859
3710 4433 830
4831 4988 467
2078 3783 1056
4321 4322 2960
4144 4359 1577
1809 2645 538
4477 4897 684
2531 3165 998
2422 3940 3982
1796 4440 3772
1051 2143 4185
842 2289 3112
1117 3232 852
3129 3950 2266
3661 3806 2727
720 4826 452
4402 4964 706
4552 4613 2462
1473 3913 4782
2383 3319 1640
3021 4356 1612
2622 4078 2539
705 740 1822
4582 4588 4903
794 1491 3889
1763 4325 2860
198 1799 1794
2251 2274 3196
87 735 4503
2600 3277 3845
1800 3877 4651
1912 3419 4463
4213 4706 532
649 3376 3257
1749 2575 3611
2473 4006 2435
3493 4515 816
2606 3859 1417
3144 3560 2633
3498 4216 627
4501 4958 2022
3436 3467 4822
1940 4426 2279
1076 2677 3526
2793 3142 3268
3313 3794 3769
4832 4907 1568
4161 4485 641
109 2029 2782
4911 4924 1169
1340 4617 1840
461 2835 2741
61 1897 2926
4730 5000 2401
3577 3969 1624
724 3561 1514
129 1492 3707
2132 4753 1608
241 3036 184
835 1118 866
3328 3748 4891
3354 4425 3499
1097 2113 2333
908 3727 1962
313 3566 2405
785 4021 3629
4770 4773 4544
726 1739 285
2015 3389 48
4979 4990 207
4131 4726 2835
494 3602 4208
4488 4684 2281
3464 3853 101
3942 4384 1053
4182 4508 816
3718 3768 2551
2578 4616 2026
3288 4786 1705
1451 2254 920
3929 4446 3019
2218 4122 757
1342 2182 1652
2175 4862 4833
3776 3914 4431
645 3302 1078
4349 4873 448
3509 3636 1154
2317 2721 3987
736 4537 2085
4907 4972 2387
1621 1788 3609
421 4028 1142
876 1252 1674
4523 4937 4728
4432 4741 613
133 599 4522
3297 3497 4642
1696 1870 1550
3930 4172 3441
3756 4038 510
2747 4628 1749
2361 4889 1094
878 3975 4874
3365 3483 1837
1452 3412 3758
4628 4985 886
1879 4688 3379
494 1445 3322
4415 4888 4300
4970 4985 1046
780 1307 367
939 2397 238
3264 3582 2696
3970 4549 4200
3111 3461 1494
2029 4769 4275
618 1113 3907
1814 2811 3189
2789 3738 2164
1093 2875 3912
2654 4610 1852
4414 4902 4517
2975 4916 2272
2737 4538 1180
4987 4994 1733
1066 4236 2552
4383 4817 2198
1101 3624 2114
1516 3481 246
1176 4492 4681
1823 3927 2806
419 3690 1710
103 693 2069
402 2238 1256
796 2943 2887
4890 4925 2259
471 4391 3352
1040 3648 1007
1399 1755 728
4794 4901 3486
3286 4155 2119
633 3051 2099
3123 4826 4678
1878 3304 1611
3654 4004 3784
3425 4797 2069
220 4048 573
3543 4973 3228
2845 3203 4506
1961 4637 3124
3034 4772 1954
1552 1655 370
284 565 2092
3809 4548 1729
3169 3653 947
2162 3665 4938
3312 4133 4599
2276 3350 2503
1582 4227 514
1941 2287 3171
644 4621 2905
2850 4115 3869
2572 2693 3843
336 1595 3870
3934 4673 1486
1575 3830 1106
126 1127 4275
3702 4649 4953
4192 4606 161
4135 4932 4748
3936 4437 198
511 4628 4176
2967 3975 3555
3939 4024 1763
4440 4501 3114
598 4077 2845
876 4663 1121
860 3847 4645
425 2932 4289
2455 3505 4880
3513 4173 100
3360 4929 3281
3078 4433 2990
1180 2528 3747
2411 3417 774
580 1189 4185
3080 4118 3706
1961 2247 99
4623 4648 4039
4789 4830 2301
1696 3879 2235
2846 2936 1008
4113 4501 2572
3809 4371 1582
2615 4949 4807
4611 4719 3743
2431 4471 3811
2993 3361 1848
4511 4580 3520
3005 4707 1506
3201 3994 3653
268 3298 2431
759 2196 469
1576 3282 1629
2286 3643 4946
2114 2221 488
4088 4316 295
1149 4123 1744
70 4348 1264
456 3559 3398
374 3571 3347
3193 4402 3599
2991 4055 4506
2183 3112 3458
4141 4800 3809
4051 4151 4379
200 3942 2215
4789 4922 4138
4140 4977 4159
2588 4919 822
916 4728 2729
3704 3930 3313
4888 4895 758
1780 3294 2361
2947 4799 2149
4130 4993 2406
680 3858 156
4861 4974 1219
3138 4555 4519
1740 2144 2645
1001 2709 725
2145 4040 797
2329 3190 1695
4505 4726 1264
1804 3878 3989
3094 3102 1613
1905 2194 860
4821 4984 1801
975 3077 1504
2896 4219 1610
3999 4379 2637
2578 3312 2974
1372 4592 950
3551 3961 3921
3809 4460 3747
2337 4274 3175
3655 4830 2824
364 2149 969
1115 3174 3887
3779 4374 299
1878 2622 878
2309 4144 4102
3151 3712 3737
437 1841 432
388 2886 3722
2316 4689 901
105 819 2795
1035 2425 3077
2057 3763 4462
647 2114 924
4863 4934 1101
3110 3774 4503
4686 4800 1947
2387 4967 3430
3287 4640 84
1317 1945 1447
2547 3308 859
1687 4025 749
604 3908 4553
4912 4992 873
3142 4350 538
4238 4436 2202
717 1564 3700
245 1900 3362
4533 4578 4374
3291 4431 4247
3324 3511 212
753 2752 2273
3645 4985 3623
3296 3600 871
3852 4295 1786
3297 4595 4305
2282 2330 832
1329 1799 4478
177 651 2171
3150 4777 4314
2130 4874 1269
3025 3548 2773
4195 4647 1574
4612 4724 3959
4784 4917 2535
388 3878 847
1162 3116 1471
1189 1259 743
2293 3616 2338
103 4416 1483
3192 4329 4360
919 4742 3432
55 4753 2923
4698 4778 3633
546 1351 1004
462 3306 1414
2649 3082 2937
4047 4088 2477
4876 4896 1696
4595 4633 3036
1863 2773 937
3444 4120 431
2854 3837 1031
4081 4824 3395
4026 4404 1914
3341 4510 3074
3937 4984 34
2364 2436 992
1351 3206 1019
2464 3044 2010
1181 1645 3262
2364 4219 2834
4845 4862 1533
1567 2332 1177
774 3805 1688
4736 4903 4496
1580 4284 1800
2078 2406 4412
4654 4961 2261
3101 3896 4028
443 4693 2109
3675 4879 2217
479 1519 2833
3108 3465 3337
1650 4744 4355
1932 2252 1102
269 586 428
1305 4112 2572
4729 4759 1349
1504 3003 4818
544 4981 483
1692 4432 778
4027 4880 3280
1352 4748 3601
4750 4804 3576
4283 4585 4784
1719 4756 2004
2828 4037 2178
2376 3893 3218
57 4561 1090
2244 2907 3543
4563 4864 635
2290 4796 279
3039 3426 2603
4703 4720 1498
1887 4932 4703
4679 4817 1233
2063 4146 1230
4090 4529 3758
3288 4887 2599
3742 4973 2856
68 1159 3999
2236 4576 3096
1026 1903 1794
1483 4152 1976
541 1421 2192
3508 4712 939
3220 3493 2935
3049 3346 20
3765 4194 820
3354 3693 3065
4907 4975 1908
4850 4955 1296
2359 3905 3648
3863 3994 2668
4681 4927 832
2842 3597 1835
2552 3986 1329
3851 4193 1000
2491 3697 4162
2955 4138 3144
3238 4113 3579
860 3069 2257
4809 4882 1095
3332 4023 4209
4359 4606 3435
2093 3716 1812
151 1118 4567
1862 4559 1497
47 4255 25
351 3538 4370
2207 4656 554
1377 3457 1495
3101 4202 1283
3116 4347 376
4804 5000 4767
3601 3909 1941
2735 3948 405
2261 3099 382
1837 4882 495
2869 3705 2847
1485 4692 3065
349 1492 2996
4389 4491 4800
1497 4974 4698
4515 4703 2083
1946 4851 1439
1337 2358 4055
4595 4644 2344
4603 4732 204
4283 4923 3455
3924 4355 412
943 2468 4021
1484 2286 4922
1815 4494 39
13 1303 4411
1865 4681 3402
4176 4189 4228
3714 4738 4490
2255 2645 1264
4449 4850 3384
1300 2373 1377
1793 1939 3702
1488 3217 2694
3004 3088 2242
236 2366 2319
3808 4831 2351
4731 4921 4474
3380 3938 2619
2512 3901 3757
1929 3056 1881
4366 4764 829
2052 3952 637
4825 4943 2889
4839 4881 1997
3794 4535 4857
4627 4843 378
4407 4862 1826
846 1098 4333
1872 3781 1997
4543 4944 1504
1857 3634 2546
143 4967 1175
3244 4416 2167
140 944 34
4286 4878 4171
4074 4754 2660
3949 4838 4636
1711 2133 4644
559 1189 2153
89 687 366
563 3182 4769
2463 3662 67
442 3715 3620
337 4890 1935
2774 3290 2932
4428 4439 2894
4801 4818 3562
2070 3525 2046
295 4135 3958
4945 4991 2711
1511 4147 1564
4902 4945 3750
1511 4401 2533
4261 4617 404
4795 4909 2042
4998 5000 1257
1297 2907 3922
3216 3854 3060
2004 4606 369
3685 4210 509
2879 3806 984
2855 4015 4396
4420 4667 2473
3804 4251 1468
3212 4820 2484
3137 4074 4683
3846 4754 1790
2115 4200 4180
2792 4068 4293
290 1188 2377
4473 4645 2595
2596 3350 3385
3660 4757 2563
2792 4090 1283
3931 4769 2413
2490 4903 4275
4318 4853 639
4656 4826 3730
554 2661 1728
3148 4393 319
1585 2463 4169
1595 4981 2
2826 3749 3327
1555 1739 3210
2120 2394 55
3376 3590 396
4163 4906 69
1378 1428 198
1010 4545 1794
4175 4466 3513
1663 4392 2097
3476 3543 3398
4648 4819 2388
2075 3503 1630
999 1884 4527
4937 4965 994
3703 4338 2777
2346 2860 1220
4228 4545 1198
2051 3765 779
3542 4834 58
1525 2565 946
2143 4246 333
2055 2989 4892
873 980 492
2204 4348 2852
38 3960 4004
4431 4992 1722
4271 4395 315
4929 4966 3045
4289 4821 2635
4781 4918 1130
1440 2900 4951
1974 1999 1641
2494 3278 336
3032 4969 3401
3103 4421 945
2968 4088 460
2702 4086 1040
179 3778 525
2374 3638 3431
1385 2594 1170
204 1121 4962
4568 4871 3021
4109 4785 3887
3989 4964 3684
3143 3835 91
1802 2022 4727
3060 4670 3337
1293 4547 1233
4297 4877 3829
4889 4965 4698
2373 2930 4148
2451 2792 4554
785 2970 3406
4950 4954 220
4248 4563 3941
1889 4088 513
4789 4971 1054
1547 2044 2450
3448 3798 2016
1427 3922 2873
1122 1755 1894
3177 4648 4230
1170 1567 3695
4648 4838 353
4078 4966 1965
1498 1966 212
4638 4842 2037
2754 4396 1591
4191 4694 1944
2238 3997 3323
3151 3475 4673
3736 4888 2701
4326 4513 3475
2611 2780 1777
4694 4862 3426
4225 4621 848
2037 3839 426
808 3869 1966
2682 3195 755
3598 3866 2331
509 2143 4054
3925 4516 1702
3190 3282 3760
298 2154 3218
2196 3072 1380
1871 3385 4582
3168 4968 2835
673 2266 3024
4140 4808 3007
4311 4754 47
2693 2957 718
1541 2035 3134
4721 4888 427
3134 4419 4697
3280 4556 4925
230 1068 4953
725 4950 4620
2285 3022 3341
2790 4946 4604
2358 4175 4938
1045 1634 1651
854 2392 3794
2852 3745 543
3146 4159 1609
2066 4135 701
4474 4992 4187
3642 4819 3091
2004 3199 2935
893 1320 816
4376 4881 669
1922 4963 3941
4897 4959 3752
3443 4890 488
836 4102 862
1155 2264 4840
1087 3818 3893
2127 3852 4896
372 2357 2496
2043 3417 3943
305 3037 3096
2586 4222 2073
151 2303 3857
1512 4427 4218
872 4509 2463
2258 3948 2860
4721 4826 3030
2455 2944 97
4618 4771 3709
2934 3823 3288
3868 4467 4336
4168 4582 216
201 2146 1598
1914 2593 4826
2526 3469 2624
193 4560 422
907 4618 4893
4093 4285 2530
3382 3618 4366
1379 2047 2671
3677 4599 4843
2218 3470 4186
1933 4261 4293
101 1841 4222
206 3678 1628
3858 4625 3148
2132 2566 515
2056 2897 1215
189 4129 3700
2321 2367 1866
3540 3939 1643
515 1247 924
4209 4638 2182
3194 4440 2624
2694 4832 4442
324 1582 254
2353 4858 1755
3043 4463 1570
1683 2694 1680
2993 4282 4582
2703 4723 2045
1464 4574 3549
788 1654 1355
130 3573 1175
4786 4938 4193
3035 3689 4514
2658 4640 3707
761 2210 1813
4193 4746 3485
2914 3884 3128
940 4077 1175
4694 4842 3210
330 2018 2080
3773 4075 1892
1911 2231 3179
2170 3375 3428
4811 4902 3085
172 2345 4360
1178 1933 4247
3461 4276 2615
396 4599 2880
2805 3912 2180
4592 4627 4085
1555 3972 4419
3906 4667 736
457 862 336
2595 2640 2326
2324 4121 2815
1470 2696 1618
4251 4880 2645
4658 4738 1412
2370 2579 4311
368 2974 1935
3075 3299 905
4816 4902 4853
3905 4078 1110
4546 4756 228
2244 2681 3241
1504 4710 2161
1080 2539 4849
2518 4561 496
3619 4278 4845
1416 1586 4637
4702 4896 1464
74 2787 45
3122 4055 2982
1721 2420 4728
4765 4825 4178
1706 2180 2395
4413 4735 644
4145 4687 866
4041 4663 1204
2772 3450 1595
4852 4875 732
4380 4642 823
152 4267 3722
2503 4336 2278
1725 3251 3801
34 1130 399
305 2820 2792
179 2090 3120
657 746 952
991 1306 2327
635 4227 341
976 4549 1792
1698 2539 4620
4814 4962 1604
4582 4602 129
3217 4327 2882
2107 4645 4499
1973 2364 2081
2544 4651 3807
2278 3889 1959
3104 3270 942
3517 4747 2312
2725 3364 3403
2221 3730 3407
154 4923 4595
4894 4956 811
2440 4261 2210
1192 3623 4692
1233 3942 4157
3739 4708 142
2274 2430 4369
2683 4302 2138
1999 2604 2607
1489 1507 4935
3337 4296 4616
3421 3934 2954
2232 3137 2996
2263 4485 4954
4128 4231 4312
3578 4784 2213
2161 2452 4581
3185 4898 3308
489 2753 1835
2573 2587 1460
1755 3696 3680
2303 4625 324
1838 3871 4999
3103 3867 1531
2856 2913 405
3665 3989 647
3910 4064 3672
2200 4058 4938
3084 3320 2857
445 4087 3174
101 220 4686
2087 2251 1747
591 4050 4481
784 4056 2586
1480 1700 952
4814 4881 4334
1499 4440 2619
1712 2437 4332
3843 4184 4321
1920 2315 576
3204 4545 1943
4407 4818 650
1243 3265 3335
3118 3726 4389
411 4625 2223
2722 3532 4816
3082 4870 216
3847 4355 4356
2777 4238 4757
4741 4802 1573
1038 1844 4809
1641 3251 2745
648 2254 2586
3671 3803 1658
1967 4736 2575
4727 4976 4662
2835 4208 3528
2489 2966 57
12 3776 2017
2200 4422 4377
4502 4902 2785
2695 3690 27
3509 3818 2116
2664 4889 163
2470 3191 4248
67 2978 1740
664 2345 2271
4558 4821 1604
2784 4510 3030
1216 2667 751
1122 2238 1631
2576 4154 3793
4557 4696 4864
1175 4467 3320
3811 4494 1691
3254 3333 3637
3877 4277 4173
1073 2114 2718
3829 4316 4003
1267 1609 3201
728 3489 467
1027 4460 2395
1224 4219 372
1506 4274 4390
1866 2433 3181
2639 4006 3097
273 4606 3878
1800 1879 343
477 2095 1185
3859 3978 4515
3043 4998 4272
1993 2731 2677
2176 3773 2422
1567 1729 3312
134 2679 1213
3438 3474 3592
1185 4861 676
1184 4912 2171
4552 4642 2318
4235 4625 1401
853 1880 2045
1976 3133 2140
4947 4953 1771
2136 4193 4779
3185 4609 357
2591 4446 607
4486 4855 1302
2844 4581 3309
898 2563 3292
2883 4366 4167
1792 1928 2622
4381 4900 2235
265 585 2448
176 4372 590
4007 4902 1889
3588 4753 3623
4070 4841 4836
69 463 2248
2297 4325 636
4086 4668 3095
3421 4342 4674
76 3388 4842
3893 3947 63
1307 1334 3175
1203 1569 2
2353 2393 4318
385 3389 823
2532 4080 4597
1059 4928 3087
2101 2307 1277
4990 4992 1648
4533 4871 3604
144 200 4179
4159 4342 1333
3247 4647 966
1435 3373 1694
3448 3490 665
4369 4622 4054
1186 1533 1977
48 2077 2636
1626 2574 1887
3947 4288 4394
3481 3919 3612
2996 4498 1149
788 4034 2944
3410 3921 1575
2072 3063 3918
3733 4753 1529
3578 4021 4987
1106 3196 3068
4622 4701 3627
1172 4827 3761
2132 2400 1406
294 2526 2031
2043 4764 4944
973 3687 3266
1966 3764 4394
3409 4244 259
3351 4460 905
4073 4240 1179
2910 2945 3660
4490 4512 1487
930 3635 1383
4337 4521 4030
4023 4886 813
2717 4969 4267
3867 4285 4351
4486 4661 4833
4945 4980 3171
4403 4612 1610
695 2548 2364
3231 4382 440
984 2861 1796
4666 4872 1556
3617 4069 1113
4425 4715 4720
3114 3619 3946
589 3182 3076
4221 4996 1010
450 1319 4576
2734 4728 4486
57 1341 48
4936 4993 3436
1514 2035 393
3420 4741 4110
2387 4214 3418
3200 4145 130
2967 4555 4458
227 2670 2735
2981 4632 2525
1515 2331 2331
1791 4101 234
3049 3305 1435
2067 3618 38
3895 4191 1934
2797 3038 1860
4025 4706 29
3588 3602 203
2910 3523 998
2420 3301 2452
4708 4734 582
1402 4081 3977
2662 3401 2548
792 3206 4511
2373 3931 282
1360 1626 2369
672 759 583
4923 4966 3486
4693 4864 504
4548 4723 964
1107 2063 697
1689 3076 3766
65 4966 1457
4797 4977 4493
4842 4925 1181
1008 3435 2137
1533 1769 784
1203 4470 3157
3171 3535 2776
2144 4906 2368
2672 2779 4613
4173 4439 1989
1482 3045 808
3004 4197 3247
4718 4945 1291
1304 3790 1053
4696 4745 1934
2638 4423 2060
333 3020 2642
972 1640 3039
1926 4068 858
4462 4922 1099
2658 3536 3859
3569 3881 1592
3819 3897 3588
4612 4633 3897
4193 4412 735
4752 4756 917
2364 3662 1574
2084 2267 2092
3164 3315 1347
4022 4029 3829
3817 3959 2510
1274 3433 3875
3662 4488 1503
1535 1956 4570
1350 2216 2178
1876 3311 1885
4697 4891 2151
2236 2485 3106
1039 4993 2924
3037 4372 1986
2994 4548 3954
757 1319 885
3990 4276 4847
502 940 4985
607 2782 1310
1843 3794 3356
1826 4995 3233
882 3693 1219
2420 4309 3725
693 2735 4912
126 1932 338
4476 4673 50
3877 4436 2621
2025 4119 589
4738 4826 2193
4255 4495 3113
3304 4643 4561
3696 3811 1230
2065 4223 395
4240 4395 4161
479 4180 4769
3712 4350 2092
3819 4695 434
2384 2512 2309
2865 4218 864
4625 4895 1169
112 544 4797
2619 3711 2640
3555 4120 661
1753 2740 4066
484 2614 1236
920 3070 2633
1115 4562 1560
1655 2587 3203
2128 2293 257
4073 4298 3589
2806 4834 916
612 1106 4807
3130 3284 3838
763 3882 895
1439 4311 1614
889 2341 1220
2629 3742 3227
2247 2462 1175
2392 4836 1139
3508 4369 3266
4590 4613 3926
971 1498 1864
2290 4098 4172
1401 4504 3977
3151 3758 406
2826 3182 4085
4832 4997 2333
4029 4679 3077
2959 4346 1422
380 2839 197
2166 4093 2716
4546 4693 2534
2313 4421 1460
4139 4537 708
1892 4479 2283
3388 4130 4867
1394 3176 4968
4685 4686 1682
2621 3759 2570
4587 4797 4464
4515 4853 2517
1268 4056 2663
3874 4088 497
2085 2650 2342
701 3745 3416
4012 4247 4515
4395 4418 4572
3486 4236 3969
4760 4838 4390
1015 4959 1812
102 1673 1295
1350 2669 4299
4356 4848 2010
4158 4433 3129
4231 4921 3085
2962 3877 4417
3627 4038 3621
3972 4958 4616
2568 4531 4391
4072 4832 1426
879 3760 752
416 1697 4949
1001 2696 961
1172 1859 2340
953 3435 3947
3457 4114 1827
4368 4686 763
3735 4003 3876
1195 1646 1755
326 3687 43
1149 1489 2494
2351 4668 4239
4586 4862 2759
4832 4953 4960
2081 3621 3574
564 2390 4876
2524 4096 2277
2859 3458 3480
3863 4576 1524
3551 3675 2400
4317 4561 4975
2853 3410 4241
692 1825 2087
4064 4371 2192
2730 4941 3775
2750 3257 1629
3888 3918 4307
4335 4859 4714
2585 3519 4327
3165 4567 2784
4194 4995 652
293 466 3176
1540 4842 3593
2806 3418 4931
3769 4517 2015
870 1463 3620
1079 3802 2336
751 4840 864
473 2030 3624
525 1456 4757
3549 4939 3748
4591 4747 2412
305 4489 2113
2339 4701 1104
4567 4696 4597
298 2837 1731
3945 4634 1358
3991 4004 3916
2441 4822 1057
2162 4860 1411
2132 3961 1190
987 1486 191
1403 4290 2589
4968 4987 1409
1531 3460 4379
3856 4655 1920
2063 2421 163
1860 4749 2934
2971 3505 209
1023 1355 436
4576 4791 3954
737 2090 2009
3448 4557 3463
748 4188 3153
160 1241 4134
1347 3692 1831
3680 4952 4589
3597 4034 4774
1589 4989 2079
2705 2811 3640
2448 4760 1161
1271 4430 113
4958 4962 4947
1183 3971 2242
792 1166 655
2495 3210 2952
328 3202 3697
3061 4919 191
2238 4687 4433
3004 3424 4951
602 1640 3763
3220 3318 1492
2807 2988 684
3487 4643 4951
3343 3442 2971
1496 3781 3051
2316 2723 3237
4900 4921 726
1898 4968 4950
4371 4980 480
1585 2915 144
1802 2472 1846
4440 4701 2036
90 4186 1677
4697 4960 4399
4385 4712 3637
2243 2461 1947
1268 3217 1726
4707 4895 3357
977 1351 3431
3793 4592 3008
444 3335 2257
161 3044 84
1937 4164 2575
4467 4519 4083
3380 4254 2529
420 3334 328
4325 4437 2810
1004 3011 3655
4358 4993 1754
3427 3730 3040
4888 4955 1187
2587 3260 21
2650 4989 574
4853 4856 4359
2893 4109 4852
1071 1180 2395
2773 2912 446
404 2143 4642
1718 2211 759
1569 2835 3575
1488 3490 1800
4319 4996 2409
2001 4689 705
3695 4444 4504
2745 4232 1336
2284 3533 3624
3185 4968 36
2065 2809 4304
2090 3654 4065
2895 3122 1206
2057 3116 673
1436 2387 4188
2522 4658 4149
2684 4274 2949
913 4493 1059
4499 4823 4714
3633 4804 4320
211 368 1680
1162 1469 2218
4704 4896 900
141 2574 3300
639 4624 956
1559 4662 3594
2711 4295 4767
3405 4398 480
263 442 2914
2931 4102 4509
1542 2139 2461
2168 4125 424
4889 4972 2499
1008 1627 538
2587 4902 1802
205 1548 4586
2366 4558 637
4143 4347 1489
1170 3777 1862
101 4974 1547
505 2881 2832
618 2032 152
324 2051 1588
4642 4983 1660
1709 3499 3525
4149 4845 388
3687 4113 1982
2684 3542 24
452 870 983
2776 3100 325
4156 4295 4008
1997 2939 1415
4630 4662 1614
1371 4051 2745
1494 4145 1032
2904 4189 743
692 3983 26
2570 2997 3606
2038 3003 501
767 1155 2489
3583 4739 309
3531 4488 1418
4285 4843 2243
309 3045 537
1674 2412 556
952 4707 4121
3191 4169 2181
4572 4924 1589
4844 4846 4633
505 3025 3492
791 836 2421
456 2386 3088
1273 3856 4463
1134 4462 1912
4508 4718 1528
1598 3112 1074
2935 4227 1824
1756 4546 4319
1176 1969 196
4521 4549 2396
2906 4862 51
645 3275 155
2398 2762 1769
873 1380 1101
3838 4270 4310
2390 3318 2493
2331 4958 4198
1160 2922 692
3667 3889 1707
1625 1703 4713
1741 2386 2969
3483 4489 3937
4580 4930 3409
3149 3315 266
4717 4973 2411
709 2248 3732
1568 4025 4305
2232 4573 249
4127 4198 888
3354 4632 1740
1288 4854 3683
3989 4776 1010
4158 4517 2398
1310 4755 3872
43 965 4299
1376 4667 4602
3601 3760 3156
4676 4757 1581
4415 4891 112
2369 3086 806
4361 4460 3945
4799 4900 4637
644 3802 3151
4351 4988 1722
2719 4977 763
4409 4622 4562
4502 4941 1503
3873 4844 2174
353 667 92
2202 4936 3837
2929 4742 559
1697 3098 2523
3361 4720 2312
615 3729 4424
915 4952 4825
1008 3601 1173
2725 3234 4153
973 4712 1313
2291 2439 2712
4967 4982 1229
4464 4959 2429
656 2428 4622
3881 3926 777
172 4754 4202
1392 2710 4035
1113 1542 1206
4352 4683 3803
1949 2595 2554
1210 4970 1804
3117 3602 2994
934 3323 4515
1987 4683 190
377 4086 497
2959 4798 164
3031 3464 4505
2316 4864 1524
3064 4211 599
379 3823 483
1916 4179 1124
2202 4162 2393
613 3467 4432
362 3842 4105
737 1426 1583
2009 3707 3506
3989 4443 3798
4519 4987 711
4886 4910 1471
1090 3188 4238
1375 2898 2917
4434 4775 3693
2433 3439 2080
563 1317 34
3328 3722 1258
3491 4834 456
3797 4101 4459
584 2264 2834
540 3699 990
3016 4062 4363
2392 4697 3732
3675 4107 1129
3470 3993 680
4047 4533 317
3224 4842 1407
666 2296 739
44 1440 2091
2052 3694 4005
4432 4739 1059
3476 3827 2520
3661 4069 2707
1022 2316 710
4301 4535 4187
3168 3468 4381
1214 4467 764
2539 4627 2639
4136 4251 1561
1255 4622 3266
2243 4124 4818
2958 3001 3052
566 1962 1210
3633 4259 3223
1202 1572 3050
398 3173 4735
3508 4969 1172
3040 4199 3481
3035 4217 4368
1119 3469 1637
2099 2297 2051
4492 4502 3096
1700 4739 2484
157 3424 3017
130 4562 3169
3921 4990 3970
908 2414 2139
4546 4862 733
1333 3310 2325
805 2087 3669
1030 1486 3944
3334 4288 2828
436 1354 819
1540 3805 1061
4516 4566 747
626 1244 605
4878 4956 3154
4812 4835 1298
2422 2854 1435
93 314 3704
4899 4960 2928
1194 1925 94
4528 4791 4741
4569 4854 4826
4958 4995 901
736 2398 2967
3978 4637 1114
4285 4359 4146
4986 5000 121
4105 4466 1506
4721 4813 887
2871 3770 2963
1148 2716 382
1527 4531 242
2511 2834 1162
4528 4630 1580
124 630 4433
2158 3710 4133
2694 3987 1306
4717 4735 3633
3952 4334 4955
4256 4848 136
142 3927 4193
4011 4856 1629
4646 4818 334
2239 3607 2940
1234 2899 1314
3203 4472 918
967 967 2292
2440 3550 2328
4368 4757 192
2283 2780 2453
1825 4448 1593
3610 4884 392
2637 3749 2552
81 1547 567
4401 4819 1217
2908 4239 3217
2830 4955 1905
2430 3010 4250
3392 4273 4058
491 3265 1005
2180 2714 339
3974 4125 4135
3279 4124 3038
3538 4429 4817
34 800 4350
3199 4417 3851
4616 4679 4838
3863 4930 662
1039 1578 4642
3660 4855 3806
2706 2841 3381
4596 4660 1415
4682 4871 2642
147 4843 207
4660 4914 4426
1876 2221 592
4291 4733 3781
119 2293 1819
2859 3777 266
3766 4884 2567
2761 3216 591
2450 2749 18
939 3401 702
1568 4277 434
2655 2927 1471
3883 4355 5
2978 3383 3514
2920 4161 98
1089 4935 614
3465 4402 4611
4855 4920 2082
4494 4895 1353
3487 4573 1754
777 1088 1063
4947 4997 3011
3463 4118 2252
2088 3845 3649
2576 3293 155
3259 4378 2909
795 2674 86
2346 3399 4982
4883 4964 4271
4406 4488 139
3335 3941 432
151 2295 4368
2174 2696 3533
4926 4968 1690
3065 3972 32
2731 4421 149
626 1143 3684
2436 4268 4686
3892 4403 3904
2904 4617 4589
3243 4945 395
2145 2588 1856
3010 3776 3523
3984 4455 3759
1354 1756 3416
1191 3076 2362
4241 4493 3390
1280 2654 3621
539 3119 2248
2376 2628 2911
95 1925 602
3988 4598 615
741 1367 3838
4854 4948 4025
3293 4298 1249
626 2746 646
4787 4853 4504
1900 1931 4260
3344 4724 2294
1804 2120 1192
1507 3516 4162
1800 1905 1475
1562 2766 3726
3970 4791 614
3643 4055 4221
819 3576 22
3982 4382 3962
131 2123 1313
1641 3433 1898
2313 2540 1909
3418 3736 1768
4414 4817 143
1878 3329 4842
1087 3460 4951
4299 4989 3830
1906 3849 648
74 4252 4958
697 4224 502
2194 4976 1272
1312 4458 1945
2656 4090 847
844 2715 707
2229 4583 2166
839 4306 444
3561 4899 4695
1813 3759 2532
3168 4758 3030
3387 4234 1731
3662 4823 2137
3360 4750 3401
3704 4494 3894
1845 3891 1703
1373 2453 2733
4201 4973 1777
2585 2632 1051
4660 4740 1024
2777 3983 326
4554 4892 58
2501 3225 3935
4509 4765 3747
2998 3144 1235
3627 4735 1415
1129 3737 1791
4127 4482 2253
4342 4857 3181
2631 3684 2959
1541 2269 2794
2659 3367 4680
2994 3968 4482
4046 4735 4663
219 1522 2366
881 2255 4402
3485 4708 523
2788 2936 3712
3834 4402 872
4861 4949 2642
1598 4795 3321
3879 4757 496
2478 4527 1290
3088 4773 3377
695 1438 706
3834 4550 2941
2616 3385 3875
3579 4697 3273
2295 3596 2737
2852 3491 3129
1290 3355 4851
1760 4735 1136
3904 4111 1666
1023 3528 1705
486 1714 4571
1295 1440 2486
4021 4046 1314
1648 3079 752
4753 4896 3855
4478 4733 4608
3642 3684 3283
2804 4674 61
3397 4739 4198
1859 2861 3898
1986 4211 97
2455 4911 1412
1285 3106 1887
4666 4890 1651
2252 4680 1458
4020 4363 1167
3991 4587 1642
3568 4040 3845
1561 3615 4140
4968 4985 165
182 347 3064
1029 4873 3573
802 2059 4722
1178 4361 81
1513 2529 2706
2109 4497 1069
857 2825 4809
262 4112 4735
3902 4175 2779
4107 4784 1927
4337 4895 3369
830 4730 2486
2516 3474 3446
3696 3712 4770
1311 4440 1524
3282 4850 1181
4722 4758 3635
4394 4956 3411
2155 3700 2904
359 3148 2446
1911 4000 2108
1885 4418 2636
1080 4847 1369
4849 4887 4964
2849 4951 2768
1027 3586 357
3802 4466 2820
3039 4726 1832
1452 4298 2487
814 4410 3248
1494 1762 2212
1600 4759 3560
4900 4906 3727
452 3640 4976
558 1934 749
4084 4672 2791
2672 3460 1536
1203 4261 1361
1450 3604 4860
2663 4662 137
1605 3176 4128
1046 4546 3230
1445 2544 3340
2104 4528 4882
4981 4994 3077
3252 4964 3545
4253 4372 4427
739 4275 2626
3127 4048 4940
4423 4762 1309
3470 4041 2281
936 2879 501
1089 1986 3057
1972 2899 4056
3403 4621 2727
2049 2941 3291
3066 3345 635
2051 2679 151
902 4222 4898
2647 3767 4945
717 3321 4308
2220 4249 3078
305 4922 1750
3822 4591 4589
2800 4863 3508
2193 2802 4910
4299 4578 4296
2057 3579 422
393 4939 1797
2709 3910 1548
195 838 3702
3771 4101 4551
1257 4568 3168
3071 4305 319
4609 4930 3537
2378 4330 1368
4095 4651 2358
2765 4167 2400
826 1979 3175
553 4954 1978
839 4698 623
367 2302 4530
4375 4994 1902
3985 4596 3369
3682 4699 924
2348 2578 4729
2574 2793 4634
4298 4490 141
2819 4521 978
1479 2106 4304
4830 4991 4149
4789 4821 3672
3672 4387 4143
2331 3427 2071
1058 2427 4782
1256 4354 4178
350 566 2907
4766 4814 2262
3273 3790 983
2242 3822 4816
4168 4958 1885
1280 4008 4677
1984 2131 3677
2571 3385 696
983 4391 4667
2920 4685 649
4479 4539 3877
2772 3105 2101
3391 4263 4335
2164 4697 4068
4442 4886 3908
902 4583 3631
2205 3511 1341
156 4768 66
318 1552 2138
1039 2991 2023
1143 2847 1700
1382 3357 71
1474 2633 1545
1440 2543 2496
2032 4354 2851
4650 4721 3755
1721 3643 4259
483 1093 3245
3610 3957 2801
700 3476 3220
2147 2391 122
3678 3892 1564
4554 4861 2793
4937 4984 72
2453 4199 3977
2476 2908 104
4023 4903 539
4420 4440 247
3859 4246 2056
492 1031 1921
489 3839 2507
2947 3961 4902
483 3910 225
4678 4909 3938
2268 2601 3167
728 3598 2838
2130 2909 798
4007 4771 1010
344 1216 924
2740 3320 79
4126 4983 2370
1210 4587 4150
2888 4729 1124
1402 2930 2357
132 3947 2427
2433 4152 2811
854 3987 3426
3640 4368 4568
3426 4492 1040
216 4762 1940
3807 4940 92
1289 4614 1496
1681 1980 2279
4215 4738 3281
1442 1627 3906
4007 4916 522
1271 3317 3922
888 3888 173
2271 3477 2125
1148 3678 742
2866 4470 1436
4687 4973 2656
735 1633 1445
3840 4308 2163
4977 4980 1275
4076 4896 3596
3848 4290 2274
1897 2776 4717
2805 3267 80
4312 4459 4423
4039 4148 469
186 4411 300
322 3453 1179
2231 2284 3121
1412 1961 3380
1625 3474 3342
3107 4256 4474
3306 3836 2058
607 3665 1016
621 4397 4528
3053 3149 912
3973 4870 450
850 1707 1325
2632 3809 3644
3590 4501 538
830 1006 4911
4243 4754 1986
4742 4916 3697
4970 4995 3501
4684 4875 1335
4130 4982 3359
1662 1753 81
38 997 4274
2449 4828 3460
1214 3986 1980
1296 1315 3767
460 4058 4874
4047 4626 3324
3857 4282 3558
2104 2332 4991
4346 4405 3665
4447 4494 3820
1953 4171 1766
2655 2892 1969
4299 4642 1275
2868 3185 4131
567 2864 983
4067 4639 1502
1897 3146 2284
1776 4947 4357
1292 3537 1337
1912 2810 3625
4766 4834 4590
4983 4984 509
959 2794 765
2421 4429 4759
3519 4612 3113
1388 4757 4011
2132 4194 1577
3874 4418 3050
3815 4157 2728
1363 3278 2561
4639 4685 4583
878 3841 1147
914 1247 1184
3867 4788 2496
789 2141 833
880 2692 708
2117 3529 2759
1087 3246 3015
789 2254 727
3114 4685 3316
4928 4937 4470
3000 3203 4940
2392 3924 2626
2678 4273 4958
4672 4893 373
996 1519 3323
3789 4919 3735
2091 3467 2218
3646 4484 2990
2429 3076 286
2412 2591 528
4432 4691 2192
432 4286 2749
3098 3483 1985
2522 3324 63
3432 4555 2785
4569 4765 3088
1296 4964 2510
5000 5000 891
909 3776 2205
3498 3737 1063
4106 4564 3513
324 2253 1250
2265 4994 2838
2477 2543 1622
3786 4531 1874
4843 4929 3093
3085 3295 260
1655 3548 1195
1426 3683 1729
2770 3289 2486
1496 3203 4350
4588 4734 3417
3075 3430 2367
1531 2987 4953
299 943 493
3987 4658 269
2435 4817 1427
4152 4358 3570
4820 4873 4594
4931 4942 235
1302 4497 3559
2349 2578 4103
2876 4494 541
2856 4598 2343
2757 3448 517
208 1835 4154
4770 4905 2094
1461 4758 256
340 3607 4545
859 1581 2986
150 3040 4555
3494 4432 2265
4928 4965 4017
4214 4764 3090
2259 4622 1101
3243 3316 252
4366 4621 4607
4692 4744 1141
4787 4790 3645
3115 3311 3079
404 4527 3207
1951 4847 3491
1665 3401 1600
4162 4343 3557
1555 4807 1088
4003 4683 1050
804 1559 2056
1605 4436 956
4149 4164 4685
971 1076 4852
4776 4886 2990
2835 4278 2766
2042 4214 1642
1347 3600 2763
688 4854 2778
4640 4813 4042
1229 4562 3900
2036 2412 4338
25 3803 1101
4976 4989 3915
2744 4519 3282
2906 4100 725
1681 2202 1440
2307 2331 1909
175 294 2734
3509 3696 744
3953 4312 1890
332 2072 1641
4881 4995 4204
180 3186 2193
3431 3889 4486
2693 2874 1994
3612 4547 3133
1193 3924 2153
2871 4235 4797
3802 4055 4434
4955 4970 3477
2909 3823 2405
543 2172 4858
4991 4995 102
4830 4979 387
4581 4981 4558
3517 4587 2880
4052 4814 458
1208 1565 4658
135 2697 1327
2712 4756 2611
4555 4964 54
1813 3249 3448
673 1758 1163
639 1934 3065
1836 4670 4153
2980 4700 418
4650 4855 574
3044 3048 4884
1277 1562 1375
4319 4571 4792
4161 4574 4538
3102 3422 192
3657 4837 4870
2233 4839 967
4069 4659 3218
3183 3433 3036
1179 1308 2390
1731 2335 2534
4619 4965 2329
4772 4950 4568
694 3725 331
4061 4462 3689
1511 1579 3457
2958 4232 3923
3719 4524 2888
998 3100 1234
3095 4123 2121
3517 4305 3550
1423 2118 4991
2231 3270 1279
1861 2717 900
2825 3108 1279
4929 4998 1934
159 1535 2431
1493 2177 3880
2620 3397 2247
1071 1897 2790
4431 4509 3419
89 172 4896
1864 3314 3021
1866 3208 1712
3948 4893 4883
4608 4865 540
2327 2783 1242
3210 3719 159
1578 3095 3000
832 4076 4834
1826 2217 1318
570 3318 4236
951 1878 3744
1814 4229 1257
2971 3529 383
3432 4659 4748
2510 4609 1523
1421 3448 3082
3451 3937 4904
4682 4994 2832
1993 2786 700
2763 3271 364
3142 3892 4623
3132 3190 4574
4065 4503 411
2121 3072 1191
4845 4942 971
25 4624 2946
1739 1919 3398
4972 4992 1357
3310 4875 623
1386 1395 3275
1131 2522 545
3586 3797 3474
3518 4685 376
2949 3882 1589
777 3164 348
3051 4511 3253
4154 4698 4987
4756 4859 150
2448 3303 816
294 1047 2978
1858 1940 3192
509 2734 1074
3793 4923 1376
1279 3550 2669
956 1666 4974
1429 2691 1144
4157 4733 241
2092 3955 954
2575 2786 4829
1206 4657 761
1871 4262 2901
1436 3482 496
3253 4724 2
3562 4109 4805
2449 3759 3027
1634 1840 3983
1761 4110 202
2121 4577 535
2671 4502 2732
171 2596 1887
3547 4538 4853
1449 4297 4645
3508 4911 1886
3988 4902 3618
2221 2248 4416
3734 4374 457
4413 4534 1066
3646 4135 3689
2829 4441 3983
615 1552 874
3144 3378 622
2621 4883 765
1643 1958 2235
1906 3253 2326
3743 4247 593
1328 2124 4650
3027 4042 4964
3869 4909 1604
4835 4912 1832
4189 4649 2862
4798 4990 4060
2046 4545 939
4239 4348 3120
210 242 1739
2468 3275 1567
3803 4830 2881
2264 2936 474
792 1560 1656
996 3259 319
4006 4301 3708
2045 3092 3163
4500 4529 4166
1804 4746 443
197 4305 3875
4302 4934 1715
1224 1348 2708
4398 4576 2262
4481 4997 1094
1906 4695 2369
564 2502 3879
3639 3788 198
2996 4199 3255
3829 4015 3549
2097 3825 3027
1438 3266 1374
2977 4453 2791
888 2919 102
2890 4081 2571
3362 4867 1168
813 4369 1685
1882 3576 2918
3898 4222 223
4581 4943 615
3675 4174 3509
4969 4986 2097
2386 4332 2422
4910 4957 1890
3744 4964 1939
4410 4882 4350
1577 4242 1747
2024 3344 1273
4783 4928 3090
3061 4829 3674
2157 4864 908
1666 2425 799
2548 2714 4226
3379 4181 227
4197 4469 1093
3523 4217 1653
611 1392 4259
4736 4789 1009
4011 4171 749
3856 4466 2606
1989 4014 1910
988 4677 3838
1123 4298 3932
2557 4868 3345
4996 4999 2504
2934 3181 1116
3661 4187 1943
303 3907 4368
4798 4808 4272
2292 4079 3288
3855 3944 384
81 4343 1119
1770 3583 2159
4547 4584 1873
3956 4143 3545
2405 4740 2361
374 4586 681
248 699 4596
2569 3220 3698
2682 3322 3673
4873 4977 643
3109 4336 239
1449 4043 4776
2216 2653 3052
4220 4252 4619
2454 4328 1456
404 3959 4894
921 3517 2076
1991 3465 3350
684 2888 758
1055 2275 2416
2485 3982 2855
3347 4827 1868
4959 4975 921
2345 2830 2508
3218 3989 3786
4164 4334 3109
4981 4989 2479
1996 4671 1935
1452 3655 1325
1938 3074 3018
2826 3943 3779
2306 3388 3337
3967 4614 972
275 1051 1417
1839 3829 2569
4449 4757 30
2693 4096 2792
4483 4893 1981
4023 4543 420
4906 4906 1939
2023 4294 2020
3944 4138 1804
836 1490 3704
75 1512 4176
3728 3986 3799
4052 4649 2869
3902 4928 207
4933 4964 3533
955 2867 2339
1195 1580 1993
2736 4397 1486
1602 4417 3833
3907 4691 4730
1090 1646 3648
590 2077 2128
2874 3754 2404
1468 3029 3609
3839 4521 2134
3075 3624 3031
4494 4634 2425
3540 4661 965
2197 3268 2656
1665 2071 842
1354 3646 1352
2384 2706 3606
204 3550 2467
203 2085 4947
262 3957 2945
657 1053 43
4151 4443 3099
2790 3860 416
4129 4242 3415
797 4493 4920
4405 4773 4659
956 1395 4065
4832 4847 2827
3250 4594 1774
1173 4994 2559
1886 3892 340
1716 2317 144
4104 4439 1675
4155 4928 2558
2949 3441 4805
80 446 1464
2757 3172 2532
1338 3499 4087
4167 4638 1245
512 1000 4359
3883 4748 3346
2667 3770 871
1265 4312 2047
31 496 3901
3902 4624 3638
79 2886 3526
3567 4019 1248
260 1090 4864
2067 3679 4254
4944 4944 824
3609 4972 2156
3121 3274 3305
834 2452 3258
452 1804 3965
4135 4527 496
4714 4850 1266
2412 2552 1351
1576 2085 3551
4604 4721 3465
2157 2660 1460
757 4832 4579
483 4453 198
2842 4442 1115
2733 4461 3425
1110 4661 1486
640 984 375
4399 4553 1137
1489 2575 217
2954 4083 1278
4025 4145 2044
2679 3025 2941
163 3139 3227
1162 1305 19
4645 4645 4024
1232 1865 4194
4467 4727 1169
4872 4921 3517
3879 4393 3315
3716 4843 711
1120 3627 4216
218 2551 4302
4486 4487 1987
4747 4995 4792
2995 4027 3170
2589 4462 3883
304 3837 3411
4538 4546 132
1374 4810 45
2368 3621 4014
458 4847 1431
3592 4533 4144
1926 4031 1037
2384 4634 3354
4610 4630 4172
2219 3340 1729
3124 3219 1574
1806 3409 2468
2108 3397 2260
2334 4021 3732
674 2295 4441
3969 4039 4852
4511 4766 3063
2436 2875 3962
3717 4905 444
3014 3119 4025
2673 4963 3738
3943 4673 3271
2279 3841 1542
3126 3654 1212
648 3771 3850
1274 3543 3426
25 3312 1458
4741 4815 2009
2199 4933 1669
4883 4908 3348
994 2455 4436
774 1814 4905
2529 2989 907
3751 4340 2408
2172 3393 2798
3214 3596 352
772 800 4131
685 3962 1648
3060 4517 3396
2855 4501 3737
1095 4431 3544
40 1991 1981
2853 3157 3651
1971 3789 3343
4646 4991 2822
700 1665 363
1603 4279 2474
2805 3630 791
2362 2876 3602
2038 2498 1228
1976 4852 2066
3435 3934 1281
530 4970 3517
1960 2566 821
304 2087 2864
4423 4708 1611
4033 4450 538
76 251 502
569 3233 3237
3079 4789 3385
3770 4977 2341
4775 4966 3090
3690 4190 3724
4557 4719 683
2349 3781 4574
4160 4880 2355
3782 4705 2261
3655 3698 4101
3603 4714 1544
2503 3588 4228
2360 3463 2505
2120 2193 2142
3843 4917 1278
1368 2309 570
3686 4205 2493
858 1803 4601
2267 2511 3749
541 4475 1310
2170 4602 4556
1683 4491 267
1594 4318 1004
1648 4402 1725
2996 4632 1759
3351 3754 3173
4162 4308 1059
2164 2550 472
881 4162 4189
4425 4565 3581
4651 4651 1012
607 4788 855
125 479 2026
1417 3545 629
4526 4973 337
3136 4072 4817
1376 2473 4728
383 1036 2467
3891 4021 4641
2964 4405 1372
3232 3740 2110
2940 4910 4249
2777 3904 4212
226 2987 3388
3818 4764 3246
3983 4949 53
283 329 1446
2950 4259 731
584 4929 4467
3229 4389 2503
1012 4404 3546
4613 4657 2335
1186 1285 3523
2585 3152 1925
1658 2047 1205
624 1796 573
3953 4635 3933
3968 4872 2601
3241 4685 13
4253 4459 335
3846 4068 420
4962 4994 1839
1667 2228 4624
1478 1616 685
4576 4600 4642
2488 4879 2911
3364 3549 2960
2819 4836 4291
462 2157 3198
199 4597 2687
982 4203 3696
1000 3113 256
1729 3965 3161
2421 4245 1322
118 1106 4554
760 1660 2913
2111 3708 2380
2838 4111 2602
4219 4636 4411
601 1718 4023
2281 4194 1737
3836 4509 1694
2697 4909 472
1289 4892 3957
3416 3504 4497
4395 4442 813
398 3176 4690
3580 4163 763
3780 4350 3505
1703 4459 1612
2606 4418 301
1851 4415 4946
1240 2093 3351
4720 4991 2179
2445 3812 62
1365 2242 4828
1944 2508 3418
4440 4691 874
2725 4015 2566
2362 4865 822
2904 3537 1722
1051 2662 4431
1696 3324 812
4426 4873 1534
1064 2883 3502
3262 3753 3485
1340 3266 1568
2101 4241 1683
743 4987 3729
4604 4747 4334
3528 3574 1441
3938 4127 1588
2782 4195 4161
39 1354 3423
3834 3956 43
647 4184 4909
3529 3890 444
4249 4493 1768
409 4887 1157
4423 4706 4795
1210 4178 1617
4981 5000 3102
1231 1476 2378
2564 3848 1721
4577 4900 2787
965 2926 2108
1219 3902 3917
3895 4155 4991
3009 4654 173
3975 4330 4675
1120 4469 4414
4430 4619 974
2998 3569 1708
3340 4479 871
1917 3618 1236
848 4196 3072
3171 3380 2064
2723 3650 680
1222 2321 4322
3891 4997 979
4565 4581 3481
2849 4172 2134
4025 4724 2540
4094 4318 1049
4097 4488 449
703 1645 2090
4189 4568 3297
2424 3240 1815
1650 3039 4568
2670 2681 4505
970 1672 351
2425 4389 803
1213 3791 1846
2241 2444 3174
867 3888 4394
2140 2492 3258
4432 4746 964
1380 2356 2236
1717 3117 3895
761 4371 1846
3868 4052 3337
643 3409 4835
2587 3600 4996
1719 2065 2669
2009 3750 573
1126 3189 4229
4617 4731 3302
1983 4486 2713
2576 2759 1455
756 4797 378
4239 4477 779
3705 4600 1529
98 1633 2087
1563 3265 4161
4455 4870 3656
4290 4995 1191
1465 1504 158
1374 2247 681
4578 4907 9
2941 4221 4487
1394 3311 4570
188 4474 524
3967 4067 3132
2565 4540 2017
829 1958 1055
2457 3420 1046
2421 4118 4403
4146 4403 1221
4169 4791 2657
1946 4135 1183
2612 4611 1065
3959 4024 1942
2587 4104 703
3280 4900 3982
1298 4420 1466
4364 4613 882
2396 2732 4341
874 1280 4127
120 2923 3407
4744 4872 2464
4040 4289 804
1125 3405 4594
1954 2299 1147
1545 2544 4542
1207 3813 319
2223 4761 1284
2292 2857 1328
2095 2112 1694
3969 4569 4602
141 2606 1748
308 3472 2135
601 880 139
3332 4672 1993
2003 4694 2187
4667 4968 4795
3065 3513 4042
2529 2929 4990
2345 4420 479
191 3692 3738
3845 4677 3781
3572 3696 2974
1594 2733 2797
82 2168 76
2024 3204 2234
1550 2009 3444
777 3394 370
4963 4993 3195
2757 4102 1913
2189 3996 3052
352 4173 1155
3548 3769 3135
3056 3861 4517
2065 3631 3155
2671 3119 4178
3510 4394 1371
1128 3981 681
3799 4429 996
3232 4949 896
2716 4530 2149
4716 4769 281
2469 4774 4070
1539 4350 4890
617 961 4277
3077 4344 4106
906 2310 1341
3907 4172 2951
4663 4993 2219
3992 4189 4565
3420 3933 4527
3601 4663 3855
1509 2022 2369
1555 2618 3979
2380 3710 2601
4427 4773 684
2315 2435 216
4366 4781 388
46 3766 1753
4738 4869 4946
439 3303 1080
2800 3924 354
4038 4317 2714
1548 4666 4514
3392 4174 745
4313 4734 2987
643 1018 1811
713 3966 2531
3519 4495 1971
2176 3443 2836
4069 4374 1990
3240 4649 3230
2493 3138 3673
2052 3453 531
1098 1128 4834
1643 2478 792
4514 4593 1961
2381 3193 4362
7 3163 726
877 3428 1817
814 3563 954
4894 4929 2456
3636 4001 1805
2451 4117 4831
4422 4755 3709
456 3298 1515
3312 3381 410
4793 4906 898
4185 4586 342
2235 3998 2876
3659 4126 2848
591 2791 1263
2945 3206 2819
3278 4986 4425
3917 4720 888
484 4377 4204
700 3324 3944
1112 3989 1234
4861 4906 1324
1875 1910 4920
785 3084 1893
4253 4989 2001
1811 3735 3245
4779 4798 132
4750 4769 4535
2283 3541 1977
181 1550 4452
2279 4524 1551
3243 4145 426
3853 3938 2962
2642 4276 1964
134 2540 2361
3287 4340 3047
4618 4846 2728
552 3243 1375
87 1979 3555
2180 2570 4836
235 4252 2280
2691 4138 3489
3688 3707 441
981 3233 2657
1527 4382 174
468 645 9
896 3621 3026
4916 4994 4334
3993 4795 4934
1411 4645 2767
3893 4333 1243
994 3086 2984
3831 4576 3867
3476 4787 3285
67 1087 3450
3716 4664 4880
1011 1178 3437
3122 4677 3455
1965 3610 612
2279 4117 2200
3997 4968 2795
2148 2878 3565
2930 3770 1093
4203 4596 1440
2128 3944 4721
72 3845 2287
676 1835 4776
2515 2701 1065
2780 3474 3229
419 2085 4806
825 3390 882
3851 4702 1583
2218 2610 4608
1892 3646 4269
4133 4171 4472
514 2410 2159
2915 3059 2055
1541 3765 1304
2679 3590 3123
578 3676 1640
4295 4810 702
2579 4756 3590
4049 4476 467
2480 3145 3913
278 1675 4657
2736 4504 3598
374 2303 2211
4270 4324 2795
1794 3944 3845
2325 4959 2280
1199 1889 1517
4506 4555 2932
3982 4769 2312
3344 4068 2188
486 3217 4210
2751 4886 1686
1492 2986 458
3246 4335 944
4417 4742 765
371 1698 1009
2723 4809 3205
4787 4897 2627
437 1190 133
3481 3506 3978
3960 4372 4535
4912 4934 1386
2541 2837 446
4707 4798 3268
752 2485 1999
2261 2690 1503
4543 4650 4589
3452 4737 1841
2869 4462 4731
3046 3241 2938
1416 2384 2713
4772 4970 2730
3361 3865 327
1555 4913 3590
949 1130 4519
3165 4021 3170
4331 4813 22
1112 2465 4927
2420 4726 3612
2371 2768 2645
3748 4528 3210
4581 4820 4408
1704 4411 617
2034 4409 19
1822 3210 846
1721 4646 3129
3422 3445 2546
2198 3481 4321
2568 3459 2380
1926 4870 2840
2144 4302 94
802 1648 1892
4142 4661 281
391 1702 3312
2501 2856 1644
320 340 786
2330 4742 4491
2537 3125 1771
3416 3812 1301
1929 2991 1897
1018 2653 1493
4097 4367 2336
492 1359 293
624 3868 135
781 4073 469
880 4791 1713
4638 4662 1857
3898 4157 4963
1784 4129 1854
2977 4339 3661
2526 4433 1686
760 2919 4504
32 1265 1653
287 4208 469
466 3767 1799
4732 4998 3898
405 3818 4587
252 2686 3520
101 300 1891
2328 3747 4768
4133 4454 2230
4565 4575 664
960 2045 2479
2300 3810 3457
1026 1450 4317
3920 4192 4751
1535 4048 3271
4718 4847 667
2886 3867 3076
4164 4293 3013
4919 4975 2359
3117 4025 1848
4523 4708 1377
1627 2262 1010
2874 3672 1618
4231 4669 3535
2086 2199 4750
444 1882 37
1742 2285 2351
575 4306 3401
1205 1953 4673
486 3090 21
1226 1797 2969
1899 3276 1632
3084 3572 3641
276 493 4172
1826 4025 4775
2859 3094 2642
146 674 3702
804 2708 3302
592 3417 83
2532 3357 809
1446 4917 3452
3783 4984 2325
2803 3788 1245
114 1816 2967
3926 4032 3482
2504 2906 2645
4347 4777 4939
783 4235 3841
3925 4282 4804
3868 4130 517
915 2098 499
1792 4238 1144
801 2082 4926
243 1064 1568
3538 4042 3060
3751 4815 3231
4917 4985 4122
1761 3991 3067
348 2084 2328
4162 4705 1601
1076 4118 2900
1702 4913 4813
3873 3948 4140
3543 4430 801
2526 3232 1680
52 4982 2724
1521 3638 319
3291 4103 545
3575 4359 3957
3946 4296 2380
2511 4667 3246
3028 4435 1012
892 1907 3198
4230 4845 3
466 3147 3655
4486 4541 1646
3338 4698 391
3859 4194 64
2030 2892 4553
979 4793 2734
4180 4392 4662
3013 3723 2762
336 2801 1642
2739 2951 908
4642 4992 3098
4481 4843 1024
1888 4786 4664
4977 4990 4693
1457 1588 693
2522 2844 3419
3222 4427 2895
2439 4276 724
1357 3762 986
3517 3902 707
2944 4317 4198
1544 2680 2365
2101 2586 143
2223 3233 3340
2521 3196 2142
1599 4739 196
1022 3781 1044
4772 4853 1106
4673 4727 4535
2966 4942 4076
4363 4597 3460
1337 2803 2275
3591 4382 1263
4370 4925 3492
2165 2366 4460
1963 3748 3274
104 4950 4832
3486 3906 1687
2967 3504 261
2522 2955 3857
1630 4693 3226
2085 3956 2751
1968 3049 4068
2336 2627 3052
4191 4346 3416
4155 4187 4127
4078 4563 2143
4762 4764 648
1511 4693 1989
3369 3906 1664
2595 3437 1927
4451 4856 1244
1441 2324 4616
3388 4081 1016
3610 3810 3016
1248 4959 365
290 1856 3210
184 3735 2356
4575 4701 2393
4835 4963 102
4216 4382 1661
949 4237 4199
3140 3949 4280
2554 4660 3680
2629 2996 1167
271 1472 1896
2810 4129 4720
1088 3671 4660
4444 4880 3599
3533 3774 1875
4348 4737 435
3041 3788 328
103 551 2492
581 1141 1407
1477 3039 2883
422 4284 970
3267 4092 1451
4517 4707 1925
3695 3959 4620
4412 4631 1415
2828 4142 714
4090 4973 3717
1699 4756 3195
3080 4376 4030
2338 4051 1435
4308 4562 2839
1359 1968 2091
1145 3726 1447
3938 4228 3774
1238 2177 2599
1082 1903 3895
4697 4880 587
485 523 2832
4864 4878 3039
1294 3236 2878
4328 4724 2421
2426 4562 4144
3651 4181 4491
4539 4795 3717
1479 2121 4330
3839 4244 2302
767 1591 2312
6 3657 4206
3054 3566 503
3642 4575 99
2415 4150 4852
1401 2586 3633
2822 4092 1954
1894 4265 13
4710 4729 1530
4587 4740 1434
3363 4285 1281
3741 4857 4269
4429 4997 4418
855 3043 438
2782 4049 215
4158 4339 862
3183 3740 3587
2925 4075 4468
1981 3502 2061
2990 4687 4094
1679 2349 2495
999 1123 998
846 1886 286
2416 4195 3311
2320 3561 2870
2006 2170 3395
1044 4343 4525
3527 4018 2440
213 4257 4537
251 497 421
3805 4768 4251
2040 3226 1941
3520 4686 2811
4775 4989 2452
3290 3324 4945
2681 3012 394
1530 2175 2622
4077 4912 4371
2200 3458 2663
4499 4748 2509
2152 3869 225
3159 3977 1664
1839 4787 1993
4765 4922 2254
4539 4657 53
4176 4477 4953
4060 4098 4941
346 4682 1688
202 4286 2532
2450 4022 1227
3705 4432 3349
1251 4579 2385
4320 4329 2090
3379 4044 3991
712 2677 2936
3563 3883 4375
533 1591 861
580 4636 3190
4412 4414 2652
1032 2509 375
1757 4191 1865
4867 4869 2609
4525 4849 4476
2105 3159 2934
1176 4948 83
3481 4106 2130
3760 4860 4789
1394 2289 4803
112 3706 2916
1294 2444 1486
2772 3751 1881
2072 2602 574
2604 4244 2680
4252 4933 3533
276 3073 1182
3440 4145 1831
4892 4944 2878
1918 3760 4366
4659 4756 2583
3674 3918 636
3511 4420 1640
72 4555 4440
2995 3105 1881
1383 2393 693
723 4411 33
654 4173 341
4690 4776 4573
2639 3417 2661
3746 4854 2052
73 4987 2325
1079 3956 1720
406 2467 3120
1315 1356 414
4669 4847 2319
3389 4363 2396
1697 4933 3855
4966 4973 3754
4933 4989 3328
456 1775 3284
2815 4780 129
3753 4483 3798
4169 4468 3254
1491 4026 1135
431 1917 709
3343 3379 2900
4525 4838 3310
4329 4491 609
4746 4853 3707
3350 4926 1134
3786 3917 2499
2587 2994 2040
1201 4134 2498
4934 4981 1225
4044 4393 3421
4257 4745 469
125 1623 4799
1224 2549 3463
3660 4486 3933
313 2071 3610
4070 4134 2761
3465 4932 1659
881 1207 947
2651 2731 708
1771 2538 2031
1540 3103 1293
529 3300 4130
1529 3798 1339
3922 4907 1219
1041 2027 2528
910 4727 2854
779 2664 3654
118 1537 1701
2297 4227 3081
132 1828 2906
1858 2643 3125
163 763 1323
3822 4105 1897
3931 4023 1698
4327 4636 1176
1351 1557 360
2206 4120 4847
4280 4908 1727
4960 4990 2377
4538 4904 5
3254 3989 1480
1044 1541 2470
1273 3672 3369
2374 3367 399
2515 4785 1248
4144 4763 2147
591 1898 3628
3899 4682 107
4718 4962 1832
3581 4881 590
1420 1733 4876
2013 3750 4869
3898 4382 1897
4521 4987 1529
4210 4279 515
2545 3006 4599
2577 3257 2082
2272 3817 2144
1488 2338 3092
4848 4990 236
1098 1861 3923
4677 4992 2065
459 3285 1248
290 4322 4908
914 2090 2975
3655 4796 1021
2272 4035 1521
2608 4607 2244
3978 4821 44
4405 4593 3703
52 1541 2901
3276 3916 3931
710 1759 1939
907 1543 759
2555 2871 1614
4227 4780 2699
1451 3457 2882
2399 4987 3797
435 979 987
754 2971 443
4490 4662 4584
653 1643 668
1303 4812 4662
2307 4032 3582
4058 4735 3020
142 684 3973
947 3777 100
2593 3517 718
1343 1567 3457
2940 3999 1580
2458 3375 1322
3826 4213 2517
683 2347 2761
1554 4575 581
2813 3949 3873
3273 4466 429
3408 4884 4199
3785 4264 4712
1178 2362 2847
3843 4572 3811
2570 3114 4066
3713 4318 2722
2746 4475 288
2560 2669 3716
1919 4175 2702
2526 4363 4461
4561 4777 4109
2368 2462 2562
391 604 575
1866 2580 3508
657 2922 156
2563 4595 927
2594 4117 4592
2328 3089 37
282 727 2831
4141 4833 4753
447 1764 2580
4751 4935 4385
3285 4499 3752
2809 3503 2984
3620 3656 4485
4576 4742 1016
310 1179 2712
1077 1145 868
358 1205 2203
4562 4615 3940
952 2572 50
392 3209 3121
4965 4972 4602
727 3066 1793
3095 3700 1355
1866 1917 3566
221 2329 1444
1082 4282 989
1415 2449 1581
1782 2976 2562
527 2970 4457
1675 2687 2045
4132 4556 4708
464 2043 1916
3355 4346 2234
4284 4359 862
3173 3673 4136
2139 2864 1007
2981 4642 4272
2111 2337 4818
3767 4774 4871
3478 4086 2123
3928 4694 704
3183 4035 2807
4547 4714 627
894 4101 1247
4250 4812 1765
579 851 1401
4012 4528 3754
3728 4703 3855
3064 3543 2691
2889 4505 4596
931 3882 4331
2770 4005 74
4226 4404 3821
3957 4175 1487
3378 3451 406
1565 3837 3350
4741 4783 2273
2827 3508 4729
1530 1664 2098
3109 4153 4825
4389 4440 451
2746 3737 134
2720 4491 3586
1586 2237 1029
160 1075 4101
628 4941 3291
1207 2296 2224
3712 3804 1494
2151 3612 3062
4756 4863 2058
2592 4251 2458
4447 4958 185
1706 2573 4567
1735 4456 713
2432 2478 786
392 2790 4710
2347 4728 323
3923 4888 1168
3215 4241 2603
2177 3817 1687
1911 2087 2303
3822 4406 119
4436 4646 225
3151 4670 1226
565 2119 472
1020 2692 4700
3009 3972 2020
1082 1752 724
1864 2100 203
1923 3281 987
2195 3843 4109
4383 4811 1209
1806 2162 3354
1343 3953 1697
1733 3882 2928
4306 4825 2796
431 1041 725
412 4973 3967
2153 2455 2189
31 4670 100
275 3590 3369
680 2421 199
2388 3232 3446
4579 4717 823
3159 4019 533
2330 3709 4341
111 2895 2763
4848 4963 4598
4594 4687 2421
4353 4408 2014
1025 4493 2216
4593 4779 3398
3265 3931 608
1457 3764 3484
1567 4676 1479
1726 4990 176
2389 2926 2999
228 2503 4679
2180 3579 1532
3449 4768 299
3939 4706 384
3790 4051 2563
3219 4176 25
4642 4665 4563
2051 4744 3199
1947 4354 1474
4471 4499 311
4493 4717 3311
3798 4787 1255
1850 4512 2951
3763 4081 3536
2204 2402 1326
174 4449 1558
1861 3009 2468
1461 2043 2222
1550 2757 2569
2892 3713 2826
2823 4549 2485
947 3338 3301
3831 3859 4008
2902 4140 2852
4074 4392 2921
4487 4524 3485
698 4849 2738
1626 3376 739
4406 4902 3538
1551 3035 3741
4605 4853 4622
3775 4048 2630
2376 3555 1176
3211 3555 557
295 1753 2309
62 755 3319
207 3228 293
265 784 783
4733 4902 806
1448 3678 763
1495 3852 1304
3938 4162 4276
1540 2712 290
3898 4760 1455
3896 4742 2228
2410 2513 541
741 1548 2791
4938 4983 1245
3957 4680 1916
4245 4319 7
2858 3508 2661
3293 3432 418
1035 2722 2749
1278 3812 520
111 3728 2782
1428 4514 310
2718 3105 4633
831 1188 4540
335 4733 1785
2473 2502 2532
31 2131 3662
1138 2412 614
2554 4275 329
3811 4117 1730
3320 4949 2456
2169 2914 797
4692 4853 3359
1277 1806 2872
1680 4905 4458
1558 3129 635
4423 4551 3910
1419 2294 2988
3108 4622 4631
806 4744 4598
2213 3098 2239
3455 3933 1786
167 1521 4682
626 2906 3530
3719 4759 4347
1087 4434 3676
2560 3158 2108
114 2686 4651
1487 1721 3589
1001 3791 2948
4302 4719 1004
4803 4897 4910
2163 3108 2918
1073 2641 1003
952 4203 2064
2704 3702 3937
1247 1251 1453
469 2050 4130
1518 2245 2622
3164 3401 3713
4882 4964 3818
4026 4516 4711
3590 4651 687
1228 1975 1184
4774 4950 3009
502 853 3317
4070 4262 3287
204 3149 1557
4381 4855 2246
1563 2687 3655
4370 4787 4317
3645 4931 506
4016 4403 969
668 1038 2772
1931 2111 2371
1366 2223 2584
129 1310 3380
140 3543 3033
1119 4341 1884
948 2586 1379
2285 4690 3198
4330 4829 4917
492 2781 2706
754 4628 2103
178 2440 3581
736 4424 133
888 1967 1144
1666 3677 728
1289 2993 2361
3 103 3226
4822 4908 1102
922 3116 589
4595 4927 2150
150 4932 4098
2792 3491 3444
1745 4333 1675
1213 3783 4800
4066 4839 2764
2559 2749 1381
16 1823 2471
3030 4463 594
2186 3981 844
3991 4503 2505
1943 2368 4494
2352 2888 3839
4471 4529 171
1972 2540 1501
1466 1847 2299
185 1646 2676
1603 1625 4193
3849 3943 4964
3296 4617 4635
2073 4315 1070
3558 4569 1423
537 4362 524
4077 4956 948
2896 4139 3410
2578 4900 1881
2750 3911 4263
1868 2189 2349
2782 3942 2798
286 3231 1210
3949 4460 1896
1866 2872 3417
4124 4887 2669
4005 4819 4583
1644 2511 4863
4875 4919 340
2068 4885 3815
4383 4761 2179
4149 4541 2401
1682 4962 2413
1207 1299 1782
3141 4222 4522
3192 4957 2927
3429 4556 4932
4629 4942 3426
3282 3895 2140
4491 4557 1518
1856 4835 2422
4205 4230 1037
3342 4523 3072
