5000 5000
292 4071 3475
4242 4996 4716
2886 3250 901
1812 4983 637
2460 3065 2662
1280 2018 4153
2597 3312 53
3515 4231 4951
317 2560 848
4051 4987 4464
2044 2601 958
4981 4994 1034
2170 4335 3423
53 4464 3065
393 892 722
2833 4742 289
2787 4391 2555
1459 2509 503
3132 3642 2758
4101 4788 2020
4108 4549 214
696 2181 648
979 2681 1111
1030 4626 1375
3778 3883 1395
1470 1665 509
464 4932 1681
4099 4241 1974
378 2199 3896
4350 4365 2174
413 4846 3899
451 1068 1534
646 4588 2551
4502 4765 4891
3312 3434 1340
1259 2228 2530
3619 4698 4470
2561 3807 1237
2292 2430 1092
4257 4879 4729
1033 2716 3860
4204 4789 4324
1366 4322 3006
1120 4620 4008
534 1086 2828
3318 4422 1352
3039 3976 3947
2096 3128 2473
695 3544 3036
1496 1704 165
2858 3759 1429
2810 4168 2759
2965 4603 3404
1514 3256 3461
4429 4604 2221
1279 4607 3207
3564 3616 3794
1686 3786 526
2297 2999 1021
2899 4477 926
1956 3577 1539
1752 4137 865
698 1504 202
1020 1025 2681
1136 3508 430
4820 4959 2883
4766 4831 4921
2716 3275 233
2527 4423 2850
4432 4910 4049
606 2079 1362
1300 2087 12
4958 4988 4126
2266 3888 3252
3887 4638 2171
2149 3950 2871
866 4030 1372
4989 4990 2143
1275 3930 3000
3702 3733 1911
3347 4012 797
4438 4840 928
1251 1598 439
3906 4912 3558
2734 3351 2709
757 3095 4789
600 3810 4985
602 4218 4858
3966 4387 2956
4899 4980 2361
141 2685 4560
1542 2381 4361
1826 2254 3912
4663 4836 581
3389 3993 440
401 4430 4114
3125 3564 1633
3490 3800 1662
3114 3419 1485
4294 4485 3789
818 1966 4606
4522 4820 1469
3138 4597 1335
3015 4306 1309
3502 4705 137
1026 2638 4005
4715 4882 2085
310 451 4198
1370 1701 331
1898 3976 4877
4823 4965 3190
4049 4891 4978
4661 4962 1604
4742 4804 203
3249 4922 3634
1850 3459 3290
2369 3111 727
2282 2604 3575
2890 4138 1827
1037 4177 3015
4529 4583 1207
230 1780 2564
3930 4177 2510
4943 4951 2062
1986 3057 2608
340 4564 2363
2325 3310 1636
4866 4866 3858
2130 3824 2340
958 1130 4701
2656 2976 4233
2287 2733 1295
790 956 2850
1955 4772 2915
3234 3418 477
3077 3948 175
4067 4730 233
776 1429 2245
1249 4437 2335
1556 4112 2937
1248 1848 4428
4024 4231 3922
3756 4108 851
283 2408 3678
964 3313 3355
4324 4511 855
3565 4213 1576
3695 4270 2162
1146 4675 1321
4896 4919 1449
1764 4504 3553
399 845 2667
3832 3847 4402
3836 4156 4629
692 4967 4129
3391 4115 727
1117 3700 2978
2306 4602 2093
1300 2639 2483
2027 2331 683
4635 5000 816
867 1316 149
822 4940 2944
3083 4955 4139
1367 4874 297
1698 4204 2628
2275 2531 4836
1304 2669 4853
1802 2038 898
4120 4215 4456
985 1348 2617
1689 2103 1538
4507 4902 296
3940 4078 509
3291 3309 3094
1410 2314 1754
3273 4912 4998
4376 4675 3604
2107 4245 1617
1309 3512 114
4534 4751 892
3333 4375 167
1980 3056 3939
1111 3181 3271
4714 4726 1516
4006 4168 2424
937 3811 4010
3432 3693 2867
4689 4961 4557
2754 4743 3094
4661 4972 1858
1325 1670 1543
359 2214 1961
866 3984 1416
2065 4152 1383
2412 3500 4832
2186 4177 369
1882 1974 4080
4557 4984 3388
1232 4261 3950
2203 4413 4141
950 4120 4760
838 4209 2796
66 2125 3455
2865 4069 1817
1126 2766 4919
4161 4693 562
4276 4588 327
1993 4628 1937
2465 4503 4727
1368 4025 3782
3912 3937 589
2399 4103 2747
4470 4879 2588
3869 3938 2106
1041 4111 1605
4117 4570 2670
3850 4409 4442
444 2592 2073
973 1773 861
1591 2309 873
527 1200 4629
834 1299 2584
3961 4892 3651
4601 4953 3062
596 990 4573
1154 2472 4365
4879 4997 3016
3914 4601 2122
367 3488 4584
4400 4831 4003
3709 4151 243
2505 2822 707
463 514 3541
3448 4681 2023
2132 2528 615
1005 3590 3182
3127 4773 501
3497 4940 4849
1177 1701 4939
767 2040 1051
3787 4715 866
438 4182 4409
1431 4045 220
1308 2184 3333
1262 2339 1325
1114 1467 348
4928 4935 1537
3828 4385 866
1292 4555 1548
4193 4477 3576
2266 3279 2624
2238 2466 656
4435 4565 4761
1788 2416 3486
587 3368 2816
2086 3792 3015
3190 3642 787
3279 4724 3095
1292 1965 2648
679 2986 2774
3567 4130 420
3507 4654 1609
1983 4856 2516
62 4209 1549
4876 4961 3878
4475 4524 1146
1017 3815 2109
2177 4531 4061
1888 3362 3678
2463 3947 3678
4298 4808 4886
24 2950 1894
567 4395 4664
4504 4583 4825
4779 4887 462
1753 2540 4700
422 2973 4408
2360 4133 3131
2159 4807 3120
810 2519 474
4180 4852 869
2025 4537 2829
2868 3524 1270
287 1378 3423
4752 4857 2714
3832 4852 1393
2477 3580 4855
3729 4994 2990
4160 4522 2510
180 1856 201
1389 2450 1525
2181 3960 2112
659 3336 4645
3490 4429 779
1012 2249 3694
4527 4672 4041
15 4470 2750
4911 4954 466
4980 4984 3247
47 4666 4139
1226 3490 4654
4874 4976 296
1693 4347 457
1770 4855 4754
408 4254 4544
4469 4648 3368
448 1599 1526
11 2440 4489
2898 3625 2873
234 3856 2627
4721 4749 1234
1025 4899 1171
4477 4717 3720
2715 4577 3259
94 976 1842
4480 4791 1287
3659 4311 3306
3188 4062 1847
3146 4606 2764
3492 4476 2645
3790 4621 418
2128 4823 4051
473 1361 4542
2885 3134 3798
1127 2103 2968
4687 4752 1376
2536 4827 1877
1054 4129 4904
2593 4039 1053
4117 4558 4943
4831 4971 2889
2330 4559 3004
3210 4123 4151
4880 4978 1178
4193 4295 699
4335 4373 4080
2517 4633 891
2812 3726 2391
739 1777 287
2115 2143 1881
607 2481 1708
2300 3190 2072
2575 3261 270
3024 4452 2129
1420 1424 2528
1933 4251 2242
590 1515 3900
4190 4438 703
1407 2452 3639
3955 4492 4872
3143 3988 607
2041 3264 1489
3138 3183 960
3322 4605 2511
434 1639 3312
4363 4817 1749
3317 3572 1972
1626 3830 478
3846 4579 1892
3946 4951 2713
4598 4614 2894
4503 4751 807
4216 4968 3940
3186 3874 672
1917 3158 3578
3817 4036 1992
2048 4852 727
2029 4635 1605
2950 4193 1971
3467 4804 2026
1651 2708 239
1896 3702 4101
2787 4474 3356
104 2670 4079
3228 3437 979
4613 4901 3797
2389 4383 2130
3610 3743 1110
4630 4675 3995
428 4243 58
4662 4728 517
3744 4003 2081
1895 2616 259
4736 4936 1792
2969 3624 1823
1048 1741 3468
4472 4475 3529
3762 4733 263
4848 4865 4709
2326 2685 4199
1611 1867 2506
3999 4210 730
1308 3778 1813
3378 3780 3536
128 3961 1572
1553 3711 771
4296 4522 3814
2600 4764 923
2694 2741 960
3882 4362 3216
2811 3251 4429
4178 4659 812
2667 3886 1519
4129 4640 2976
1913 2517 849
1226 3758 3633
3262 3782 2987
4608 4964 1745
2208 3496 4608
2790 3580 926
4137 4288 3239
4975 4995 2911
3345 4502 4911
1344 3319 1123
3122 4537 665
3703 4258 1032
2053 4444 3739
1596 3320 1214
1012 4131 1297
4241 4346 30
2458 2593 934
2091 2835 4024
3234 3688 398
4158 4752 2210
4106 4479 3963
2051 3649 4010
2686 3947 2277
3441 4427 3740
2530 2854 155
1269 3315 939
287 3568 2031
2981 3131 853
922 3270 2167
2840 3109 2683
1840 4039 4523
3591 4379 1829
1826 2327 1637
4865 4942 2267
1499 1662 4064
2735 4621 3502
2574 4962 4227
760 3477 3718
704 4767 2946
2938 4999 1299
4795 4810 2776
195 4137 4333
3453 3783 1872
3288 4881 1076
4347 4898 543
2138 4898 4914
1870 2323 2244
2278 4254 4353
3187 3628 2627
2064 2526 1612
1657 3690 4464
3149 4052 4091
2575 3250 2902
4209 4237 2504
3438 3550 2171
736 1404 3404
2980 4437 1440
4180 4825 398
1970 3303 1428
2712 3234 1845
79 2032 263
4352 4972 139
2849 4664 4291
1410 4773 3142
1694 4489 2271
4354 4383 1034
1804 3590 4017
2271 4733 2471
1947 2845 676
3480 3527 2320
2471 3977 4366
3377 4610 2087
523 3114 1225
4911 4936 3393
2440 4101 2839
4641 4822 609
902 1063 4667
1257 3818 4310
1392 3001 4270
3987 4159 4492
972 3463 1692
509 4629 927
1322 4874 664
1686 2587 3565
3675 4507 4707
2400 3363 4607
3742 3881 2479
2657 3968 4878
2709 3399 4245
3145 4002 1611
2429 4132 1466
3209 4630 1068
1048 4791 2803
4168 4738 4169
4121 4278 2821
2948 4035 2529
3532 3883 523
1760 2436 2263
745 4852 4689
3630 3989 967
48 1950 4278
2719 4274 2738
3522 4236 400
631 2422 2538
3700 4207 3418
631 3675 3817
3633 4358 616
276 4176 2169
1112 2361 3287
3285 4629 1218
3628 4249 3635
1719 3828 1043
1166 4669 1120
733 1308 3094
4872 4973 1114
3365 3591 4497
1569 4121 3908
619 3119 3421
2144 4368 1970
839 1185 4108
1412 4494 867
1601 3196 3320
4050 4442 820
1237 4444 3624
44 2935 2780
110 4817 1645
2822 4680 393
2986 4507 1959
1479 4127 2329
4461 4520 2046
375 3059 4212
2126 3786 1945
3783 3935 4497
363 4105 1597
630 3642 4141
4425 4977 1024
1078 2352 1720
2622 3358 985
1780 3715 3810
3946 4378 3584
4687 4803 3497
1640 3050 3104
4625 4910 888
2423 4076 244
953 3891 1964
1979 4248 3520
1266 3389 3513
4105 4376 4514
972 4966 4360
2668 4751 3156
3023 3027 282
2409 4395 3663
3839 4906 4881
1339 4130 1867
3068 3507 4478
1284 3304 139
1076 3198 3075
597 2616 1157
2928 4955 477
4284 4347 3450
208 3428 2091
3574 4625 4681
2043 3843 1018
4047 4439 3122
1316 3930 2107
731 3267 3579
3076 3617 3072
2718 3031 3976
1982 1993 244
2739 3431 4368
4041 4861 3259
4525 4690 863
4303 4669 3846
3536 3958 1570
2478 4098 1747
2231 2371 1135
1416 3517 3114
3773 4833 2408
1977 2460 4928
3876 4526 667
4709 4810 1685
4234 4999 2138
4793 4807 2989
701 3169 1133
3688 4938 4016
1849 4589 4474
1768 4996 637
3189 3330 3424
2686 4159 52
2775 4655 2693
4216 4799 222
4550 4796 3762
934 3913 4451
4337 4956 591
259 2829 3627
2 4310 1403
2518 3808 2338
2593 3865 1477
1192 3346 2813
4357 4511 2269
4257 4284 3566
1217 1723 2778
873 4348 32
2701 3423 205
4715 4940 1816
3993 4362 172
3758 4627 2500
669 814 3987
2743 4593 367
2244 3646 4055
3065 3341 4587
4570 4864 941
4429 4563 1599
3072 3091 3157
3955 4767 1812
57 4936 1373
3471 4720 3308
3713 4436 4660
1310 3673 3484
919 1953 2156
2936 3451 384
2312 2362 1704
1465 2742 1829
2424 4218 1916
4064 4517 3087
2279 4473 3439
3720 4170 4632
3848 4547 2520
361 4377 1487
4094 4494 43
2686 3440 3133
2372 2658 2294
4708 4955 4107
1033 2204 2043
1818 3710 2147
84 4876 3303
1548 2501 4651
875 2713 640
2079 4712 3885
2194 4166 1053
4150 4303 1712
28 2570 878
3727 4188 968
3487 3669 332
2445 4035 1248
2264 4089 1816
2958 4686 3765
1374 3302 3716
3732 3872 4109
4890 4925 2790
4926 4988 4438
843 3885 2755
504 4593 4328
1863 4810 1748
1996 2234 2339
2375 4881 1712
2873 3370 3295
1446 2641 2370
820 2094 4417
3423 4055 3895
122 894 4517
3710 4268 4444
4787 4966 4386
1914 3173 2148
288 1945 3271
4910 4943 4366
3685 4158 2816
3764 4306 3441
821 4929 798
3726 4628 4595
3181 4728 3680
1641 3765 2754
1561 2210 1361
1611 2555 203
186 807 668
4725 4927 1631
4442 4644 49
1330 2284 2582
3942 4905 4888
1229 1534 1162
4028 4087 1307
4430 4814 625
737 4653 380
2691 4579 791
1262 4037 995
3914 4896 3362
1398 4264 1682
727 1719 3892
471 3741 4780
2125 3065 2332
3624 3718 1686
1437 3768 4099
1433 1785 4188
3976 4135 3892
3036 4135 533
1956 2313 1977
3923 4234 3740
1589 2320 630
2496 4691 2908
204 3180 3648
4309 4929 1607
1515 4681 469
620 2627 512
4626 4669 59
2490 3511 312
1470 4112 3712
1758 4712 1836
1664 3295 4096
3374 4059 4586
1527 3558 1891
3816 4104 1109
4265 4541 2128
1595 2898 4262
3147 4424 1727
2430 2617 2015
1126 4718 2471
3331 3773 2324
4458 4495 4489
662 4910 128
3605 4484 317
4311 4861 2665
663 3182 2198
1097 3794 2099
3573 4534 2338
4216 4511 4947
4681 4687 1434
1032 3623 227
232 2584 4216
4077 4422 678
3546 4969 213
2409 3886 1392
4229 4578 2656
2121 2520 2854
689 2772 343
4426 4539 3806
3535 3840 3760
2135 4754 1585
411 4783 1083
3949 4198 4210
4416 4820 4854
4428 4843 3541
4254 4998 2484
2849 3789 311
628 3438 1511
2570 3577 4992
3990 4506 1993
4828 4828 4306
2080 4621 2067
2818 4380 3389
4464 4638 4781
4210 4282 2892
2000 3200 1050
490 1310 778
3364 3548 1019
3475 4292 458
562 3924 491
2316 4920 532
3568 4034 2646
2488 4494 2857
1745 2902 1044
550 2074 2334
4525 4973 4084
1568 3853 2397
1669 3898 2179
3837 4683 3121
2975 3891 4763
79 168 2065
1509 2019 2683
2247 3189 3815
4071 4976 4290
1803 2206 2951
2878 2948 194
3044 4894 453
3751 4385 2937
1159 1863 1713
2969 4835 2212
4962 4998 298
2180 2619 3224
1613 4785 1612
419 2464 1341
2025 4958 2282
287 1972 6
3283 4244 2326
4552 4932 181
333 2530 2622
3338 3997 130
2398 3196 2785
1565 2140 2224
1913 3454 4885
2151 3743 4181
2086 3538 784
124 3341 656
1841 3523 1239
3588 4555 3427
355 4426 717
4684 4687 2996
2967 4064 3339
4120 4986 4189
871 4509 4809
1994 2897 2106
2933 4296 1293
3593 3805 2602
4061 4406 2885
119 4208 3882
4271 4969 1929
447 1113 514
3639 4368 361
2237 4869 1106
581 1677 2977
723 2155 4305
1728 1933 3361
515 3715 3560
2800 3379 3949
3993 4145 4161
1299 2132 4680
2297 3744 4149
2554 2759 2930
123 567 1190
4853 4871 4784
1750 4605 595
4743 4783 726
1108 4976 3582
4041 4982 713
4903 4950 3868
4286 4320 331
1532 2892 155
2643 3577 938
4275 4844 673
2089 2442 4296
4363 4562 1513
1554 4891 4600
4851 4927 3630
3408 3601 1329
3477 4577 2096
3525 4609 726
842 2286 1689
2938 2999 4753
318 3511 3002
2520 3958 163
2145 4536 1399
4992 4997 1910
4271 4633 1506
2782 4975 752
4609 4855 1507
3712 4295 1053
4967 4994 1687
2080 2189 2824
3626 4436 3532
321 2600 3678
1500 4837 3676
3613 4795 2906
1064 3021 1478
3515 4243 1654
4115 4152 2923
3750 4431 2532
457 1290 1294
3660 3959 3809
4080 4292 4735
229 1354 3577
4921 4978 1224
1447 2467 2897
3219 3845 730
1800 4035 4223
3258 4555 2978
825 3146 2326
2913 4852 1501
1736 3986 1767
1698 3583 1779
2468 3477 1736
3115 3127 2261
3097 4601 1950
2540 4466 3481
434 1803 1864
1113 4776 3541
4712 4989 211
328 3877 3002
1925 3847 1596
1918 2076 2644
4087 4921 4400
3710 3988 1788
4636 4962 2005
2502 3966 3088
26 3280 3527
4780 4808 3636
1183 3700 4006
363 2566 3536
1394 1955 3185
3418 4772 2405
3292 3932 1913
4364 4375 234
4236 4650 4896
826 4152 2264
3973 4358 2959
138 1413 3282
385 385 4900
609 1164 4361
4655 4673 3990
2752 4004 680
2168 2865 3168
808 1556 3361
4552 4581 836
3473 4829 1806
2843 4408 4464
1025 2995 2614
2348 2709 4604
1446 3506 3496
3383 3409 1189
2427 3095 608
2463 3267 2889
1564 2021 969
4469 4488 3346
74 1535 123
4461 4806 3407
680 3252 2797
2734 3576 1802
2395 4838 3452
2472 3266 440
509 3871 502
3066 4889 2163
959 3963 3458
3946 4059 1127
4294 4351 1984
2586 3384 1736
2358 4877 552
4000 4154 4292
3397 4509 2304
2317 3674 4641
2288 4379 1296
696 4548 1140
4502 4511 3024
269 1761 4186
382 3366 1820
4845 4927 268
2117 2389 2607
3535 3822 2305
518 744 3003
2309 3719 4080
552 3641 3896
4854 4890 3896
4734 4815 2744
899 2237 1652
495 3545 967
3791 4830 912
4085 4356 325
4259 4730 4992
2902 4530 3577
4817 5000 538
3399 4672 462
4889 4932 64
3615 4749 3089
273 1675 1129
2421 3834 4104
4982 4984 937
4853 4913 3098
432 1349 2540
815 4874 4991
4742 4894 4916
3115 4177 3231
2925 4732 3772
1968 2840 2030
2876 4460 374
1112 1712 1650
2617 2983 1103
323 2080 4851
2945 3598 4313
258 3644 4270
3891 4250 2562
1709 2188 2501
100 895 2195
4212 4925 3779
3876 4729 4887
1734 3567 2442
432 627 2134
3124 4656 235
3230 3508 4395
4125 4839 758
1635 4131 4240
231 4439 4735
531 3568 4084
4176 4758 4167
3316 4176 2040
1707 3058 1506
2325 3150 3179
2040 2343 4521
4638 4738 2482
2437 4984 4975
4655 4850 3048
1135 4495 3285
1483 4563 4373
3845 3852 3868
911 1679 3427
4600 4744 1491
3097 4545 3675
3310 4058 4399
3288 4299 2637
1803 3446 598
1332 4000 4753
1446 4393 2970
2588 4795 645
4493 4575 4356
4424 4667 4373
1849 3841 3809
327 4168 624
4704 4824 490
3289 3687 4269
3766 4739 1378
490 737 4700
1583 3261 4682
2347 3899 1040
3229 4331 1712
3518 3856 561
257 1961 4186
3367 3675 228
1798 2538 3100
1840 3585 4744
2659 4531 4353
1720 3707 225
4403 4841 598
3459 4231 4276
2647 2713 3951
3366 4738 906
3916 4772 1026
2822 4405 659
4560 4924 2854
4640 4894 410
4591 4918 4654
215 2842 4325
4446 4826 4256
2494 3378 4308
3868 4967 850
2076 4581 1351
326 2706 1548
1941 4800 4974
3360 3626 2805
2023 2959 486
3842 4453 3728
1423 4915 66
305 4945 2676
2675 4421 976
4367 4471 2531
2710 4608 3317
180 700 1135
298 2470 1400
389 4279 3486
3410 4870 1407
1842 4105 3637
1582 2015 3199
385 1844 4459
4756 4759 4817
2090 4735 315
3728 4870 3070
2066 3570 1803
1626 2308 2365
4543 4707 3457
3133 3814 2710
1061 2814 2305
2201 4828 92
3743 4675 4093
1219 2934 4442
2135 4367 1596
1999 4138 3399
74 330 1467
1583 3774 2882
3999 4869 1598
2223 3465 885
1395 3537 4512
343 3449 2372
1360 4652 2732
2530 3262 4834
4541 4727 4118
2079 4874 937
4057 4486 4641
138 2431 4270
4891 4936 2930
3126 4809 1285
4132 4399 4586
1592 4635 3006
1741 2226 4011
3409 4739 3545
1849 3969 2492
3053 3200 366
3464 4373 1368
647 4895 2427
3270 4499 4986
2946 3109 2580
4236 4566 16
4450 4691 4067
3408 4109 4513
694 2907 465
3204 4171 4834
949 1235 369
4741 4948 1754
549 4545 925
2429 4710 2075
3495 4408 2162
3696 4492 1951
4189 4695 2226
3032 3162 777
3096 4496 4678
1254 3812 1276
1552 4692 2780
537 4578 1014
112 2085 610
796 3588 921
1163 4443 1427
1408 4006 4742
2071 2180 1733
2811 3841 4448
3634 4728 4725
1982 3623 4629
690 2781 3181
3065 4567 1507
3834 4916 3389
258 2130 4002
4281 4873 20
962 1381 1114
864 4698 4411
3070 3632 4181
3003 3299 429
3896 4672 2963
606 4428 4755
2641 4862 2081
2950 3641 1156
4256 4899 4266
4608 4850 1284
3245 4805 4087
3757 4975 3229
2065 3707 302
3944 4455 3562
2796 3320 4660
4539 4683 4280
3249 3922 4575
2934 3852 4275
4579 4996 3231
1797 2033 2904
1789 3242 742
4554 4589 3068
1951 3263 4367
3755 3906 3660
686 4976 1032
2070 2805 2465
3061 3192 2698
4451 4629 2671
4305 4885 4768
4173 4613 2822
3604 4582 540
3838 4172 4835
4629 4750 4999
4887 4951 3143
81 2771 1163
4422 4920 3084
4963 4976 196
822 1979 928
4389 4478 1042
3899 4905 3373
1835 3351 3007
1167 1731 4443
1549 3640 3631
4374 4438 4616
1388 4481 4950
3854 4358 4742
234 2066 3097
1983 2183 3002
2991 3848 395
664 2985 2655
586 3272 3799
3835 4198 3608
335 2870 4151
2193 4667 4371
49 410 1559
1608 4828 3124
4333 4911 2072
2177 3756 4226
4007 4321 2547
3500 3824 4446
1646 2753 3494
1869 1899 1166
3382 3653 312
382 1809 1353
2335 3936 2994
3225 4154 2507
1347 4596 3190
4099 4507 915
1849 2375 3285
1616 2354 600
3580 4986 3596
4808 4920 104
3715 4829 2725
463 1752 966
191 4663 3960
314 3532 2709
3418 3700 765
2737 4410 3484
2758 4603 1888
3229 4584 1321
4120 4699 1598
4842 4990 4868
1550 1592 1423
4856 4955 537
3371 4328 156
4684 4832 1389
3079 3283 289
4081 4894 2940
3259 3744 3772
4092 4977 3755
4264 4871 4659
2025 3725 4116
2000 2170 4358
4677 4750 471
4264 4900 4405
902 2930 4547
822 1635 2594
3894 4266 402
4113 4901 2710
4680 4721 4758
1403 4776 1948
1607 3797 381
197 2789 1766
4878 4908 3991
2157 4493 1194
1500 4812 2351
57 1837 2565
3742 4329 226
4958 4997 2412
2980 3108 4746
3034 4676 748
3742 4631 4992
660 2219 548
1913 2541 2405
3352 3950 906
3971 4009 3882
2445 4986 4002
3057 4240 4982
1898 3820 765
4270 4707 470
197 1175 1656
1814 1826 4087
2912 3654 2537
4422 4594 1076
4352 4946 2962
3979 3980 534
4366 4459 77
3606 4432 2772
1854 1857 3576
4384 4531 3315
950 3495 3736
2310 3854 1682
221 1817 2706
1721 4935 3904
430 1077 4187
142 709 662
3970 4356 893
2148 3621 3306
3728 3872 2382
3846 4428 2766
1232 3305 355
4571 4774 898
240 2577 1663
168 906 287
2013 3119 988
3473 4353 565
886 3393 4266
3997 4927 378
4753 4996 1749
2305 4561 2646
1403 4809 3358
3052 4757 4616
1143 4752 1783
1320 2749 2414
4925 4963 144
2149 4844 4405
1400 4367 3026
980 3996 1753
1833 3589 2514
2518 2811 982
4207 4735 4261
1905 1940 3367
4060 4087 3557
4039 4783 3754
3057 3974 115
3264 4280 979
40 4117 2955
215 1741 1624
4290 4898 3587
3853 4220 2941
649 1167 4618
1531 4232 3491
4073 4250 3845
3488 3638 2687
1365 2411 2515
4041 4094 4186
1837 3455 1633
1679 2387 203
868 2808 4540
103 4302 4566
106 679 4828
2997 4491 4158
2788 3201 3420
4713 4803 1309
1422 1551 1598
4557 4628 67
3707 4831 2014
842 3418 2845
2075 2347 1021
1909 2529 1965
2077 4129 2266
2092 3089 2238
2822 3929 246
1992 4225 4597
2250 2685 55
1355 4955 2367
1327 2996 770
809 3143 4206
898 3469 299
2034 4081 4467
4365 4905 1452
209 752 4013
2281 4742 316
1877 4553 3339
4758 4952 2079
3882 4780 2500
3852 4724 2377
4601 4714 3320
3444 4259 935
147 168 3023
4923 4973 2634
521 1944 1258
4522 4628 141
4508 4874 408
4893 4916 3302
1674 3843 1942
1170 2731 4414
4507 4659 953
3450 3560 4383
3393 3745 500
1624 1882 3824
4608 4618 1033
1969 2232 2743
2531 3299 775
311 4437 4546
1123 3316 4403
1770 3868 3481
4034 4266 4447
3958 4725 2842
3736 4180 676
697 2280 1494
3829 4308 2905
920 4806 603
3659 4515 3165
3613 4412 3667
1449 3902 943
2050 3824 574
3154 3212 479
3960 4701 882
409 2221 2551
2952 3251 702
3582 3677 55
4867 4881 1770
2787 4996 1532
1173 4587 4450
2678 4770 1659
2244 4266 770
4406 4445 3835
4807 4928 971
115 520 2604
3982 4055 3698
2357 3740 3322
3079 4733 1845
4345 4814 4689
2418 4360 1134
2164 4508 430
366 814 1133
2031 2664 2726
2872 3621 3809
1150 2260 630
1259 3941 2646
3326 3629 4454
4690 4786 2624
2066 3039 2136
934 2715 3190
1885 3957 1401
579 3198 1539
3949 4676 2302
2902 3733 1878
439 1545 3966
3072 3095 4129
3040 3593 4420
3994 4541 2401
295 4232 695
192 2121 469
1730 1848 1841
4618 4744 831
358 4439 416
4286 4400 2125
3186 3411 3781
565 1912 834
3089 4399 3859
2378 2587 4370
3800 4209 1101
4864 4986 970
3382 3980 1749
1356 4944 1383
2352 3638 2275
2725 4357 4571
4539 4564 3288
4515 4803 1893
598 930 2155
1001 3220 4765
1091 1764 3866
4214 4295 1598
1961 3462 638
3461 4083 3275
1428 2277 120
1216 3182 543
1416 4590 1590
198 3489 370
2711 4119 2625
2383 4204 3242
787 2748 2574
4862 4955 3777
2821 4806 54
4653 4829 1970
1749 2391 2337
4888 4908 113
37 151 645
266 694 893
3965 4442 3104
4893 4923 2311
3067 4726 2815
3247 3887 2558
4923 4989 2002
7 3364 283
1005 4939 981
4479 4853 3408
4853 4898 378
2985 3250 3365
3516 4220 1210
3603 4194 3840
1964 3499 1325
4676 4823 2859
3007 4699 4772
1261 3800 908
3740 4780 2194
2360 4239 4101
271 3214 1201
3685 3823 4877
1615 3347 2147
1668 2083 3349
1263 4025 1777
2068 2257 4440
946 2202 4453
3278 3507 1657
4318 4367 4852
2469 3982 4081
3868 4827 2647
964 1914 2639
3375 4639 2903
4023 4219 2366
2800 3984 3871
1185 4054 2668
4808 4934 1486
1566 4207 3379
2177 4472 297
2817 3749 4433
3010 3100 560
4864 4927 1014
1443 4361 3396
867 1146 2167
469 1573 623
565 4478 1467
4288 4654 90
429 1639 3592
4319 4408 4222
3895 4184 3919
4425 4796 3049
2248 2425 4181
696 2478 1869
1075 3916 1931
500 2934 4816
3383 4594 3709
1565 1895 858
2233 2730 3859
4335 4931 2150
3933 4046 3357
1909 3601 2478
561 991 1825
3607 3895 753
3668 4263 4774
4185 4352 4259
3567 3843 1136
2411 4051 647
2398 3961 3625
1855 2337 734
532 3062 1557
4191 4481 567
1091 3501 1316
1151 3496 4935
2615 4806 3938
3882 4323 2946
4750 4840 1637
1429 2872 3478
2172 3806 3682
2649 4876 2573
4032 4145 3743
1001 1143 3348
4371 4583 2430
3631 3962 4856
1710 2527 811
1440 1666 3435
3179 3538 4385
4489 4646 537
1411 3549 4271
3997 4820 506
2998 3151 2219
547 1620 3276
904 1586 1714
3142 3600 3811
520 4725 2650
148 4346 2126
3881 4104 4106
3662 4069 2607
3435 3985 4410
2741 4976 4463
4886 4928 3681
4525 4666 3361
745 4243 1343
903 2323 1210
4964 4987 3330
1445 4688 1425
1683 2626 2103
3519 4069 1527
2375 3479 1118
735 4953 689
1670 3072 3587
634 4447 4178
3498 4669 1218
3549 3891 1757
4819 4877 846
4259 4772 2196
4732 4798 1174
271 4108 1628
3229 3986 4349
2255 4962 4646
1479 2602 148
332 1518 2400
2659 3827 4118
1289 2369 116
1885 1996 4484
4339 4655 2973
2659 3928 4899
4876 4973 426
834 2377 2232
3784 4060 3932
3631 3863 3819
1050 4978 200
1204 1984 1772
3830 4323 961
4659 4771 2906
538 1622 3023
712 1963 788
2014 4802 1314
4278 4862 2776
4462 4674 3121
3895 4976 3492
1426 4169 1662
516 3061 1199
3435 4987 1661
4404 4643 3144
2291 3480 2764
1521 1919 4048
972 3148 4614
2092 2775 4161
2124 2939 2324
3437 4997 2847
261 1972 1784
1236 1902 777
913 2206 4818
3981 4336 2711
1747 4860 1999
954 3979 2556
1277 4519 4634
1168 4689 2881
1799 4696 4110
303 1917 1062
3111 3575 3685
4396 4433 4512
2473 3642 2544
3784 4413 1758
103 1602 4642
3348 3774 4306
1219 2442 1241
142 219 2486
4751 4948 169
4222 4762 116
1305 1767 1583
3578 4973 4023
813 3298 711
31 3801 2691
3847 4795 4799
1307 3573 249
3982 4776 126
2756 4667 1676
1346 3738 3761
4855 4947 1575
1043 1544 1219
3992 4374 1752
4257 4294 4172
4734 4915 2081
3456 3486 2307
4318 4944 4506
902 1588 1167
579 3335 3359
2193 3705 380
4245 4610 1908
873 2360 175
1045 3280 1770
1435 4265 2032
1871 4146 1340
1557 4262 3059
655 872 1183
1687 4618 4786
1416 3401 4405
3829 4116 1502
673 1475 2066
25 971 1466
1256 1953 3045
4543 4962 1786
3089 3878 3841
3294 4999 1015
1581 3054 324
4483 4868 1799
3268 4740 1385
3736 4261 220
3157 3184 600
3073 4978 3168
2156 4830 4714
1774 2639 4761
339 1419 4335
1139 2873 2087
3336 4522 2910
4409 4992 3125
4085 4285 1888
717 1007 75
3099 3438 3277
4658 4686 3347
3521 3624 1487
4713 4909 4630
3978 4376 3280
267 1810 3132
4209 4986 1985
1908 4375 3343
3994 4437 2114
1804 2707 1659
360 3407 4813
1522 4143 3059
2950 4310 4765
408 963 1795
4961 4969 329
525 4048 2709
822 2443 1496
2888 3318 3935
2703 3697 2334
3843 4475 3073
4635 4743 3870
156 4572 2369
2440 3589 2239
1201 4667 403
3679 4339 2717
974 4708 4537
4922 4938 1341
3088 3421 2364
4872 4964 1487
1802 4410 1582
1208 4012 2414
2328 3811 2196
1645 3818 7
1021 3354 2230
3279 3460 3101
462 3317 1458
4420 4677 1831
2700 4046 3236
4452 4825 3297
828 4604 42
4404 5000 3918
4720 4913 3418
248 1996 2193
2695 4294 4163
1627 3013 4688
417 4143 2626
4377 4432 645
2213 3280 4207
2171 4755 4711
821 2742 648
4821 4885 2828
3701 4326 80
1327 3837 4993
2595 3662 2972
4607 4705 3475
2699 3212 1916
4069 4129 3763
4743 4859 93
75 718 2827
2561 4787 3514
419 575 3762
2122 4690 3673
2275 2383 1234
1243 1776 372
3902 3955 3897
1464 3158 4360
2653 3511 3713
4099 4525 499
2080 2759 2946
2684 4684 1195
3422 4186 3444
2639 2859 1448
2066 4306 3947
4821 4828 3613
4252 4579 1945
4262 4320 3885
1956 4203 2075
4082 4486 3911
2020 4622 3059
4860 4865 4748
3945 4273 4907
3661 4051 1976
1761 2377 614
2286 3765 3067
2163 2270 3216
1771 4079 2709
3584 3877 2183
4430 4516 1894
2054 3874 3737
2919 4422 3505
1987 2944 4999
3478 4689 2485
730 3453 1459
2938 3934 2582
2484 3485 152
907 4184 4652
70 1576 1309
797 1106 2520
1276 2433 3015
2254 3422 1209
2791 3955 3727
1222 1838 4781
2437 4221 2444
2499 2709 3465
4687 4824 896
312 973 3731
3722 4528 2144
3322 4486 4079
2054 3855 35
2762 3606 1988
4110 4148 1306
4402 4837 1531
4376 4396 4615
1648 1720 3397
272 1707 3558
4286 4813 3198
3684 4806 2107
951 4212 1045
4397 4866 4762
4517 4831 894
2682 4870 678
2320 3661 1332
2886 4526 763
8 2675 3826
1506 3528 956
1714 2177 4406
4020 4746 2209
1891 3698 731
2643 3348 2702
4339 4661 1416
3799 4350 3355
396 3906 554
2374 4890 2135
683 3281 4450
2943 4669 2616
4021 4499 3112
1667 3255 881
2665 3613 3254
4150 4734 1558
309 1857 4679
4978 4983 1999
3220 4744 322
4344 4825 121
2104 2560 1607
4362 4421 1062
3582 3589 3782
3796 4059 4030
1811 3237 105
1451 2111 1725
199 2490 1775
4160 4885 1532
3076 3973 548
2438 3814 627
3660 4758 4923
1226 3196 3104
655 3336 2730
479 2194 4784
2032 3954 4753
2392 4641 687
2832 4713 433
1595 2315 2887
165 814 2803
2394 2553 4334
4739 4811 529
1278 4485 362
3582 4035 2697
2520 4038 3891
4310 4684 1007
1679 4430 1361
1730 3011 1852
2789 3917 3786
3418 4346 3362
1609 3369 2294
3354 4596 3260
4010 4575 4462
4371 4523 82
3599 3987 3171
4442 4798 3593
1986 2528 4844
2961 3617 22
4943 4963 1074
1602 4275 1917
3529 4648 4117
1088 2833 1448
1689 2089 2293
4295 4615 4413
4448 4546 1221
1693 2569 4757
462 1442 223
3607 4318 4391
1336 2695 356
3513 3954 371
2316 4674 751
3852 4055 3757
1091 3243 2077
49 315 534
2870 3088 4330
797 4307 4930
1006 1663 2973
3348 4016 1894
1144 3216 2396
4767 4795 2720
3825 3925 1270
3044 3650 1138
2588 2709 3716
299 1074 3296
3256 4897 4142
1742 2099 4030
1676 3862 4479
2262 2435 4609
3362 4148 748
1913 4107 3520
3896 4714 4154
2069 3798 655
4971 4999 2376
1205 4837 925
3472 4262 1038
817 2744 2811
2862 4826 314
1240 1630 3449
4348 4791 1125
2707 2933 937
1812 4106 3230
259 2620 1433
3378 3595 3765
1113 3551 1347
2261 4107 3064
714 4228 4479
4513 4647 3588
3327 4593 1593
991 3494 4879
3986 4904 361
4816 4823 1609
517 1572 631
2301 4780 3804
1234 3895 2969
3231 3660 751
2379 3001 4127
4296 4767 1651
2899 4599 2047
2316 4033 851
3213 3370 95
4086 4358 2626
1672 2551 3960
4848 4884 974
1769 2310 4616
2289 3581 416
4139 4559 2960
1876 4568 4656
2302 2853 1152
4611 4941 302
5000 5000 775
2566 4726 1755
1680 3828 3546
3443 4450 3316
976 4743 2224
3452 4556 3196
3810 4657 902
2157 2212 3378
3038 3158 2052
4084 4517 251
2897 3084 2458
1175 3584 1270
799 856 3351
1400 2396 2976
117 4244 714
2358 4123 2417
4286 4965 2203
500 1574 3295
1745 4064 4753
3876 4230 90
1745 4338 4113
4268 4926 865
4143 4660 1974
3972 4547 2326
2121 4894 4889
1436 3638 3334
1271 2411 2276
4251 4731 4380
4770 4848 3167
4721 4885 846
3844 4307 3335
1412 1781 1452
4346 4596 4179
3445 4802 4692
3626 4656 178
3525 4369 4804
1800 2106 4435
117 4695 4308
2669 3039 531
4387 4982 1349
3014 4757 1231
1761 4486 306
3391 3950 3206
2707 4377 2556
649 3255 3289
850 2655 139
801 3757 4531
3309 3580 23
1722 4472 4865
4300 4686 1895
1354 2666 1906
772 2553 1889
780 2040 524
388 1463 265
79 4853 2606
4596 4866 1510
3782 4439 1520
2702 3045 4525
4695 4722 3027
1026 4057 1341
2889 4158 2253
4320 4411 3305
4189 4575 153
1988 4184 3137
89 2480 1272
1545 5000 159
3732 4082 434
180 1225 2174
2573 3706 1529
1799 4532 1148
4606 4686 3187
17 490 1196
3404 4007 3081
4047 4425 3765
4277 4695 4118
4278 4808 3321
727 2142 2664
440 788 4254
2551 4320 3234
2422 2670 187
692 4630 83
1880 4178 3900
1586 4128 2297
2068 3867 1417
4125 4567 261
4550 4958 134
3902 4715 3004
3113 4520 1818
585 2790 2334
2409 4971 2630
1896 4069 3687
4645 4652 3553
1712 2874 450
1064 3141 2029
2349 4599 3690
3372 4543 4078
2569 3850 4336
4079 4930 4586
26 535 1291
4024 4129 1029
1704 2320 434
411 4772 162
4711 4765 3172
3875 3970 1836
2672 3071 1958
3779 4952 1805
423 1049 3151
3345 4852 160
1919 4146 1773
4246 4987 2512
4574 4715 4876
2547 4171 2502
3869 4293 3293
974 3664 4965
532 1527 1259
1992 3161 1639
1390 2003 2014
2605 3323 4456
2738 4209 3451
4099 4275 2499
3160 4219 2779
4461 4703 4961
4421 4674 3450
3934 4268 3444
406 2937 2637
605 2014 2860
55 2708 1071
4429 4695 1736
2083 4432 2129
1210 4910 4755
3044 3610 3142
2532 4675 2744
609 4489 4221
714 1269 3588
2223 3880 4837
3105 3940 4087
2993 3778 2033
3878 4516 4136
4180 4737 4510
1497 3991 4291
4977 5000 326
3696 4733 3908
4726 4880 4010
269 4699 4686
3451 3832 2509
957 4302 3476
3886 4949 3803
1614 4089 2660
2431 4644 963
1796 2610 4477
3532 4164 1859
2518 2900 1299
1993 4560 772
3664 3718 1782
2859 3325 953
3923 4249 4660
1053 4013 1273
3418 4893 2166
1542 1933 3419
3365 4011 4257
1720 3301 4671
461 1885 4435
2596 4982 129
3419 3661 2838
2121 3941 1780
3004 4932 1312
2599 2693 2592
586 2740 3796
3520 3852 647
789 2995 85
109 4129 1140
4454 4653 2094
4880 4895 3993
1354 3235 2976
78 132 2976
4646 4907 210
1369 2557 3206
4114 4822 2004
220 1273 319
159 2999 1602
1719 3386 1148
4351 4443 2131
4671 4735 2689
2447 4239 376
23 4218 2853
1351 2669 4139
751 3914 3975
4409 4564 2577
2892 3456 2236
1671 3036 1266
4476 4602 1235
223 1247 2248
4755 4795 1957
1599 3280 1916
502 4337 2347
1817 4188 1263
1817 3774 3424
1789 3366 294
3639 4844 1470
1373 4197 1861
1707 2621 1338
266 2684 4148
319 4787 4316
4299 4530 2016
2779 3366 4859
4653 4727 321
2084 2555 472
1812 3511 1806
3229 3317 641
2509 4041 2926
3577 3995 2293
3662 3853 2202
3482 3864 2776
3474 3609 4314
4421 4960 3524
3726 4691 4412
3305 3622 276
1143 1967 749
4149 4428 462
3010 4313 4241
574 4486 2034
3649 4498 2231
704 4535 2967
2478 3599 2432
2873 3262 3030
2805 3108 2161
1132 2941 2375
1172 4388 1470
2025 4733 397
4987 4990 2078
2009 3812 4916
490 3165 752
4614 4638 2027
1445 2709 2393
1410 2106 279
3642 4259 3660
4996 4996 3077
2927 4421 3188
1643 1822 225
4000 4343 607
3286 4817 4266
76 762 3613
2473 3446 2268
17 210 4029
4701 4916 2813
4103 4527 4254
1200 1428 4462
4651 4773 3410
4289 4931 3207
254 1289 4700
3986 4586 3776
3205 4369 1162
1398 2485 2644
2285 3407 3103
3976 4162 4433
2033 2620 1036
833 3311 247
884 2104 2424
1944 2954 2424
1496 3392 1090
2290 4760 3616
186 379 4954
4333 4591 3300
4898 4921 2156
2864 3290 1551
2550 4326 214
445 2655 125
970 2979 932
3922 3943 1694
2075 2248 3666
4905 4970 3302
2760 4305 2058
2043 4081 2296
1207 1960 251
2479 3875 3216
3389 3543 3701
2733 4651 979
3268 4150 1126
2916 3671 160
1998 4427 3370
1941 3711 900
3199 4302 660
1161 2809 829
4592 4844 3396
509 4133 342
4558 4809 1745
2469 2531 1697
3521 3672 4879
1978 3977 3196
1500 2551 3426
654 2018 1862
3499 3673 4076
3180 3615 3310
4597 4749 3290
110 1634 1251
1370 4808 1062
4826 4977 2722
2342 3664 2784
1625 4106 2289
1031 3200 34
2770 3457 4214
3781 3781 3936
2053 2302 1872
2367 4236 1661
782 4634 1729
4815 4940 738
2132 2365 4672
941 1394 2879
513 2279 4671
1123 4907 3437
1512 4917 4605
705 2180 2010
2052 2234 653
2137 3520 373
4177 4392 2353
4653 4978 3341
323 3893 4121
4578 4654 3353
3747 4093 4518
1907 4257 3737
1015 2271 2422
686 2976 952
3784 4068 343
2568 4692 1743
3950 3955 3739
3271 3514 3645
837 3703 1938
1385 2436 1454
2668 3663 3350
3320 3708 2671
1367 3822 36
189 898 1490
4289 4800 3595
1443 4523 4723
609 3882 1202
566 1400 460
1064 3544 3134
1399 2982 530
1079 2598 1645
4957 4998 960
4852 4890 563
1263 4650 1317
4303 4338 3721
2078 2823 1576
4168 4850 810
4525 4803 497
2328 3514 874
1360 2310 2403
3259 4869 1028
4283 4408 2963
2570 3792 41
3924 4267 4318
1426 4186 1010
2657 3472 2100
1620 4541 4717
2786 4342 3850
3492 4276 4387
521 3288 814
1980 3643 1091
3639 4212 42
3955 4868 4793
4550 4575 3043
3906 4690 571
4678 4967 4271
2523 4770 2163
3991 4021 3144
3067 3755 2483
1954 1976 3353
4015 4699 280
279 2928 3359
2470 3708 3657
286 1456 4502
3402 4282 2411
305 3060 3516
3948 4178 2477
4859 4870 2293
3329 4972 40
3097 3188 4189
4838 4947 2371
1487 4350 4843
997 1573 3552
4493 4760 4255
954 1956 3546
3966 3970 4105
3000 3388 1579
979 4776 1120
1944 3796 1760
127 3133 4241
1286 2210 3446
3537 3712 4596
2567 4086 2417
3654 4227 3574
1432 4359 624
2963 3248 2383
4572 4798 4294
3684 3714 1002
3142 4578 4706
2015 3559 2110
1696 3247 568
3037 4879 951
3825 4018 2882
4133 4972 2256
1451 2446 1406
3254 4982 2563
3007 3475 4944
4889 4977 2771
1201 1370 2408
1784 2207 1943
4412 4453 2790
4230 4828 1695
2540 2919 4245
3829 4485 957
441 2914 1634
4689 4812 2917
3802 4872 3241
749 2009 2085
278 2360 159
81 2710 1299
3924 4179 189
1205 3490 3392
220 2371 4073
4531 4535 1600
4836 4902 3784
2059 4549 4070
880 1953 3294
1385 1666 1523
3808 4526 4210
287 2161 3695
1557 2210 4176
4107 4569 4559
1410 4979 1420
4907 4977 2988
4483 4939 474
4896 4974 673
4523 4724 3661
917 3508 9
2765 3269 645
1960 2682 1164
2842 3596 4785
1304 1541 782
938 1673 4932
3326 3971 3925
4819 4841 4339
4327 4596 1577
1904 3936 3010
2365 3257 2536
3683 4545 323
3647 4817 2705
3384 4473 4046
1658 1974 1306
890 1448 2156
2861 4386 51
830 1302 4237
986 4185 1513
941 4076 2363
3560 4499 44
1148 2290 3045
488 951 4667
2961 3837 4067
3266 4184 4341
3897 3969 4883
2886 3829 1766
794 2435 2975
2689 3465 3501
819 3104 3094
390 2974 4260
3662 4440 4662
3278 4831 645
1100 4616 3294
973 4365 4048
4499 4954 264
4128 4457 3173
1958 4558 4124
4093 4604 4394
1511 2952 1685
1683 1931 2661
134 3812 4539
3458 4982 4589
2918 4881 1105
2042 3218 335
1955 2039 2124
2657 4514 534
2432 3305 4030
3322 3805 1198
2583 4051 1112
1900 2887 3047
3794 4450 689
3704 3754 3482
1420 1987 261
3509 3795 2632
1060 2139 1080
3570 4155 4108
3990 4562 3079
3705 4246 3622
425 4300 4462
601 4417 2116
3273 4990 2917
337 1453 1464
3563 3969 1634
3092 4000 3549
851 1408 3506
2724 4464 285
1577 1778 3723
563 3166 2130
4066 4941 2012
4691 4744 1918
389 2679 2208
3897 4981 3815
2907 3532 4438
4908 4925 3427
1438 1611 1432
1387 2614 1874
3950 4984 4874
2441 4881 4317
3 4721 157
2252 2956 4155
4361 4965 2252
733 1919 4877
3372 3779 4882
3436 4715 1513
3670 4499 2504
1514 4700 2069
1028 4353 3300
1202 3124 1502
3973 4616 3131
817 2062 3262
302 514 4252
3813 3984 3949
4696 4808 4289
3660 4800 757
3373 4838 2050
995 1994 4352
2682 4297 523
810 4013 4169
2808 4821 3464
1014 1700 4151
2323 3101 2138
2505 4376 2070
1322 1900 28
1984 4292 1474
73 1218 298
3996 4155 3317
2526 4415 4220
1668 4115 324
1087 2708 2549
1364 2445 1273
3743 3804 28
2108 3700 1401
1281 3908 2078
3654 4674 3513
2375 4239 1335
4730 4958 3079
2905 4669 2663
265 813 2253
4674 4794 2785
629 3103 4665
2520 4551 113
3861 4588 4390
2325 3136 1704
4423 4512 585
3759 4415 2934
4575 4772 1099
4008 4086 1415
3524 4142 1742
3120 3701 4260
3141 3675 1086
4208 4797 3810
4527 4999 1145
1917 4840 983
2738 4964 4414
4265 4427 941
692 2216 284
3472 4763 927
4985 4991 778
4850 4990 2245
591 1632 4227
36 2120 1928
2274 3320 2233
4549 4769 537
3403 4655 968
2221 2423 3452
1666 2930 4093
4610 4826 3197
1798 4197 1487
2501 4912 3639
216 4458 310
339 1854 721
45 2532 2417
298 4361 4213
943 3202 3582
3787 4639 3679
2182 3288 4183
2861 4079 3960
3137 4529 4764
2864 3222 2094
4739 4756 3906
1658 2220 1661
289 2811 2297
1845 3110 1824
3255 3841 4006
517 2005 3196
1261 1494 1276
157 202 2742
668 3002 2578
3977 4808 4282
465 4615 852
1431 4201 550
2098 2800 4061
1955 2473 2706
35 726 2575
3215 3714 3556
231 3743 1869
893 1767 2107
1911 2400 4662
4936 4965 703
869 3795 2093
745 2601 3124
2851 4132 2334
4067 4461 2270
1072 3189 736
2781 4386 2462
1159 1782 2478
474 4954 3024
3037 4895 552
3225 4785 2750
2552 2611 1747
1808 4557 3412
2137 4520 4844
4 2358 2278
1188 4017 3980
3377 3504 3855
4621 4668 1177
3897 4206 4205
2065 4164 579
909 4055 4934
1148 4175 4591
4762 4961 3936
3683 4491 1586
2095 4525 3567
908 2237 442
723 2146 4565
2196 2476 4847
3688 4164 3608
2978 3214 2780
4287 4877 1384
2028 3298 204
1525 2907 1471
4181 4699 1359
2209 2742 117
1750 4668 2980
1188 3427 3507
2410 2515 653
3972 4276 2804
70 302 2050
2953 4634 1130
1974 3916 2477
4701 4944 1330
946 2452 1412
3814 4305 1590
1807 3080 4954
4243 4298 1748
1632 4273 4572
46 3135 4630
1327 4159 3895
4551 4957 1346
1787 4590 3281
1147 4955 257
466 508 2054
3132 4431 275
657 2333 1946
2664 4833 2926
706 2381 4885
1783 3701 3924
747 1533 325
4358 4590 2615
3474 4991 1463
2330 2951 2724
2414 4402 1896
1035 2886 3518
2 3062 953
2399 3498 1362
4339 4672 4437
75 2766 3827
3166 4524 1976
1161 2502 1499
2360 4100 981
1847 4555 3216
3596 4088 4355
1556 3424 722
359 2121 4698
825 4101 1182
4518 4918 4808
3139 4855 741
4897 4948 4095
4556 4627 3554
1969 3820 59
4129 4985 3389
1412 3386 1406
40 2540 2985
2604 3500 3303
706 3856 505
367 3566 2130
1538 4233 966
3524 4740 4859
1855 3336 520
1116 4559 4227
3859 4069 1697
978 4423 4108
2968 4738 2452
2274 2728 1287
2183 3835 2935
840 1119 4392
4172 4547 3537
107 3598 648
1156 1417 922
2819 4498 2373
1816 4636 1129
2479 3528 4580
2060 4869 3570
4597 4992 1835
3580 4220 622
1854 4471 1347
2936 4406 1742
2428 4426 2398
3493 4966 4634
896 3406 258
352 529 4665
1303 3730 3513
3048 3345 1553
918 3550 1229
4897 4922 1316
105 361 4497
2895 4955 2471
815 4235 3853
3741 4860 1417
1968 3170 1885
3449 4596 1136
2704 3899 3907
1081 1727 4671
111 1908 835
2990 3073 2502
3507 3768 2718
2658 4743 2641
4574 4898 492
3395 4832 3536
3507 3737 1920
2277 3570 1106
2043 2618 4052
4416 4438 3027
4173 4793 4240
2765 2903 289
462 2960 3856
2649 3498 1795
3494 3781 2419
2543 2802 2873
4942 4968 2596
4191 4503 4910
1684 4773 2234
4406 4778 2096
3127 4164 3098
224 2866 651
1832 4373 2719
147 1344 560
1564 1747 1742
1532 4848 4441
1480 1947 1602
1160 1457 3709
551 1163 730
4981 4991 24
1221 2959 1812
2500 4267 4097
303 2786 3066
1757 3428 3100
2201 2391 4619
470 3851 1196
929 1315 359
3347 3599 3366
405 3800 3302
4182 4475 135
4650 4896 4204
4117 4334 83
1782 3975 2796
2972 4902 347
4347 4768 2596
3373 4493 2893
4214 4857 2080
2808 3115 3213
3230 4109 4723
2423 4941 2718
2441 4730 1530
3606 4765 1064
1135 4002 1367
866 2849 4789
1369 3122 1623
2353 3934 823
4113 4852 861
2001 2757 737
2086 2711 1351
2754 4840 722
3661 4027 1508
440 2081 947
3548 4465 3823
3494 4672 2692
2529 4578 1989
4902 4916 1663
2947 4488 7
974 2831 4615
2591 4671 3281
1652 4491 2845
1423 3578 4801
480 4761 4761
4108 4776 2370
155 4678 1388
2874 3596 1222
1846 2504 1497
2377 3787 3638
3040 4759 1712
3711 4482 2194
716 2492 1765
3098 3745 1605
3198 4992 4121
3469 4400 3172
4294 4311 4616
911 3210 1143
4618 4791 3733
1769 1839 1825
1736 3659 1494
1822 1898 4619
1356 3044 1773
1898 3949 3001
984 4792 2167
1254 3150 4284
1207 1646 1995
4490 4672 357
3435 3791 3395
3631 3892 2997
2215 3298 2993
1930 3346 1637
3881 4280 929
1912 2198 1059
294 342 3607
4347 4544 3583
4142 4624 321
1191 1364 984
1252 2379 2976
4000 4992 4472
4854 4929 1869
3596 4500 1229
2270 3991 4314
76 4200 3014
207 4727 4439
4927 4977 500
1124 4962 665
3149 4705 1864
3901 4560 953
258 3271 2348
433 2050 2622
4672 4776 204
3791 3856 3427
3026 3528 696
360 1397 2976
1077 4062 747
1228 2556 1961
3678 4576 2568
2255 4718 1787
4287 4384 1205
4836 4905 1922
2077 4338 3808
4987 4993 4496
1233 1710 2845
1762 3807 284
3688 4779 1682
4257 4579 3147
2647 4745 491
3999 4177 1034
1885 1920 2412
4207 4852 1872
4714 4996 4923
3435 4327 143
1598 3595 1496
2183 3367 1554
3998 4814 432
997 1529 2527
4338 4973 784
1367 2799 1811
2796 3559 1670
2433 4083 2101
4589 4859 76
92 1036 4436
380 1956 249
3052 4834 4607
490 2981 2545
271 758 4059
4425 4524 4691
4456 4694 2959
1964 3053 1294
2930 3474 1224
3211 4344 4196
1648 4690 2630
3416 4105 4768
2348 4464 2204
686 1515 3761
3959 4919 216
2639 3010 1425
2444 3471 2248
2055 3977 898
4114 4548 1370
1875 4067 1862
4628 4734 408
4535 4743 1774
223 1524 1271
4018 4130 1105
2056 4815 2861
620 4692 755
368 4944 4585
647 1428 1847
2162 4576 1674
3996 4030 4522
135 1735 2051
2275 2473 71
1137 1410 2461
1596 1946 2390
3286 4383 4408
1757 4562 4437
3294 3751 885
2880 3526 2708
1166 2507 991
2318 3042 4056
906 1778 2228
4214 4246 3032
2522 4787 2904
32 4832 4789
4510 4712 685
2973 4442 2304
625 4337 4953
1696 4157 149
2828 3186 3103
4849 4864 3450
97 1522 1798
2319 4800 3261
57 1822 3188
3881 4467 897
4211 4766 3414
1258 3002 3551
4159 4217 3569
3083 3834 2055
2427 4745 1120
1633 3698 556
3248 4323 2326
3479 3930 4343
40 2380 2297
4176 4408 259
3905 4583 2917
3412 4754 3643
2115 3223 1010
2616 3702 2895
166 2366 4345
1177 1362 2158
128 624 4641
737 2781 72
2276 4515 246
926 1190 4137
3449 3504 19
2293 3206 4539
251 1126 4777
2079 3798 3260
688 4653 3567
2398 4377 4378
41 3484 3668
3224 3652 351
3161 4316 3012
1175 4186 3697
4590 4804 2502
1640 3895 690
1305 2679 4572
1933 4022 362
4717 4808 1028
2933 4643 1990
1033 1195 1160
423 3811 1469
4359 4695 3107
1341 4404 2275
1834 2566 2169
3056 3492 4475
2134 2704 2890
1883 2227 4778
1109 2739 516
3949 4656 862
4820 4978 2045
4358 4714 1716
4606 4903 3939
887 4155 256
503 4008 1389
4823 4877 1360
3310 4629 213
975 4129 4955
358 4626 1048
2525 3630 1914
146 1082 3928
496 3967 4816
2786 3919 4172
4511 4863 5
253 3744 2669
3657 3931 1262
1422 4539 2825
2402 2830 3112
1856 3706 3698
3784 4544 725
4194 4392 4311
2282 3900 3405
3237 3931 4811
150 4335 4402
3793 4854 2939
4864 4937 1777
3110 4704 239
271 3371 1831
3763 4529 2993
534 3466 669
4245 4752 4485
401 2584 4049
78 1985 3668
1724 3157 2821
1457 4931 4646
4168 4393 3347
592 1434 2146
2534 4322 4641
524 2838 3055
3010 3433 4931
2325 3490 1201
1585 3189 3266
4950 4960 616
2108 4327 2792
877 3729 2774
3967 4341 2710
4241 4507 3798
38 4915 3108
3538 3570 4643
956 2014 1817
2598 4627 1915
1399 3182 4098
1129 1802 1053
583 2283 2055
2702 3755 4586
812 2635 920
2822 4004 19
2035 4726 1862
944 3915 524
3609 4421 1061
1055 4568 4290
2148 2892 3508
117 4604 3995
1634 3356 1544
4025 4038 1647
4185 4742 1421
1401 4179 4356
4765 4799 2546
183 4391 2586
1388 4400 3295
4414 4825 1557
4587 4775 2147
3816 4718 2713
794 4487 3088
3591 4315 3507
2877 3819 4064
1786 4528 2448
2857 4635 2979
812 4939 2412
2122 4311 587
2364 3913 1868
1193 2520 3495
1470 4047 2664
2629 4359 2275
3176 3809 3209
3531 3740 311
2514 4321 2958
2232 2357 970
234 951 3495
4790 4960 2510
1296 3299 2294
742 2521 3027
2141 2834 4081
1424 4519 4255
146 3899 4342
416 1032 3827
2495 2695 4713
4484 4783 2123
2634 4897 1811
7 1274 3745
575 1487 2724
2660 4067 1464
1209 1515 2911
2128 2178 3883
2693 3992 3265
4709 4932 2629
4936 4948 4550
1060 3863 883
3572 4807 4793
224 4777 843
1577 4044 929
3033 3465 936
4941 4991 1294
3261 4774 751
2276 4055 4744
2281 3966 1477
1032 3245 1765
1941 3542 1682
4531 4944 4146
4860 4885 2488
4295 4781 4006
2976 3194 1445
2312 3113 450
4874 4959 1079
702 3148 2768
2891 3215 4384
756 2386 2572
3840 4407 2627
2338 3740 3952
3839 4679 2606
4125 4714 1161
429 515 48
3787 4705 2648
2695 3162 1756
1255 3910 4118
2174 2706 4459
4250 4641 1987
1405 2079 4761
1364 1468 1330
3675 4625 862
4015 4117 2663
46 4017 3002
255 3811 444
4809 4883 659
1079 4282 3162
3983 4927 556
1610 3938 3552
1680 1870 1836
693 2993 2325
4977 4990 4653
754 1519 3418
3961 4270 235
3460 4709 3859
4697 4725 2389
579 3313 2875
1704 2228 3993
1543 3744 222
620 3046 4660
2544 3090 2038
3355 3973 1711
545 3053 1358
2635 3279 4353
4419 4641 3897
2889 3345 914
4711 4746 2349
2929 3024 251
1607 1924 201
3392 3468 4603
51 2225 3308
843 3633 4924
3525 4827 842
292 1598 2588
1243 4680 1973
4342 4766 1210
2959 4478 2802
42 4298 4624
4251 4886 4778
2064 4487 2670
973 4045 149
4752 4964 2985
2892 3678 1367
3483 4505 562
4649 4747 3795
1736 2870 1436
384 4716 4565
4773 4836 1603
881 2390 2681
2325 2904 6
1368 3691 890
1499 1517 4527
731 3554 3985
497 1983 4508
4411 4902 2020
2161 4816 909
450 2781 1507
1316 2852 391
3770 4614 1391
1173 4112 132
3963 4966 3186
640 3169 4839
823 3536 3757
1651 3089 1796
2017 2934 627
3119 3335 298
1478 2652 321
676 2415 1743
3051 3186 897
528 1999 731
2317 2630 1254
4782 4998 746
2829 3523 1173
4228 4358 4133
12 662 4396
4307 4398 1627
1393 2393 1098
2437 3816 2541
556 3634 3859
2982 4847 1852
784 913 1918
1681 4910 1685
3395 4945 4406
929 2332 4970
3598 4953 2521
1594 4790 1408
1740 3915 4171
474 3741 879
4794 4880 3183
4000 4629 2021
1590 3039 2078
4675 4835 3835
1313 4431 1
410 448 2398
1425 4508 433
3638 4618 499
4377 4655 2081
2072 4462 3393
881 3901 2768
2477 4741 1398
3263 4572 2823
433 3393 1029
1235 4663 2537
3986 4400 1106
34 2886 1180
2645 4270 4259
1268 4030 1463
4981 4997 1655
1142 4404 4790
3684 4329 975
1596 3195 4810
4746 4965 4374
3845 4838 2408
707 3153 1999
2760 3796 3261
192 4476 2997
2574 4002 4897
310 2957 113
4704 4725 3296
2979 3285 3598
146 4934 3392
4801 4820 1130
505 567 3516
2047 4687 2969
1644 3835 3158
893 4808 2360
1338 3647 4625
1286 2037 2732
3573 4617 4451
3267 3299 2235
10 4583 1958
184 2996 873
4807 4826 3177
1297 3450 1319
1903 2233 4112
4426 4749 2347
3425 3870 486
4936 4969 2144
1892 4919 365
2892 3267 2887
940 4681 2744
123 2809 3558
82 875 1624
3318 3794 2909
3150 3478 1781
3918 4385 4542
4161 4240 1349
376 2013 1393
1734 2288 2043
1250 1580 1646
4086 4663 1939
2147 3922 4592
1791 3455 3985
4949 4973 1239
3134 4761 887
1167 4473 2373
2616 4784 2827
4200 4864 3847
1620 4475 2538
1628 1948 4962
2594 4946 2031
4179 4857 1593
2264 2345 4695
2115 2530 1824
482 1900 4268
4236 4707 2568
3673 4546 2460
4788 4821 398
3483 4358 2137
859 2180 3501
1645 2921 3093
829 1153 2280
4061 4663 565
1167 3105 3482
3558 4035 1681
374 4696 3490
2352 4981 3887
4335 4691 3068
1239 2812 237
2097 3616 160
48 4154 3009
3617 4947 3041
1984 3100 2405
1942 4128 681
4505 4871 1348
1596 1976 2535
3755 4189 4703
622 773 3812
3546 4750 4137
1895 3012 1158
3361 4009 3767
4994 4994 4003
4946 4946 2031
4335 4671 1075
862 2560 2714
1752 4982 1450
3404 4126 3098
1670 2746 1019
797 3394 3940
2416 3142 1411
2316 3362 2761
25 1540 2570
2635 3861 3695
1259 4347 2428
3594 4044 1197
3128 3862 2568
4924 4932 2332
2177 4823 392
817 2776 2024
4898 4936 2233
4907 4943 1831
3297 4301 3327
1672 3532 1487
4594 4632 2778
233 3979 4382
321 690 3226
3928 4278 4650
427 952 3482
326 4905 2079
393 4164 240
2141 2835 2767
4349 4438 3566
4013 4296 1261
523 1411 3388
3537 3695 1929
3308 3762 1095
4975 4992 4526
588 3078 3489
3923 4802 2442
4363 4589 2761
2305 3863 2579
1744 3337 4107
3608 4254 4937
2864 3982 2099
3111 4539 3066
2594 3293 3277
3815 4799 4032
4335 4742 1341
973 3170 3610
306 4791 2973
778 4459 4728
1429 3954 3501
7 1172 4819
4440 4598 3493
3549 3745 2837
559 2604 311
4714 4996 3403
1576 2152 231
3716 4408 3914
972 1580 1784
4500 4874 1022
2004 4344 724
324 3540 1448
2644 4773 1897
216 3425 2732
1680 2409 2526
4758 4868 2358
3283 4388 2852
793 3933 3438
1568 2360 2280
1183 2453 3967
2532 3478 4531
3379 4587 2341
2045 3978 3948
854 3342 4677
2571 2895 1609
2069 4461 4257
544 3173 3955
2981 4385 1068
1150 2937 2122
4974 5000 540
3123 4607 1932
2776 3019 4808
4650 4756 4261
4213 4584 3987
844 900 479
3956 4699 1599
1921 4052 1715
2555 3313 4907
1630 4288 1169
2462 3683 2573
4606 4728 1158
249 1214 566
2796 4885 1348
3785 4758 1326
3497 4787 4389
2183 2561 2865
333 1876 2010
121 4358 1585
1467 1742 3903
164 2038 3868
4843 4984 3842
1486 1670 264
1851 4986 868
1031 4927 3264
2145 3536 1859
3682 3729 984
2366 2427 2244
4856 4872 1614
1452 2744 1506
1883 2355 4120
440 4817 3767
3930 4636 3431
3644 4871 1814
4149 4733 3870
3096 3422 4405
2294 4105 2211
2092 3232 1164
4377 4385 3070
3662 4189 3696
1336 1923 4886
1642 4186 3281
4368 4633 3598
1870 4155 3207
2823 3793 4124
3373 3781 1678
4045 4902 193
2225 3662 3796
2912 4674 3755
4903 4905 4043
682 4159 2229
4043 4240 3092
1118 2219 1816
655 4926 3008
1538 1641 3104
3210 4488 1877
437 1129 3381
1678 3189 4570
4849 4876 643
557 3443 1743
4727 4773 813
3168 4886 4205
2847 3649 1155
1636 2957 2597
3903 4231 2824
150 4465 3518
4015 4867 389
2512 3226 1710
1216 2117 1771
4749 4833 3381
431 521 3400
4961 4978 2607
3732 4998 2636
2656 3635 3212
2229 2793 3813
1972 4690 817
4684 4832 4876
345 2545 4111
3956 4868 4720
2204 3678 2892
4466 4889 899
1853 4386 617
4845 4939 3688
3849 4305 1786
1279 2669 2149
3944 3990 4971
4480 4502 4705
4289 4628 3836
1492 4300 3010
3349 4502 944
2970 4136 4202
4986 4989 1924
971 4380 2412
770 2647 110
3295 4570 1246
2164 2393 2831
3797 4372 384
1254 1761 210
4985 4997 4006
4460 4748 1582
4317 4957 4293
1616 3980 3038
586 2185 3690
3188 4665 299
3674 4312 2597
3225 4844 4438
3284 3746 1475
2799 4065 3315
1475 2904 3194
4785 4856 1704
2583 4233 4641
330 2904 2241
4494 4907 4462
2904 4477 3946
2276 3909 4151
4949 4997 1368
2957 4271 4249
3004 4394 4800
4864 4909 699
2839 3742 1057
4424 4822 1811
1272 1457 529
13 1444 1218
8 2893 3394
238 4483 4073
858 2100 96
3043 3557 1425
68 3734 569
1025 3866 1462
3005 3188 1174
3443 4712 3043
3831 4461 4858
4926 4982 1286
295 2479 511
245 4803 3173
4334 4535 1112
2131 2724 2835
4729 4871 4093
1657 2149 2257
2677 4986 1262
2220 3002 1914
716 4661 2555
3835 4485 1383
2493 3534 1882
1832 3922 11
385 3232 2737
2333 4880 1937
3845 4805 3324
3452 3653 1248
2961 4162 3771
3255 3617 752
2061 2999 3056
1646 3342 3930
2692 4089 1777
2910 3459 4514
3997 4658 4459
1720 3577 2141
3327 3333 506
1570 2107 1572
4092 4510 1750
3961 4079 859
1940 2552 93
305 1868 3812
4382 4834 2575
1809 3078 316
1617 4747 3059
4382 4443 1775
4710 4823 2004
3693 4280 4643
4048 4646 692
2396 2874 3533
2154 4745 23
1569 2439 795
3965 4828 1465
1000 2320 286
3448 4452 2985
715 3794 860
4583 4891 4907
526 4205 1548
4326 4386 3528
2672 4616 1237
2025 4378 1982
2000 2424 3001
3344 4262 4361
3483 3608 1075
478 1151 2131
1105 3377 3156
345 3016 4386
3826 4845 4943
972 4092 4015
394 581 384
1551 2990 4369
1493 3572 3022
2176 3524 2288
2052 2255 4017
770 3527 1243
2703 2798 4813
3280 4148 2239
3042 3094 1357
1243 3627 3049
3413 3771 4320
4064 4127 176
3502 3966 2213
3222 4209 293
4044 4568 2137
1570 4650 2117
2665 3285 1623
3774 3795 2166
1565 3008 3798
4944 4949 2444
704 2036 3163
4092 4241 2807
3769 4755 3625
27 1292 2775
941 1717 4305
3065 3130 2875
429 1098 3922
3063 4319 3016
986 1954 53
3446 4114 4760
3942 4292 3412
1036 4776 938
1216 2986 4109
4348 4382 3208
384 784 4106
3173 4288 2982
2298 4827 4405
1135 3402 1275
4952 4992 3920
3714 4684 3573
2534 3681 3725
3408 4354 2833
273 3846 4108
3268 4512 2024
9 3990 3968
509 2726 3620
200 4477 968
3863 4651 3246
3612 4449 52
1258 1503 4998
2403 3658 4915
4322 4541 531
1819 3461 1909
1145 2924 1577
4389 4874 2364
1301 1722 2545
1245 3583 726
2534 3043 2169
3139 4611 2116
4974 4980 3509
93 4473 2425
500 1523 1731
4150 4672 3174
1449 4471 1584
1659 3116 2764
4329 4539 491
353 3841 182
2353 4997 1295
2592 3682 4146
2046 4521 4777
184 3080 4361
3579 4636 4947
1410 3667 315
2535 3965 4306
4411 4713 1478
4598 4977 4909
1720 4215 715
2664 3409 1470
1008 2927 4508
4989 4998 3292
4232 4266 2270
1027 1536 1196
2495 2711 1163
4193 4518 2929
1226 1545 1914
4835 4849 4580
3801 4880 345
2850 4494 4547
4197 4681 448
1171 1185 2763
2693 3088 560
3033 3881 3467
3988 4126 4573
3271 4712 2999
4875 4944 3254
1410 2586 2088
4590 4763 4270
3125 3240 1837
2073 4237 2395
1836 2538 3534
732 1100 957
2066 3617 4952
1327 3346 3327
4570 4699 4171
1483 3392 2779
4820 4978 2158
485 3128 3004
4489 4835 319
3116 3465 4777
2461 3160 4339
2247 3434 4056
1836 1891 4705
1179 2724 304
2934 4482 3664
4546 4973 3852
2056 3518 1328
3004 3667 4035
1274 2515 4572
1796 4525 3808
953 2330 3195
2160 3725 430
2910 3806 2278
3738 4803 3291
4132 4139 2016
3083 4834 2758
182 2792 1476
3150 4645 554
63 2000 1850
2236 4536 2487
3152 4486 205
4200 4448 2678
2522 3926 2315
3400 3559 2556
3390 3803 1538
873 2928 11
669 4881 1734
4964 4997 1529
4923 4984 169
216 1511 249
957 1458 2244
3595 4698 1699
3232 4561 921
3271 4638 1320
2712 2811 2669
251 880 1405
790 4369 3013
4233 4738 1970
1696 3992 196
3571 4935 3850
2197 3959 3539
178 4076 4279
159 324 3264
1775 2960 4509
3366 3556 2077
1705 3322 595
3198 3439 2111
1490 2815 872
4301 4742 1535
509 890 4372
1980 3727 261
1099 3021 2766
4918 4949 15
4015 4622 1946
685 1071 4157
1307 1929 3079
3428 4975 4547
4185 4235 2644
3627 4004 3470
1166 1611 4648
3315 3574 3075
2322 3220 554
3443 4758 611
337 509 3071
3824 4710 4768
312 1581 1767
4864 4991 3325
1969 2144 3451
2346 2762 3125
4811 4860 45
4835 4878 1308
3670 3808 1401
1649 2219 3736
4300 4664 3255
3651 3828 1906
983 1696 1710
3613 4599 3242
1806 3998 391
3398 3508 436
1384 4613 3924
2293 4837 4121
1346 2480 1681
3266 4521 769
4427 4937 3231
1230 2381 1722
4275 4376 4630
2593 4364 2619
3324 3531 3867
611 1720 3028
334 3387 1814
2290 3707 175
3757 4179 771
1819 2116 4865
543 4111 1263
2067 2698 4475
2368 2372 3653
3377 4948 1652
3723 4229 3967
4615 4678 557
821 4274 1132
1968 4183 592
1827 4186 3013
228 282 1806
3582 3719 2104
1297 1857 1230
595 2903 1816
2426 3033 2240
598 4680 1521
997 4447 264
4017 4387 4431
1821 4909 3597
1570 1620 2298
4106 4112 902
2173 2551 1699
2419 4729 216
682 773 1991
3176 4068 3477
2201 3054 4611
2819 3280 940
1464 3683 2766
4907 4963 3370
1163 4185 1263
4432 4830 2688
517 1903 2655
2268 2279 3005
2779 3693 4411
3473 4226 3199
4328 4723 2485
935 4273 3256
3740 4395 4895
1140 1164 260
2978 4773 4087
785 1338 962
2377 4030 874
1192 2610 4465
851 1623 927
3481 3525 2810
3253 4720 1556
742 2674 2358
1065 2015 1785
3612 4963 1010
1453 2081 4784
868 2128 3806
2691 3032 2082
488 3258 1516
1059 4552 4674
202 2912 250
3061 4101 4456
255 4859 2659
4922 4936 538
510 1374 3924
4569 4965 864
2944 3079 819
2229 3531 1061
567 2287 4040
2939 3931 3331
3809 3979 3422
319 613 3595
640 4129 373
4334 4441 3925
892 2671 4488
2106 3157 3062
3305 3909 790
3923 4548 974
739 4743 1161
169 1995 2467
364 4826 2056
81 2055 1408
2101 4243 3370
1038 4618 2469
4096 4861 1663
2963 4841 1490
601 2036 801
299 3179 3818
4053 4686 3587
3195 4805 2289
3529 4462 3317
3356 4641 1060
4850 4882 4509
3052 3514 4212
2965 3374 388
1569 2017 2030
4233 4946 1722
436 3045 2069
3345 3442 1161
1532 1745 3895
1910 2064 2547
4198 4202 1903
3198 4913 3835
2817 4206 2222
2039 4709 2470
2814 4332 4053
1788 3894 4867
3999 4865 623
2873 3775 2925
3392 3711 2841
4860 4865 685
2413 4873 4016
4405 4554 3628
775 1827 2453
318 1677 1015
1429 2713 1326
3579 3649 302
2715 3329 3435
3659 3774 264
3166 4056 2543
1506 4661 447
2764 3629 433
53 4345 3911
4677 4776 1085
1382 3979 1786
1073 3510 2474
4360 4813 1005
1035 2796 3367
1807 4276 3884
3706 4667 39
4341 4981 1308
4792 4939 3003
2367 4165 3550
4662 4692 4949
1168 1719 670
1005 2750 3677
3828 4569 4128
3457 4996 663
2816 4166 3376
4755 4950 2386
1436 4021 323
298 435 1803
1385 4308 1822
4005 4069 662
102 4031 3898
3362 4647 855
658 4617 2356
721 4457 3718
4812 4874 1664
4548 4736 2301
3880 4216 3145
1876 2443 225
651 4574 692
1156 3017 2809
399 2514 1997
2472 4964 2310
136 3989 3695
907 3139 294
3613 4727 746
3038 3589 4122
39 1947 4502
484 1141 4898
48 4465 4121
338 3030 4311
2769 4623 4087
4626 4910 3716
1584 3441 256
1392 2653 2388
1216 3447 4787
3437 4299 346
3757 4386 2505
3713 4164 3600
1334 3781 2867
4737 4796 2676
4469 4948 530
1744 2943 345
1010 1329 2897
1614 3423 4607
1690 4518 3095
734 2325 2746
4852 4869 295
4540 4702 2623
1782 2638 1513
3267 4815 1043
3330 3564 2210
4757 4810 972
4156 4803 461
3911 4592 3550
388 3828 1996
1639 3405 2022
2707 3760 3934
3553 4242 1269
4245 4660 4103
349 1759 3292
884 3587 2659
4822 4927 3481
1300 3304 4562
848 3996 2974
3907 4156 2320
1704 4323 760
2317 3491 525
3910 4152 1061
3732 3969 2396
1765 3407 2961
1305 4354 2147
4471 4508 2024
3493 4750 373
2089 2928 2234
1179 4377 1934
2194 3540 1722
3727 4462 3028
3049 4223 3940
139 4603 423
1659 2977 927
2954 4740 3110
3438 3771 2427
3004 4148 4175
3347 4191 1029
2121 3795 4422
586 4127 385
2297 2767 727
2523 3745 4681
3348 4218 1674
861 3957 3043
1434 2468 1812
4312 4325 2232
3856 4126 4427
2202 3685 2713
2408 3514 4529
3206 4130 1090
626 3342 484
3550 4898 4176
2829 4656 4728
3193 4473 1854
2005 4457 4384
2742 2902 3626
4703 4826 3519
113 2769 2902
4885 4973 2296
172 3171 1483
892 3620 1208
1712 2283 2023
2380 3201 1177
3417 3681 1272
3691 4259 2570
849 1032 3421
3816 4728 4526
2728 4497 727
1114 2912 4815
2096 3178 4570
358 3379 2643
3401 4397 994
2129 4778 945
1234 3882 1737
3726 3868 3301
549 4096 2158
1300 4206 96
4126 4854 1749
4203 4387 2773
2052 3220 1384
776 4867 460
1000 3894 933
3032 3625 4102
2062 4741 4887
1545 3745 1580
1440 3756 3871
4637 4724 4422
3571 3627 1693
313 4895 2159
4251 4590 3607
219 2764 1273
3315 3878 174
3837 3901 101
1436 1538 577
4928 4992 56
4956 4984 806
172 3876 3804
3628 3791 2318
4048 4061 1934
1084 2293 1095
3605 4348 4508
3442 4755 3704
2342 3273 2336
554 2248 1736
1651 2138 1934
272 3142 1839
1213 3082 4612
4678 4697 2281
4197 4516 1257
3649 4764 3603
3490 3868 1526
1549 3305 2948
842 3427 4282
468 3967 4111
3997 4876 127
4782 4853 3631
4408 4587 47
2319 2406 3819
3952 4215 3983
266 3390 612
3928 4474 2159
4675 4880 1514
4651 5000 3053
3113 3576 3263
1083 1782 3374
3899 4119 1284
4610 4695 2371
3030 3859 3484
1388 2761 4070
1753 4204 4197
2386 3126 2919
2657 3212 2254
3096 3876 2062
885 1801 2384
3530 4760 309
1300 4436 3259
579 2275 3114
4680 4741 3626
4487 4654 3580
3563 4285 2101
862 2354 2803
3380 4291 4571
4196 4876 3576
1049 2843 410
2136 4473 199
1654 2306 3651
4416 4456 182
759 1166 3021
1070 3488 4945
2732 4856 4320
3882 4710 967
2614 3244 465
824 3621 440
4044 4336 70
1137 3772 4686
4659 4758 568
4186 4577 2989
1231 3314 1704
18 4218 403
1715 4090 1863
2292 2444 3494
2146 3452 968
1954 3014 1251
3097 4456 2963
2755 3408 4844
445 3304 4775
540 2656 3434
935 1409 1954
791 1059 4352
3159 4696 4653
2239 2942 1063
1921 2493 1050
2981 4443 2256
815 3995 4796
3348 4540 4378
1984 3820 489
3180 3556 2966
3817 4595 2727
4812 4846 4312
550 4728 3555
3437 4518 1451
4115 4494 2306
14 4056 4036
898 2665 89
203 1873 2727
2055 4084 1496
3552 4244 2757
1980 2502 3626
169 2647 3327
82 3113 3244
951 4208 3319
1084 3613 3248
1448 4801 455
455 4272 190
2569 3775 4208
3579 4587 4398
3914 4595 2507
753 3294 2333
2284 4501 337
2172 3593 1971
2651 4421 3667
4698 4888 2298
4683 4851 3236
3510 4112 884
983 2403 291
4556 4663 3540
4554 4704 547
2901 3346 2751
2204 2428 4311
1531 1963 4673
4813 4922 3234
4667 4850 3543
2370 4940 1373
311 2322 4085
2639 3448 930
869 3439 3151
4341 4799 4045
990 4085 2305
1206 3094 3203
4915 4997 566
2462 2502 773
3750 4053 1119
2893 3930 513
4301 4694 3860
828 4677 2435
2608 4252 4679
4023 4310 2376
353 4681 3854
328 3806 2337
3965 4939 280
4869 4939 4911
97 2928 16
4078 4832 1680
4288 4325 709
1110 2068 2538
2953 4800 962
1694 4869 1411
1137 2170 4727
3252 3343 731
282 3803 1523
1421 2625 2701
2065 4086 3715
270 3178 2711
4839 4947 2740
4521 4578 830
3423 4936 3941
2245 4945 2406
956 4700 4093
3657 4210 2712
955 4389 3712
2851 2916 1685
4716 4809 3959
3905 5000 1000
4515 4700 566
4839 4901 1143
3986 4294 2980
1309 4365 1582
714 4361 2276
4416 4482 331
1060 1787 3106
2183 3119 1816
948 3113 2186
3809 4715 1287
1687 3590 2274
1073 1401 1036
4896 4985 3193
3204 4010 2515
3735 4319 2087
1461 1704 166
595 706 606
304 1185 2457
3669 3979 2518
4652 4872 363
1031 3207 4856
154 1732 424
2820 3689 2502
4777 4900 4831
4739 4939 835
1190 2644 3409
1737 4353 2351
1543 1797 3370
1992 4716 1707
1593 3650 4459
3730 3920 430
4372 4977 2399
2521 2653 24
2020 2691 4272
3829 4546 4055
3757 4077 3146
3350 4639 2004
3738 4810 2453
293 2148 693
3639 4021 1091
2450 3675 4691
644 2253 3008
1488 3100 4202
540 3609 2124
3022 3306 4079
1167 2896 2062
374 997 3482
498 2026 459
279 1162 23
3033 4568 4256
1958 3697 1021
1937 2036 2085
1549 1903 2013
2763 3742 649
301 2053 1839
3566 3770 4906
4610 5000 4427
661 3877 3126
1690 2254 336
2080 3842 575
3522 4317 1496
4364 4704 1898
603 3085 4155
2941 3887 3028
1186 2778 1017
1497 2172 4517
2227 3232 3268
294 3697 3457
1942 4910 2763
4654 4933 2995
2356 2745 1106
2862 3251 4590
3275 3694 2311
4009 4055 1740
3068 4176 4850
3170 4623 3325
1740 4720 2152
4691 4738 3254
1710 3725 1602
3925 4800 1928
2387 3606 3663
2903 3340 4112
1561 4979 1874
3698 4094 279
2730 3786 4654
2147 3512 4372
2054 3001 4663
2777 3381 3625
3991 4556 2083
4894 4901 2943
78 3870 2473
2102 4070 1107
3680 4590 861
1652 3030 1590
486 3468 2611
1438 4072 4302
156 485 4378
4018 4906 4905
2804 4270 3839
2730 3054 56
1414 1780 4017
918 2447 3960
507 3549 1556
3060 4284 3122
571 1120 76
3445 4720 1000
1097 4477 3206
1874 4845 4725
4631 4831 4086
2214 2883 4786
4760 4993 948
1450 2593 387
562 1527 3756
4005 4130 859
2291 4612 1410
2295 2982 4842
4731 4948 3692
2783 4835 1706
1714 3522 3170
1835 2208 59
4976 4991 660
4439 4776 2049
700 1031 1807
3369 3418 2831
4287 4581 1560
1288 4441 3511
3557 4426 2826
3070 3491 4561
4224 4513 2514
4961 4971 1013
571 1277 1355
2063 3542 764
4838 4964 3254
3742 4626 365
1715 3765 2966
1280 1298 4959
4847 4875 4812
1891 4056 3254
1720 3142 2803
3651 4936 4889
90 847 802
4032 4700 4016
1993 4729 4845
4616 4755 1367
1071 3129 1137
1768 4965 3650
4639 4937 570
4814 4972 4418
4488 4993 4577
3173 4781 3362
985 1235 4218
2208 4401 4696
4330 4462 4744
689 4514 394
4561 4580 1268
2815 3138 166
2063 3976 1086
4843 4883 2179
3963 4814 3786
1369 1470 1072
42 2769 4122
1320 2006 3422
4883 4963 4258
370 381 1762
2868 4201 4478
4986 4989 431
3712 3792 1159
1841 2364 1317
2073 3366 2180
1752 3975 3759
2627 3352 1804
3352 4445 2369
4850 4974 258
913 2279 3277
2641 4790 377
60 2747 3178
1734 2701 2366
4382 4580 3037
938 1417 3090
3995 4066 4012
1215 4511 3301
717 1594 561
2129 2987 3322
1692 4090 4252
1243 2641 2566
4336 4847 3577
2202 2494 4557
4032 4808 4351
403 3807 4037
2526 3522 3784
1828 3667 1788
4385 4473 1008
851 4913 9
1434 4898 1232
1048 3783 1835
2265 4393 2650
3578 4760 3165
1732 3483 2485
2245 2797 620
2359 4840 3376
1872 2367 2182
3090 3718 1622
3497 3759 2754
680 892 4795
3675 4102 1974
4295 4779 1686
1063 2669 2586
191 2732 1270
1012 3163 3943
1655 3731 4974
546 1816 2375
3129 4455 1346
2076 4342 1259
2022 3992 3125
3644 3725 4036
2043 2684 1825
1473 2658 2635
794 2383 2169
1625 1833 2448
1527 2545 2281
4550 4900 1978
3013 4985 4885
4772 4943 2757
2912 3477 1588
4342 4618 895
4155 4865 4456
2759 3928 1379
1014 4209 932
4034 4642 1727
1128 4164 2196
3207 4394 4656
2144 3711 3904
1231 3682 3712
1481 4535 1437
1836 2715 1535
2835 3895 3259
1929 3898 119
1562 2891 2276
4048 4603 317
4516 4674 1179
3737 3837 3263
347 3656 12
4749 4789 287
3280 4952 1245
1246 3624 1487
4167 4887 1176
3083 3918 1214
2386 3509 1087
2249 2987 2697
2163 2643 3186
2456 3832 3599
3294 4951 1901
3466 4925 4015
549 1010 3165
3307 4308 32
4416 4693 3038
2551 4159 1409
3103 4009 3605
1029 1300 4210
2796 3191 4610
3008 4326 4126
3717 4653 271
1696 1891 2602
1231 2478 2031
4776 4980 2004
3014 4963 905
2457 3282 930
1569 3771 2459
4449 4933 4590
247 3381 3226
3403 4233 4323
4666 4673 2096
382 2270 2509
3342 3736 1133
3493 4771 59
1970 4382 737
2545 4426 4106
1792 4525 2441
4016 4060 78
2653 4740 4710
1779 3720 1232
412 2121 1192
4431 4679 1407
1599 3264 4724
1501 3596 3639
1741 1982 4894
3931 4774 4905
4043 4866 1623
3751 4482 1525
312 4083 774
4024 4397 422
258 3260 1266
1978 4088 4423
4691 4701 2126
3048 3325 1418
1098 1969 2763
3678 3905 768
2633 4761 4744
448 2949 350
30 2124 1871
1161 2012 2745
1327 4633 3087
747 982 1800
3422 4084 2431
3730 4331 334
349 2197 3842
2101 2120 1820
4319 4848 2544
2053 3699 1651
3199 3752 150
3725 4128 2994
3100 3384 1638
1303 3039 4975
224 2644 4651
4769 4804 3237
4442 4703 2538
3890 4336 1560
821 1470 1959
1462 3913 699
1876 4742 2057
1964 4596 3107
3016 4177 704
1578 3638 4397
2463 2714 2987
1616 4010 3446
4776 4963 1705
270 2810 538
542 4532 4830
4982 4989 3442
1094 2763 4474
1793 2495 2933
4162 4218 4867
317 2263 1465
3078 4993 2766
4311 4403 1366
3026 3708 2614
4043 4575 3563
4228 4359 4178
1106 2789 570
3862 4921 744
3134 4773 2804
3604 4182 2854
3493 3568 897
4289 4901 667
1544 2964 1027
3051 4805 1169
4135 4498 2106
986 4674 3009
635 3033 2431
3546 3801 2711
300 1254 3376
2981 4777 2124
3620 4537 1845
2846 4905 968
486 4037 4671
2843 4629 2645
1396 2680 3128
3156 4253 1684
4097 4632 2883
2984 4958 1846
1874 3922 2133
4326 4399 3896
2034 2927 3737
3575 4302 1689
1318 3111 1159
3397 3602 3488
2803 4660 1303
587 1201 557
215 229 4056
4775 4883 4577
3408 4559 3687
2961 3684 2750
3467 3517 728
1418 4420 3014
111 2553 4990
2169 3486 676
1948 2522 3563
2327 2784 3292
997 2229 549
1212 3921 2345
777 3832 2963
2770 2950 1465
2141 3546 112
2379 4390 2708
547 1216 1062
515 2646 138
1774 4992 4287
4306 4861 2194
4625 4867 135
2963 3983 1488
1525 4504 3989
3051 3835 416
4378 4625 1842
3985 4317 2671
3479 3615 4171
1891 2011 1916
171 2926 2309
2051 3076 504
2645 4394 3228
3757 4462 4603
4179 4455 4357
243 4797 891
1447 4669 2088
239 3608 3705
3632 4593 3849
4591 4993 771
1396 2857 2398
2089 3189 3059
3598 3989 195
3744 4136 3849
4298 4528 3765
3033 3958 2455
2790 3931 1550
4534 4924 2743
2352 2617 907
974 1649 2274
4695 4903 2654
2561 4547 4445
4848 4905 2939
3667 4289 4845
650 1591 3201
987 4125 636
2242 3975 1384
980 4554 2744
3384 3790 3110
129 2534 1464
2417 4185 2548
4079 4153 1759
2372 3058 3021
2129 2929 3744
1921 3261 4096
2654 3190 4411
923 1820 3003
3829 4097 156
1785 4460 2290
2412 4756 2621
4804 4884 2595
2124 3397 2202
1519 4613 1230
473 2524 956
1527 4104 2394
1188 3460 4146
3702 4124 1442
647 846 2838
5 3646 758
1995 3274 1735
1113 3163 4660
4899 4901 2774
2113 4893 4214
1343 4266 2915
2620 3029 528
1606 1969 1614
1415 2195 4266
1902 2335 455
200 2020 2077
860 3010 1695
412 2943 2348
990 2064 2772
1109 2190 1653
1844 4371 1528
4054 4831 3226
4192 4788 4845
4746 4802 3019
2397 2704 2343
4294 4300 4859
982 1005 3995
1847 4186 270
1955 4899 3654
1848 4777 2328
772 1188 2392
4447 4549 319
618 4266 3772
4380 4411 1957
3702 4898 3827
3192 4489 1414
954 4276 1729
3552 4913 1077
571 2716 629
4772 4917 3839
4399 4558 1120
4454 4809 1210
1104 4622 795
1209 3309 119
2799 4474 3173
2144 2177 3172
1901 4209 2595
293 389 4673
4975 4977 1564
1679 3135 248
4245 4292 1301
4058 4622 4081
2861 3386 3196
3853 4690 4067
1224 4902 1727
4897 4945 782
4160 4564 4405
3671 4318 4840
509 4398 4484
2413 3044 141
1764 3560 2242
3961 4508 2098
1636 4397 2102
1529 1707 3207
3699 4736 563
1338 2046 656
2493 2565 4364
2341 4897 3123
3447 3826 4374
946 2584 940
1543 3072 2342
2492 4346 672
3110 3145 657
4949 4953 1351
3740 4068 1401
588 2375 3846
2278 2534 3477
1892 4914 3359
723 3624 1745
2493 2948 3315
4223 4606 1249
78 2658 3919
242 728 3380
3674 4503 431
1253 4354 677
131 2562 3214
3098 3168 1083
3764 4226 2387
1658 4696 1957
1498 4815 4858
4398 4969 1652
4300 4531 305
3163 3437 2445
3298 3549 1774
2419 3066 1618
2653 4890 1447
2654 3806 4240
3391 3470 1197
2773 3795 3429
3214 4315 3629
449 1781 3992
2373 3207 4765
1923 4547 3657
794 4850 628
1812 3344 4844
3878 4897 4001
3704 3775 4783
4783 4930 3918
4935 4965 3258
2483 4144 367
319 1488 4377
616 2861 3428
593 4021 2001
166 2595 1724
3352 3512 3218
1800 1857 4547
1850 2701 4672
3667 4561 3368
1248 2305 4092
3560 4912 3341
3114 4899 66
3304 3406 833
565 4840 2669
2870 3666 613
2252 3953 1200
2047 4668 2486
4554 4864 3548
2750 4439 2711
1509 4194 3534
3964 4616 854
1306 3344 329
4043 4712 57
1272 2478 3749
2182 2877 648
2606 3658 4949
1100 1953 1196
3918 4782 4972
1730 2414 290
4652 4960 4040
4021 4224 3726
974 4755 3698
4272 4885 79
149 4326 4224
241 410 1843
1325 4483 4013
917 1011 1018
3375 4211 4081
3334 4604 1006
2462 3780 3822
4880 4898 2198
3755 4671 2883
3656 4822 4852
2101 3563 1356
944 3111 3927
227 1268 2278
1934 4988 4890
3766 4819 2636
3141 4588 1110
476 1376 3537
3692 4805 4672
2479 3723 793
3457 4474 3385
4749 4846 1891
1646 3288 1081
3820 4989 3551
4663 4956 1747
1474 4341 1793
3921 4384 3477
1669 3984 4424
2160 2763 3620
2225 3954 1071
1835 3746 4079
3569 4086 279
1201 3892 4778
147 1125 619
3885 4542 3184
3610 3801 388
1528 1926 2272
668 1681 2014
1944 4898 4658
3479 4506 3617
2766 3436 1108
4552 4863 4500
3694 3707 3719
1888 2019 1482
4022 4485 318
3396 4920 4169
4232 4966 3433
4708 4893 2679
1538 3371 1761
563 1472 696
2096 4356 4152
1750 1789 2855
3219 3666 4933
1194 1652 167
2256 2883 4151
1196 3287 4916
4336 4782 1694
2179 4098 4891
4778 4990 3223
3775 4025 2822
547 1231 4378
4165 4643 2581
2643 4092 4413
4003 4253 4926
4487 4765 1125
563 1679 4321
438 3616 778
1919 2119 1181
4531 4606 79
4775 4831 3551
2626 3146 1041
2120 2788 2683
2934 3044 4484
4356 4540 983
3109 3490 2476
1342 3541 1112
256 2060 365
318 4030 1849
2756 3252 57
735 1189 2620
4115 4988 990
3785 4127 772
4676 4787 4273
1306 2343 77
2374 2464 2672
4014 4615 4750
2533 3232 1710
2533 3266 2733
1734 1997 2944
4825 4988 2926
3566 3915 2187
3114 4883 1644
3251 4540 2346
558 665 4181
1332 3096 3654
3935 4187 3913
211 4340 2943
640 4811 2247
2826 4674 4520
2758 2860 3521
3042 3386 3564
4037 4714 3513
1571 2551 1496
3790 4406 3389
283 2502 4446
851 1261 347
2659 3820 405
1851 4367 3468
1607 4941 3485
932 2963 1529
1057 1425 1946
984 2208 4457
3603 3631 2173
622 1769 3521
3225 3618 29
1983 2434 4244
438 4468 2113
4815 4950 4668
4457 4892 4367
1082 3062 4380
1873 3781 3336
2312 4119 2008
982 4449 1643
3796 4417 2420
1763 1867 689
2623 4177 2015
1771 4103 4841
4863 4912 1862
1893 3214 2958
2856 4036 2320
3923 4583 4401
4245 4926 3783
1905 4433 710
1941 3101 286
2174 4338 1722
830 1448 2777
4684 4727 2729
1998 3950 1195
3623 4753 2966
3014 3674 1723
2317 4571 2424
269 3404 4654
2148 2197 1734
2758 3502 1504
252 2145 1917
4432 4558 3270
562 2267 4602
87 3240 1284
147 3926 1918
1892 4862 4413
3261 4934 4428
3072 3930 2831
3071 4802 758
3837 4107 2719
350 1135 1904
4611 4869 2285
257 1023 4381
3117 3732 4177
2346 3186 4955
900 2413 2708
2949 3524 1770
2690 4775 3423
2178 2640 1545
544 4938 3414
1346 3374 4236
237 1085 3983
3899 4678 1487
377 4850 659
438 964 645
4682 4848 1798
3441 4053 3139
4975 4989 1412
1126 4905 1577
3941 4468 732
4199 4946 3411
60 1698 1202
465 4215 581
2287 3699 1842
979 3092 2289
4102 4987 944
2361 4189 753
341 3963 1677
2065 2391 2947
954 4835 2989
3315 3922 4987
3471 4535 2767
3437 3626 3465
3433 4071 2966
2993 3527 1279
4431 4468 1495
833 1783 3298
4062 4732 2122
224 4279 1566
61 2066 2725
112 3641 1126
325 4823 1899
2064 4295 3537
1971 2533 2714
2829 4162 666
380 984 1131
4453 4646 1206
1250 1476 2028
923 1497 3724
1280 3775 160
4956 4962 1750
2199 3339 2174
2371 3798 3886
3405 4276 2423
1077 1483 1330
3510 4771 537
217 455 4055
4634 4707 1794
3175 4680 4282
1497 2374 1377
4180 4330 4209
1828 3335 807
2618 2800 1014
4312 4997 4849
4265 4999 3465
4722 4923 2647
4838 4953 478
640 3845 4861
2221 4655 2394
4624 4624 3901
828 4527 4531
4005 4928 1318
842 4719 1619
2684 4791 4562
3921 4876 2855
893 4836 2350
3240 4617 2709
181 1802 2058
1912 3513 638
1066 3590 1985
89 295 1797
4150 4884 3222
8 110 999
2011 2919 4621
2139 4538 4712
4501 4967 1510
4617 4803 2281
2196 2655 1443
1548 2238 3660
207 1123 1587
4111 4470 4871
2370 4301 93
1142 1415 3281
1100 2865 118
3173 3481 3357
4434 4638 976
1209 1689 3910
75 902 1982
3891 4735 2677
3062 4697 1239
4295 4934 3687
3669 4170 1957
2209 4567 4591
2525 3446 2481
3754 3766 1998
2662 2998 428
439 1687 2646
234 2622 3392
1260 2729 3725
1363 2916 221
348 3480 2531
1108 3219 827
1312 4074 3893
2986 4743 806
3209 4370 1482
1123 3373 3146
2533 4375 3378
1863 3392 446
1556 1633 380
1731 4167 477
4936 4978 1124
3283 4793 4002
3508 4510 916
2230 3526 3336
2522 3254 2958
461 2636 1768
1458 3440 466
4395 4707 2427
381 3831 1899
1152 1910 925
632 4964 4875
469 2393 2319
1409 2854 3776
4631 4990 4230
659 966 684
206 758 4928
3649 4170 321
2951 3833 2183
1005 3527 209
4619 4878 910
4081 4911 3743
2929 3575 1238
3831 3841 4676
3275 4890 776
544 1362 19
3616 4047 2186
4873 4966 795
3946 4124 314
266 2806 4634
4390 4969 4797
4907 4947 1066
4484 4486 3473
1480 2926 3522
