5000 5000
487 2095 2567
4158 4349 676
18 765 4694
2596 4982 3987
933 1477 4548
4330 4423 1577
3619 4091 4982
2304 4822 2527
3470 3956 287
1688 2100 1671
3013 4440 3684
516 3450 2235
235 4685 3748
1816 2310 1891
3570 4778 1708
3214 4252 2626
1767 4495 4868
845 4157 3157
3731 4276 1
4119 4213 3347
4498 4688 167
2326 2740 4673
3878 4249 2669
4193 4975 4172
2905 3318 2668
3472 3715 49
531 853 1464
1815 3000 641
1683 3053 1113
1877 4792 4495
2966 3879 2017
4039 4607 3849
4428 4674 3113
1448 4347 1420
896 3704 2933
4805 4953 4587
4898 4914 3516
685 3761 608
4465 4689 1040
618 3710 3131
3859 4476 117
2886 4432 4885
3228 4758 3122
4655 4658 2420
4449 4894 1556
4931 4987 1764
899 2197 2867
1762 4608 2146
3388 4051 3829
1928 4397 538
4848 4932 665
771 3016 605
3437 4715 754
2953 3615 2138
2068 2530 3463
976 2680 3069
4735 4897 3922
1486 4080 97
1926 3163 1823
2511 4298 1055
4032 4422 362
484 2232 4489
3247 3350 2173
1512 3687 1992
4207 4591 2542
356 666 2646
1018 1926 3173
4853 4885 723
4020 4574 780
1890 1950 1533
3634 4461 4194
3104 3759 3075
1114 1610 2780
2887 3712 273
118 941 375
800 4450 3187
3876 4568 3057
497 3515 1288
3766 4181 4300
1803 4408 4663
3880 3927 3931
4227 4337 38
1703 2067 2952
1794 3640 625
649 3525 4614
98 4516 1516
1478 3183 1295
1318 1407 393
2100 4299 3453
4218 4471 763
4538 4708 1320
2288 3343 3891
205 3010 3471
1069 3636 2565
820 3491 201
1534 3283 2277
3630 4154 1779
1268 1591 1851
292 3803 254
2878 4395 2858
284 1654 2984
4568 4664 1902
752 1531 4505
3539 4568 742
4110 4381 4846
3219 4633 4917
2819 4305 2115
4994 4999 3550
4215 4829 4134
615 1247 58
4328 4869 1564
2043 2880 1402
1256 4171 1800
3534 4954 4599
1193 2952 2756
909 1705 1424
659 2047 3455
1486 1918 2772
59 906 4909
1193 3980 1983
2115 3015 4690
2475 4749 1430
59 2359 371
857 1805 3432
4147 4221 4937
4992 4998 395
2505 4949 2668
3459 4622 3356
1001 2306 3868
3121 4544 1719
366 850 802
963 3620 3400
1551 3169 2326
4306 4804 1184
4728 4917 1964
80 864 3653
3521 3861 791
935 1842 1271
4633 4713 3526
3990 4339 1612
2752 4697 158
1877 4541 1754
3107 4448 4418
4666 4768 1901
808 2135 2108
856 4931 2360
2176 3329 4774
1359 4404 1358
1892 3610 188
4375 4929 2085
1442 4522 2233
756 2283 1579
1862 3691 2290
1636 3008 3112
2421 3419 2808
4865 4899 379
1093 2780 2399
929 1723 759
370 2577 2212
3677 4645 2751
4211 4821 4615
4329 4540 2474
4339 4400 1049
172 1990 861
3580 4622 3160
4570 4869 2410
2579 3032 2781
4666 4674 4557
4284 4584 4091
2464 3564 3227
1211 3385 1712
4562 4834 2497
1231 2241 3071
2370 2680 4698
4700 4914 3755
957 3706 382
3305 3690 1504
427 3638 4056
3557 4994 4582
2284 2334 2707
4115 4883 2804
4182 4779 1194
3852 4063 2810
129 3209 115
1213 4695 2547
4294 4901 4228
4458 4974 4952
4678 4839 2111
4095 4923 2648
2997 3437 4954
109 4292 1905
3546 4516 1678
3857 4124 2257
2685 3793 2134
524 2985 2227
4213 4670 3509
1585 2468 1953
2602 4143 2577
2172 4330 5
1421 1579 641
1805 2301 4196
393 1987 535
4705 4897 3422
2210 2502 2528
3342 3559 4005
1819 3795 3671
3632 4282 2984
3416 3756 2047
1996 2344 2310
3727 4084 1484
3357 4206 2306
4056 4229 2166
2638 4616 2138
4684 4941 1650
3504 3759 1306
2709 3317 1654
3152 3445 2949
4544 4744 3400
2204 2876 2004
1652 4431 1211
3528 4142 1970
3662 4432 391
114 4207 888
2622 4700 3313
4962 4975 4645
1427 1773 1300
1829 1914 4394
3309 4957 3018
2165 4105 1334
807 860 4142
2152 4131 847
2697 3836 4990
270 3213 1773
1458 2951 2258
3728 4715 1941
166 4394 3163
3047 3876 1660
2019 2047 2838
3351 4233 4357
3614 4280 4553
3523 4763 1116
3779 4962 2208
2288 2590 4507
465 2570 3312
4597 4838 3187
4558 4621 821
4535 4619 1861
593 2510 4082
624 3727 3345
4146 4471 469
1789 4564 4776
3178 3852 1928
3175 4050 3107
4509 4974 985
1087 1529 4995
4488 4664 4966
4999 5000 3078
4499 4554 4371
4077 4925 4382
4551 4615 3187
196 1767 1804
1795 3855 3797
4193 4666 184
2898 3080 2268
3258 4361 3063
2851 3015 3042
3748 4430 772
1615 3712 1964
1060 1605 551
972 1809 4062
4293 4446 1315
507 3542 1308
4458 4590 869
2037 2672 3967
4184 4338 823
1002 4377 795
4462 4823 2777
4870 4957 2550
4847 4954 4882
1141 4643 3342
4359 4704 4585
1743 3997 817
4548 4681 2795
4591 4976 4355
4872 4913 3050
3451 4962 434
2414 4566 3296
43 1110 4076
3825 4730 1965
1762 4014 1361
3638 4709 1693
649 2453 650
1021 1851 2790
3625 4784 3822
3810 4537 2198
487 3603 3741
771 1278 2720
4453 4803 1119
579 3831 1093
4347 4829 3707
2839 3786 822
1687 2175 1395
16 720 494
1973 4296 1902
2182 3261 2000
3833 4379 2494
2175 4634 4754
1216 2290 4032
4303 4571 3134
1520 4341 3323
262 4586 1357
841 2158 3844
1072 4322 4669
762 1242 2498
4087 4217 4947
3143 3327 2365
1442 4963 2306
4961 4973 786
3195 3376 549
3565 4332 483
3687 4034 2560
1976 2476 2960
4200 4271 2469
1922 4456 1518
1111 1661 4460
357 1294 1945
3517 3773 220
2339 2630 4700
2302 4331 1956
285 408 1216
2954 4423 881
3520 4176 1880
3696 3733 3851
4510 4786 507
2206 4390 2072
3646 4857 1330
3851 4079 1942
1066 3561 1826
1186 4590 4367
170 1980 173
4569 4727 2284
4193 4990 2268
2346 4362 1261
4971 4976 4595
300 2795 1462
30 193 576
220 2609 2131
4448 4538 758
4161 4296 3680
3054 3324 4864
2014 4088 3856
3842 4503 317
2366 4773 2815
1905 1913 1097
259 1754 219
93 2743 3938
1247 2389 3993
3119 4507 2858
4765 4790 1606
3385 3422 1588
4975 4990 2332
358 1226 1648
2826 4476 4167
2204 4636 4560
976 2142 4308
3235 3631 2244
1698 1706 2560
687 4033 153
2178 4357 2463
3340 3909 2198
1644 4241 653
560 2090 925
1912 2682 3243
110 983 3257
985 3789 694
2366 2616 931
4699 4829 291
2874 4513 1379
4888 4924 3666
1162 4580 4474
1530 2544 2848
1761 3149 2959
4249 4618 2022
3236 3324 507
2488 2972 2564
3510 4151 2733
968 4148 4058
4872 4943 349
3206 3292 4918
1935 4380 1213
2891 4390 2770
965 4324 530
1081 4386 3482
416 4366 792
1314 2950 434
3677 4109 2689
2193 2409 1115
466 3853 2210
3827 4445 2432
2363 3647 4370
4182 4510 378
4558 4596 3276
4128 4539 3470
3918 4994 2554
2803 3425 2193
2032 3474 752
300 2039 55
1620 2005 1559
4655 4988 2501
617 4228 2362
687 1320 3550
3577 4617 1234
769 1383 2551
3205 3468 1914
4006 4595 1604
275 3794 2127
352 2718 876
2315 3480 1642
3281 4329 2888
1261 4543 1854
3810 4643 4804
799 4326 2778
1471 3556 2995
2458 2570 114
3580 4337 2180
486 3428 889
3740 4995 3400
370 4949 1055
2070 3218 4422
2368 4306 20
248 1344 3805
3239 4820 4547
247 3658 977
4825 4968 1147
4177 4438 4866
2780 4044 3762
4792 4956 4721
986 3420 4975
1785 4992 593
3344 4216 1848
4566 4715 4663
806 2966 2574
4989 4999 3039
1837 3794 1870
4632 4767 1984
2645 4840 1803
2194 2899 4883
1480 3405 3569
1716 3905 394
825 4565 209
1425 3219 4467
3148 3814 4128
689 4713 4137
2081 4329 1130
929 1556 1322
2561 3286 3862
3447 3506 814
1412 2580 2431
1364 1491 1675
1473 2854 682
180 2151 4878
1372 4473 4343
4933 4941 2441
1600 2803 1189
1845 4712 2751
2943 3081 1517
3987 4107 3601
3282 4222 4241
3724 4597 4441
201 4216 2805
3486 4543 2500
702 1861 1210
1602 4588 1467
1831 3715 3170
4365 4514 3004
480 4726 530
4278 4531 371
193 4390 3358
4349 4773 643
3678 4295 1588
2426 3253 3111
1726 2236 4273
4608 4781 3690
2397 3564 3386
2857 4725 2829
4096 4209 511
4426 4758 3814
716 1934 364
1611 2980 3639
1947 4386 3730
1257 3630 3346
4633 4820 4004
555 2459 946
2014 4958 2522
3732 4247 4298
3075 3223 943
3048 3738 4726
4259 4658 1928
669 4449 3760
4691 4827 1161
4604 4850 1568
5 3071 3770
652 2364 4133
1821 4813 261
4521 4767 2868
4230 4412 1853
2508 2511 234
1138 1890 2880
2816 3916 3833
3355 4713 4767
4525 4755 4382
1151 1479 4988
742 942 1961
4657 4755 1809
3703 4069 1224
3695 4864 313
1445 4507 2837
4758 4836 1901
4154 4632 2760
1242 3827 3018
4646 4918 4958
2978 4666 4074
2372 3821 1291
860 3194 1500
34 2633 1724
676 937 318
4977 4986 490
448 3841 2590
2820 3017 3584
1835 2337 3818
369 861 940
2878 3706 2589
1519 2820 2208
2792 2910 831
4924 4993 4025
1255 2319 3784
3617 4668 4340
1800 3842 3230
2336 4880 735
51 3370 545
1342 3802 2061
4089 4802 2514
1114 3470 1004
3240 4179 4413
2573 3352 2786
1159 4672 1295
1685 2685 3848
4883 4895 1073
2527 2873 2228
2533 4029 4542
203 3057 515
3505 4519 1231
1851 4884 2634
3237 3881 4609
3441 4555 2346
3646 4626 2254
4093 4294 2917
107 3932 468
4382 4519 2581
4753 4947 756
906 1721 2768
2234 3171 3224
21 1509 3971
2974 3859 1737
1884 4235 893
975 1861 1651
3091 4897 2285
2302 3724 1270
796 4166 4795
4643 4711 4089
11 3518 127
4730 4858 1628
1680 4143 1753
3256 3960 2125
4135 4728 1432
2464 3115 3650
4903 4922 3869
3551 4635 2671
2436 4503 940
4261 4267 272
2064 3602 4635
3476 4120 3654
1414 2701 2447
1280 4187 4826
3379 3986 204
3332 3669 4308
4845 4907 4790
1864 3012 305
1149 3865 760
3418 4588 1780
4413 4830 3105
234 2161 3050
2747 3601 1208
2398 4368 3839
2119 3453 4814
1467 2849 4534
2208 4094 1041
734 3346 2794
4805 4834 1239
1054 2210 4047
4626 4969 2636
3553 4489 4730
680 3287 3504
337 392 1648
465 909 3496
4836 4840 2301
4307 4444 3431
2663 2848 2455
453 708 1734
4127 4585 4999
3336 3522 782
2834 3177 272
4636 4999 107
4227 4521 1047
679 2262 4845
1298 3080 3755
4863 4941 4419
1497 4033 4829
4947 4955 578
2985 3803 3319
1992 4022 4518
4657 4786 1837
2078 4205 2720
4141 4878 3293
3884 4722 1517
324 2669 3099
2362 4912 3717
2031 3732 4110
2839 4634 4747
2954 4363 1786
273 1012 4651
4437 4629 2518
2533 4676 4111
4257 4617 55
2038 4146 2032
641 4602 646
3585 4477 2739
3836 4278 2036
3591 3966 1980
4518 4913 1499
4860 4947 2091
4638 4971 1663
2876 4365 3191
1272 3788 2303
622 3406 624
1898 4683 1323
577 4552 3195
995 1004 537
2149 3775 2573
1002 2478 3104
4529 4858 1221
4607 4806 4252
2007 4205 894
4823 4944 3887
3433 4564 3038
399 3737 1761
1122 3305 1519
1711 3484 3848
3124 3389 4343
2600 3759 1573
350 4843 1490
4963 4970 3104
4701 4723 418
1414 1596 728
1684 4924 3213
2452 4608 2304
4960 4994 2248
1801 2090 1551
1033 3335 2113
1114 1939 948
4813 4894 2936
690 4358 2432
771 1344 2474
3088 4684 3953
1254 2952 2174
3937 4767 828
2465 3014 3242
1617 3850 1338
1650 4361 2101
1484 3344 3703
2996 3798 343
22 3037 4669
4958 4992 236
4414 4940 4760
3509 3573 1511
4118 4935 1800
143 4356 2262
4883 5000 1708
975 4250 1031
4944 5000 2503
4513 4786 4440
3481 3590 102
1966 3566 2471
4807 4859 2704
1214 4331 455
74 4709 692
417 2338 4862
4938 4954 2340
3789 4303 4974
571 3058 3076
409 1649 4547
3331 4571 4289
794 2593 3615
2126 3999 2920
495 1703 4649
3569 4757 1653
813 4370 4864
2110 2783 3259
322 2847 4027
1131 3306 458
3024 4437 794
2225 3487 4032
3365 4485 120
547 2670 913
1924 2374 3224
2663 3911 3890
1598 4524 451
2528 4641 3551
2290 2528 470
2053 3216 620
678 1825 4752
3765 4078 2003
664 4490 2197
2300 3530 588
972 4070 4078
1027 4279 3292
2421 4481 2344
642 2324 357
3352 4971 224
4097 4878 1570
1849 3299 2097
2011 4488 129
4146 4235 3151
4664 4818 4240
882 2171 4141
4207 4853 2586
4397 4864 332
3835 4660 188
4090 4759 500
3625 4989 1870
154 3660 1549
2194 3313 4574
1129 1270 1550
99 2706 3459
1898 4134 1407
2597 4583 2718
466 1620 4441
923 1515 854
1638 2516 4888
3196 3694 1246
4321 4964 2675
1617 3155 150
2212 4677 2295
3093 4507 120
4106 4394 2563
1685 3333 1592
3331 3604 4268
2170 4384 2371
824 1298 4184
35 355 2040
3940 4506 444
4821 4950 4247
3482 4206 4974
4786 4793 889
3812 4583 1346
1736 4144 3614
294 4364 2517
312 1799 771
1765 1943 4459
3910 3965 2696
4740 4887 3615
3943 4777 4817
2077 3958 1106
425 642 1767
1402 2081 651
3193 3285 971
1242 2048 3647
2981 3553 615
1977 2949 3454
4622 4901 2402
1911 3117 1258
1789 3319 3149
1349 4005 244
4344 4842 4344
1784 3215 3320
955 1961 3079
2957 3976 4133
1581 3139 1314
4582 4943 3324
3100 4568 3113
1209 3891 4383
3305 4935 4887
2182 3792 1107
495 1690 1183
3814 4955 4802
780 1700 2198
3342 3430 926
3002 3392 4085
4527 4944 2853
3687 3742 2937
1306 3476 2251
2734 4097 2663
2761 4136 2836
58 2386 3306
1420 4758 4057
4655 4900 4894
3052 3873 551
4231 4753 1193
3080 3313 1246
389 951 162
1858 3106 987
3427 4678 4805
3918 4460 447
3640 4649 1421
3666 4190 2613
4374 4970 643
4254 4817 330
986 3696 296
4551 4929 964
975 1587 4
1105 4984 3047
2287 3348 667
4106 4437 2927
2664 2748 663
952 3441 117
3611 4651 4156
1660 3607 3566
3827 4025 3688
1793 3646 3073
902 3439 697
1003 1278 131
4946 4980 2808
213 4313 2855
4924 4948 2117
1564 3521 4811
3326 3843 2953
1199 4808 1976
4462 4968 960
2217 4610 1680
2044 3467 4504
1516 2418 4301
4298 4516 4105
266 3406 1011
3626 4261 3061
664 2184 2565
3356 3852 1686
3749 3830 975
327 429 4957
3467 4599 1774
2415 3548 529
4671 4878 70
863 4202 4603
2762 2935 3841
2055 2914 2927
848 3732 974
2852 4089 2738
2716 4713 2346
4480 4848 2218
3317 3527 129
3288 3359 387
4556 4959 2557
2128 4808 4531
4048 4451 121
4733 4980 1214
3827 4267 172
1528 2790 4413
4963 4966 4226
1214 4092 41
30 2671 2532
3385 4624 4856
2435 4332 4106
1094 1770 132
4493 4542 2867
4665 4756 2822
3949 4208 839
3694 4315 1147
327 4216 1390
4526 4958 4934
1421 3528 4458
1497 3960 2585
4095 4317 1303
345 1083 3192
3507 4726 15
980 4471 1915
4319 4532 2161
4099 4168 3818
905 1933 2547
743 2030 1459
3648 4352 4582
3050 4277 608
2086 3390 1057
1468 3869 3312
3566 4173 4121
3161 4904 3987
4066 4454 497
591 1348 4605
4083 5000 1646
4199 4691 1577
4144 4753 973
68 1462 15
2161 2587 4837
4966 4987 313
3313 4590 23
2202 3385 3226
2236 3443 2036
4468 4536 3654
3147 3268 175
1396 1770 1482
3953 4913 4224
1505 3110 4064
1445 3715 1940
3917 4094 1358
4870 4953 1815
4090 4973 2518
3983 4024 1236
942 4331 4746
2666 4073 1361
1139 2600 121
3885 4990 2206
3735 4252 2913
1033 4389 3065
301 2022 407
1537 4638 1648
3954 3998 1560
2808 3217 2609
4716 4919 436
1667 2812 423
2289 3191 2881
1464 3884 4857
4177 4545 3971
1635 3013 3439
2866 3225 2558
709 2785 994
384 4875 2171
3619 4409 695
1540 4743 2185
3628 4437 2781
1103 4895 4689
275 4079 2275
2515 3444 4839
2194 4975 1144
2038 3508 2465
3060 3733 3216
2153 2357 751
1290 3015 4058
3200 4865 2198
2513 4410 685
3712 3889 2116
3333 3624 3039
1432 2997 3461
4829 4914 1503
999 3586 3956
4545 4873 717
3920 4638 214
3565 4801 4053
2194 4613 797
4887 4933 1970
4634 4743 2356
2214 3024 2311
3226 4466 150
4368 4642 1
308 3183 1763
1225 2004 1717
4499 4698 4185
2629 4849 1737
236 4166 2723
4332 4862 2934
2325 2589 62
1587 1603 1556
1719 2497 1568
2814 3937 3665
4694 4740 3613
867 1451 3481
1951 2258 4156
3943 4156 1545
1455 3345 2279
2281 3317 698
3700 4395 1447
3053 3234 2281
2068 3081 1094
725 1122 2390
3350 3616 2841
2020 2243 278
2468 4523 1303
1453 3768 1102
2328 2370 133
777 4561 173
3760 4404 675
428 984 946
867 3226 3042
4623 4808 2040
3376 4217 832
2922 4041 3173
1579 3308 2621
62 1378 1667
1805 2518 2015
964 2377 2146
2932 3757 4618
1431 4188 3917
2591 2812 806
3062 3456 134
2636 3121 1084
2093 2193 1212
4551 4813 3848
2098 4648 4530
2294 3040 1550
3233 4331 4820
101 2043 3578
3802 4243 3895
3297 4001 1633
4864 4978 3494
2139 4786 3652
3744 3833 4803
3270 4772 2021
4606 4762 4836
2650 4883 2710
1153 1518 4037
4993 4995 2098
966 3957 291
3418 3768 644
2510 4406 4862
3886 4738 4065
3535 4206 4247
946 2678 1058
1067 3212 2218
82 4409 3113
4874 4947 573
1352 4403 729
1282 3160 4981
2369 3890 416
2187 3347 2647
1759 2470 2683
294 696 3383
688 2563 3950
3005 4050 4157
1306 4421 1934
404 1880 1153
3984 4320 3404
1185 4439 2676
63 1516 3145
4713 4770 3855
1682 1733 4447
3413 3610 2813
1931 3211 4772
1951 4684 4645
2231 3572 48
2450 4964 639
636 963 3783
692 3951 4163
2744 3431 1629
651 4022 1757
758 857 2837
3754 3930 3329
2536 2565 1115
4081 4341 3927
1612 3240 4375
50 727 3593
1413 4889 198
1464 2824 2918
1175 1408 2723
2358 4745 660
4131 4227 52
3377 3457 2720
2010 4704 4406
2115 4353 1946
12 4243 4490
3495 4732 4785
4618 4942 4983
4051 4370 1762
4926 4978 3614
387 604 2761
140 249 2156
756 3851 4322
962 4674 3697
1925 3139 2088
1276 3998 431
4081 4421 553
4846 4910 586
2812 4484 4919
229 1724 948
2982 4565 176
4884 4912 2248
4537 4793 3263
3307 4791 2647
2775 4193 1539
1546 4667 3700
4622 4634 2254
1825 2094 3957
2462 3977 2361
1829 2649 2055
866 1226 788
3746 4720 2903
754 3614 1572
1670 3147 1223
2828 4128 2821
4161 4439 4024
4248 4363 640
3239 4731 4488
1528 3483 990
4189 4338 966
2270 4907 891
4509 4535 3907
337 2811 188
3651 3799 2772
3546 4696 2518
4474 4821 2842
4207 4970 149
1681 2275 3017
4168 4914 4635
2385 3693 773
4010 4874 4738
1385 2548 3435
181 3894 3446
27 41 1647
1243 3028 3174
2960 4093 1948
2212 2379 4557
2616 3145 2246
3734 4107 1228
1988 2656 374
2494 3075 1634
942 1728 4877
2137 3539 200
3873 3905 4908
920 4747 4052
284 796 2326
857 1106 3699
721 3488 4770
1787 3569 3165
484 4952 1476
1163 2899 588
3725 4726 386
986 2530 2406
1488 1497 2533
1218 4536 3706
1569 1987 780
1061 3384 4718
682 4637 4062
3682 4798 4233
1996 3958 432
1913 2484 1039
2424 3004 450
4662 4977 2144
3226 4272 62
1500 3923 3495
2854 4476 1731
71 4445 597
1963 3390 3419
720 2936 1490
3921 4810 4584
3461 4537 1594
549 4965 288
364 450 940
2337 3752 4630
370 3475 2690
2622 4532 462
3664 4880 2265
3106 3848 4836
3515 4251 4364
732 2958 2747
4238 4727 2979
4112 4896 1654
4437 4683 3796
4914 4953 4104
1290 3943 4107
1555 4177 2920
2436 3141 900
2814 3716 2850
50 4774 2427
4938 4984 4641
1372 2211 2659
3047 3452 4424
475 1417 3928
3770 4731 3718
4199 4954 444
2653 3984 2685
1698 4309 2934
3849 4534 2591
3157 4927 4432
4342 4609 4517
1199 4787 2350
4240 4683 2932
1400 2732 2142
4052 4991 1295
565 1702 57
78 2666 3892
4816 4917 3065
2795 3848 3063
4973 4998 3645
2150 2764 4438
1915 4658 2544
3936 4170 968
2611 4381 4346
2758 3812 4204
522 4012 3182
1033 3619 1311
3100 3447 1638
2986 4094 3085
1903 3856 3822
4997 4997 1757
1328 4781 4998
4102 4240 4992
3791 4395 347
2781 3225 4774
1339 4486 4809
32 930 1708
4500 4961 3426
3450 4546 1075
1680 2961 3189
833 1803 1579
4727 4824 4152
3560 4144 2310
4562 4571 2852
1773 2122 2720
2899 3842 1953
3970 4284 3026
4826 4961 1585
2722 4476 880
1362 2042 4916
661 2112 2523
1086 3258 3019
227 321 1913
1671 2832 2679
163 1290 1608
2531 3522 954
2354 3509 226
3566 4999 987
1208 2865 1063
1732 1925 4237
2826 4273 4091
1971 2215 1503
1991 3362 1797
1226 3922 3136
2412 3135 2873
204 4482 4246
3913 3921 3925
4800 4956 1974
104 958 4034
2008 4225 2909
3957 3959 2368
482 2016 4493
725 3397 2361
4683 4828 2630
4909 4936 940
1028 2279 4717
3635 4096 421
1416 4908 2924
2999 4988 4021
1503 2792 3026
1748 4550 2343
698 4145 4156
164 3893 2353
2470 4621 3209
1392 4427 776
2380 3802 4607
4559 4987 2271
444 2022 1421
573 3955 4026
1065 2894 41
535 3820 2156
1934 3317 4875
1657 3075 1739
4859 4892 4086
2127 2891 4273
4517 4702 3803
3644 4515 1699
4865 4944 4900
2592 2614 3578
3349 4160 4630
103 1793 1406
1157 2168 1139
4486 4596 3252
3512 4331 3369
3434 4675 2284
1634 3989 103
2218 3073 594
4973 4982 1157
1630 1700 3636
2924 4173 2064
3034 4364 1552
3713 4356 3914
2988 4619 2487
2998 4646 4156
4632 4835 3910
1735 3027 541
1550 3323 2935
4859 4977 78
1414 4845 2045
478 1223 4484
3661 3876 3851
1901 3093 2843
2193 3211 380
3152 4489 1829
2337 3752 4651
4189 4971 2360
2877 4821 3392
3726 4387 2409
4346 4704 393
1324 1513 2808
2332 3274 4704
3468 4669 4337
3723 4472 4692
3450 3744 4162
3388 4770 902
1735 3780 1594
1918 3842 409
2388 2795 792
4428 4956 289
2713 4261 197
1145 3129 4904
2466 2556 4461
1722 3562 1037
2586 4867 1497
936 3725 236
2405 4483 4506
2361 4037 2784
142 3841 2500
4944 4948 2620
4293 4462 2230
23 1532 1668
1481 4848 1744
4952 4958 2071
1504 4101 2963
3100 4758 342
572 3172 3276
4713 4737 1368
1469 3345 2331
3032 4560 3813
1212 2995 3084
2885 4570 4809
429 2608 3534
4848 4892 3567
3106 4886 4671
4635 4989 1718
3768 3876 1860
2203 4108 974
1667 3208 1662
656 1036 4398
1882 4364 3896
3095 3225 274
1640 3322 767
1723 4381 3869
3350 3737 3184
3492 4200 4220
1201 2734 2898
2390 3506 1159
4265 4791 1110
3395 4994 988
2349 2613 310
4137 4599 552
4765 4828 1740
2698 3201 2786
387 1347 4237
1192 2175 3107
3870 4666 1174
711 3210 2762
2659 4538 4941
2015 4714 3334
3832 4744 4335
1554 4687 1344
1730 4363 2518
2419 4638 617
2433 3708 3157
730 2547 2377
525 4900 2296
1608 4514 900
746 1068 3690
3224 3259 3428
4948 4955 984
2842 4224 2876
1631 2428 706
1057 1611 4692
3517 3961 1530
360 4333 2463
2859 4596 1460
3706 4382 3202
3242 4312 4534
4888 4911 127
3781 4479 3639
724 1669 4444
4732 4867 3354
1214 2553 4320
1181 4860 526
2967 3520 639
4068 4474 1789
2535 2833 4111
705 3431 175
3300 3613 1800
3448 3672 3051
2204 4267 3821
3175 4814 3090
3789 3993 919
912 1780 3712
3751 4669 4663
3608 4568 871
1081 3294 3112
1743 2115 3202
2393 4967 754
3374 4049 1513
1572 3351 654
2916 3342 3203
4736 4801 1755
3643 4298 1035
971 3870 4826
3580 3752 4178
2279 3784 3677
3220 4932 27
63 3074 881
81 3799 4685
1999 3863 2244
3981 4726 3239
4295 4566 633
1078 2665 2596
1699 2999 1863
2513 3084 3585
3448 3759 4871
3619 4760 193
3303 3495 605
4967 5000 132
311 4512 2631
236 713 1653
537 841 855
3329 4160 2919
2793 2805 2792
2938 4277 1915
735 2134 3448
2135 4860 549
2791 3733 4299
3911 4826 4065
2341 2745 931
3209 4352 1528
1148 1728 1083
2622 3737 272
2551 4384 3312
2359 4257 97
2384 4108 3870
3565 4919 3005
2273 3873 4977
924 2822 4972
4741 4985 2428
2828 4446 2456
4601 4606 1692
3327 4276 4456
3539 4117 4251
4540 4974 4948
3591 4784 2830
1861 4812 2902
2341 2853 27
3940 4130 661
1821 3489 621
2949 3341 129
1598 4785 966
3950 4766 1147
2463 3363 76
3727 4803 1947
2517 4815 1989
2374 2450 2040
1972 4842 4351
4734 4846 3853
1837 4730 1338
4966 4995 3492
87 2009 2221
4392 4648 1472
1080 1281 1605
3976 4125 748
3200 3449 3234
3515 4363 3822
1025 2330 1636
1571 1625 4289
4769 4871 565
4447 4982 2825
1354 3567 71
1648 3846 2516
2908 4680 620
1025 2757 4574
3524 4233 617
4657 4700 4376
3328 3383 3298
1738 4320 4563
3340 3778 4315
3422 4082 798
4091 4869 967
4953 4999 4963
3985 4365 2222
4476 4919 4224
3000 4454 4261
266 3760 4077
2913 2960 543
4888 4912 1303
1149 3135 1192
231 2704 848
1778 2110 1307
3958 4938 4000
3706 3936 4583
2425 3866 195
2231 2544 4177
4446 4815 3116
4124 4992 2199
4981 4983 596
232 2086 1725
1953 3796 4804
3877 4914 4968
4075 4585 423
1503 3332 358
2578 4480 238
742 1440 4749
693 3131 779
1588 4842 840
3756 4846 2602
3179 4861 3714
4159 4921 4007
3214 4780 2212
4199 4902 524
1167 1789 2829
2430 2522 3799
3018 3995 2990
4007 4434 2224
1054 2602 1792
2586 4387 4472
4796 4998 3066
1859 4300 3049
3669 4146 358
3041 3980 211
3462 4212 4397
2421 4513 525
4461 4960 104
479 3965 2170
3257 3860 1620
4997 4999 827
3679 3970 2301
3390 3845 1500
1424 1824 4978
1635 3044 477
4763 4828 271
455 1965 3240
4051 4925 2292
105 3172 3550
1974 3972 2675
4931 4960 3473
2847 3935 4647
3954 4072 3335
4600 4729 1836
3378 4828 4522
4505 4661 2365
2516 3800 3263
2890 4707 3654
1758 2351 1436
2549 4951 3636
3229 3620 1274
1983 4127 4963
3038 3285 3626
3593 4093 1835
3951 4396 2697
3335 3335 4401
976 4568 4130
3687 3956 2915
2583 4909 2799
4512 4836 204
4902 4967 2646
2786 4519 310
2181 4523 1440
2003 3528 840
3402 4968 436
3587 3892 3174
2783 3152 2391
2372 2699 3232
156 1225 201
896 2317 750
184 3008 2957
1738 4436 1308
512 3666 435
4951 4967 4574
182 1178 3223
3542 4015 2986
2706 2816 4725
2135 3470 228
585 3241 1
4632 4785 3285
4017 4699 3517
165 2343 3253
4676 4953 3038
1649 4943 4820
996 3114 4864
3994 4189 1122
2783 4133 4262
1272 2867 2239
789 2307 3560
2288 3281 3966
2868 4251 2203
937 4076 2153
2713 4594 2698
4798 4980 2516
3391 4967 3121
223 3589 3701
1522 1844 1635
2827 3649 2220
4476 4477 651
10 1939 1446
1810 3635 3520
764 4205 3576
928 3367 3690
3458 4100 2483
2263 3820 2138
1696 4248 1733
1138 3664 4868
4955 4990 2757
273 3264 2161
1563 3855 4747
2056 4728 3063
614 2708 3833
4151 4294 841
1792 3540 2627
968 2798 3187
852 4015 1524
942 4486 3563
2728 3944 3696
3703 4663 974
2885 3260 4869
1305 3996 1653
3812 4314 1155
390 4705 1312
2512 4138 1457
4908 4931 2973
3216 4028 3762
963 4072 514
3831 4756 2967
2950 3609 3357
3802 3884 2581
2889 4466 1241
875 3688 4864
4444 4778 2827
3850 4739 4394
1315 2750 3484
2757 3768 1568
545 1507 2628
2480 2869 490
3634 4220 2514
1786 3289 2913
3219 4526 3591
2690 4613 2607
1738 4675 3292
2283 4690 2138
1757 3518 1586
4912 4983 4984
637 3401 1130
3574 4324 3042
3098 4389 4609
4873 4970 4782
1619 4113 1822
2913 4264 139
1111 4425 369
147 2429 273
1677 2143 4477
70 3382 3465
3798 3828 4580
3401 4884 4585
660 3976 3633
3992 4086 223
2643 4329 3565
4741 4778 2238
4738 4765 1497
2933 3834 4033
297 1093 2843
226 4166 3477
2243 4376 4673
1234 4146 2269
4187 4375 1021
3389 3632 1053
4776 4896 1039
3348 4190 185
1266 3091 3440
4891 4893 834
2047 3418 518
2018 4754 4900
865 4926 2347
753 969 2762
3204 4700 509
2513 2899 3314
1724 4802 3297
181 4248 3899
4777 4914 514
2219 4498 1276
3217 4877 1163
1772 1803 1640
3622 4019 2624
2018 2816 3060
4831 4889 806
1365 4169 1392
1455 4791 4166
1608 2291 3582
4305 4432 2594
4025 4101 896
3207 4407 811
3981 4931 3966
341 4501 4084
737 3769 3643
263 2644 4997
4259 4861 4630
1187 4929 1382
1431 4028 250
2131 4001 3437
722 3239 282
1525 3012 1726
1507 3241 4804
4063 4586 3424
1366 4308 2360
1243 4605 1940
4541 4639 3456
418 2567 1330
1505 3591 4456
2686 3912 122
4117 4710 3621
2388 2881 2493
2158 4361 413
2764 3642 4279
3444 4898 4263
2132 3610 1735
3970 4275 3948
3038 4261 2497
2623 4578 252
2667 2993 221
62 3670 4938
4529 4991 3707
1358 1642 2265
1489 4149 4265
399 3139 4357
1676 2959 949
93 4476 546
955 2554 510
3444 3472 531
930 3580 81
1202 4266 1343
1825 1871 2584
4765 4835 3910
3074 3267 1169
695 1898 1041
1084 3585 2115
1902 3814 1588
1229 4634 4846
4913 4980 4698
3913 4484 18
3672 4053 434
1132 3566 1266
2687 4769 2919
89 430 4543
2292 3692 2648
1808 1822 4354
3294 4948 292
2564 4641 2878
2460 2831 4732
3162 4077 47
2471 2985 2573
3846 4799 211
4774 4940 3395
1122 1860 837
3473 3997 2544
948 2637 800
3760 3924 3898
4090 4447 1603
162 4622 2115
3573 4353 1337
4713 4901 85
4103 4852 3675
4537 4812 4809
4632 4775 2783
1753 3669 844
3323 4719 784
1993 2546 418
1249 2064 1892
1351 4720 2703
3049 4183 4408
3272 4503 2855
1589 3931 1607
2596 4581 3942
4693 4873 2986
3546 4376 426
51 1723 4179
4330 4828 3240
2619 3903 1489
3110 4301 3831
3316 4051 739
1841 4162 2849
1970 4628 2731
1989 3279 220
40 3368 3556
4611 4847 1140
4554 4857 2751
1922 2759 826
376 1987 2434
3076 3909 778
454 3381 1896
433 1989 3428
2394 4358 3721
4430 4430 1579
4983 4995 4840
1684 2198 1613
1628 4964 392
3567 4483 3284
3470 4995 3607
3630 4108 1536
1565 4197 3839
395 3702 4988
3176 4986 876
3659 4821 3878
3345 4076 1621
1113 3768 4879
185 4580 4361
3893 4066 3919
4480 4741 1
790 1023 976
2465 3637 859
3401 3795 3484
623 3468 2046
3795 3813 979
1709 2673 1110
1179 1859 3376
4137 4764 2335
4176 4984 1958
1352 2676 3165
2255 3223 1703
4718 4974 1136
1483 2810 292
4844 4894 1028
3457 4112 2693
610 1149 926
664 748 4127
3000 3725 4348
412 4575 2566
2897 4716 2436
228 4072 4814
156 1264 1273
2509 4981 3797
2113 2502 1653
2766 4126 4884
4727 4835 4023
2657 4401 3233
584 841 4216
520 4853 3831
1931 1976 454
1153 2765 2518
4374 4512 483
3585 3639 1863
859 4541 1454
2993 3891 3609
1149 2260 2745
1089 1323 1914
1439 4693 504
2677 4944 4458
1115 3518 78
776 1693 2590
18 3995 2247
4510 4845 3597
3417 3884 3928
1252 2234 2810
1089 3133 3559
110 3468 594
4747 4971 3331
1261 3185 3427
236 591 4756
4205 4662 3893
3519 4525 3001
7 4125 1264
312 2687 4021
2261 4646 1759
1261 2768 1346
3991 4699 4589
988 2808 2048
1800 4001 4237
70 4819 1076
1389 3508 1999
3867 4107 2608
1959 3866 259
4376 4998 4119
3547 4527 1490
3207 4727 2445
4736 4970 2103
1578 1824 3763
2248 2872 1560
206 1496 2395
4218 4539 50
2924 3056 1570
4153 4740 4440
4418 4601 1371
1344 2205 2610
610 3964 1936
3236 4348 4244
4459 4672 3029
2342 2635 569
4895 4990 4725
4261 4719 377
772 3529 256
2769 4501 3106
2681 4234 2660
3314 4425 4643
989 2732 4550
4950 4990 3015
508 2990 74
1438 2877 3309
350 625 3115
4925 4980 2623
181 2929 3935
630 1450 4306
1523 3922 826
622 3775 575
1032 2542 2316
884 3423 2303
2380 3491 4351
383 3446 225
3770 3871 587
426 3161 3210
2407 3334 776
1334 1383 2611
4297 4468 1288
4591 4642 690
2191 4004 323
1370 3622 3106
1472 2700 3876
2753 4844 4967
1082 1910 587
3529 3651 1042
2520 4156 1319
3032 4716 852
2694 3761 4397
81 1115 2933
3408 3805 1219
3649 3735 1433
2738 3928 812
1893 4429 2510
1117 3494 1818
2959 3670 4057
1297 1637 2092
2038 4215 2547
4697 4791 2179
2438 2801 1283
3955 4169 2722
2320 3701 4631
2424 4359 2200
1120 3091 1937
280 838 4534
2353 4583 2904
4129 4163 1060
2720 3136 2439
1457 4406 630
3183 4617 1310
1438 4085 3166
4808 4840 233
1180 4212 1448
608 1252 1071
4192 4400 1143
4054 4791 1283
4162 4468 1658
1928 3158 876
4642 4717 2754
515 4336 257
3035 3973 4032
1281 3724 4235
4146 4485 2532
3685 3924 1124
2417 4965 4562
3108 3972 2575
3916 4388 4955
3428 4110 2398
1495 4988 2900
1942 4237 1874
1960 2961 1523
1352 2280 434
1775 2979 2734
151 2263 4379
4395 4456 452
3171 4402 1576
2388 4522 3201
1821 4359 3481
4834 4872 928
3854 3863 1990
2021 3729 1719
4516 4864 1423
4422 4435 437
1529 3933 908
3495 3691 4882
3162 3336 1138
2730 3596 1842
4293 4409 4656
1774 1982 3094
3195 3212 2072
3899 4477 3018
2247 4355 3688
1960 4611 3364
2094 3922 3141
464 2965 2721
206 1533 1632
4279 4360 2391
3591 4167 1427
4067 4572 292
944 3239 1893
1187 2685 256
2855 4930 986
3131 4217 1457
2569 4789 3952
4017 4926 2554
1148 1382 2522
3584 4257 354
4670 4927 1248
1400 2508 1895
528 1214 3642
2088 3983 1732
583 3504 2622
3109 3745 2688
626 1204 3851
3139 4033 2123
187 1858 1911
4760 4815 1061
2400 3691 1458
1375 3222 4853
2681 4868 1335
3315 3808 1918
1218 2146 682
1934 4483 2317
2564 3065 1025
294 1023 4059
1614 2043 1249
265 3701 4531
1622 4890 3933
2934 4981 2081
2353 3917 1836
2396 4394 195
460 691 1103
3991 4137 4739
4777 4782 2499
3137 3529 2052
997 3267 3230
3718 4450 2601
2674 3728 2627
3329 3707 189
833 2296 3099
2253 4729 3247
2291 2704 3386
230 1567 628
3671 3680 4546
4902 4992 3626
4702 4919 1672
1056 1182 1965
4292 4901 4173
1262 3210 346
3724 4134 229
1101 2175 3055
1179 3327 4172
1109 1420 4027
3966 4613 3476
3567 3675 656
4971 4992 1815
2478 4363 4871
1015 3734 3426
508 3753 33
2484 4885 3621
3862 4379 2614
1929 3632 5000
2477 4721 2880
1669 4123 1979
4800 4996 4167
4528 4987 4554
2856 4736 1986
2001 3668 3232
4940 4998 1350
1321 3417 3970
3759 4783 2950
1814 3856 1008
2555 4604 4163
3329 3774 3138
3291 4344 74
3493 3947 1118
3887 4368 3286
4748 4810 1199
3226 4185 301
3428 4707 2410
3863 4201 1900
2088 4824 3774
4279 4921 2747
1748 1980 2153
365 4005 3251
2567 3580 4010
3932 4733 1771
1129 3759 3220
310 3037 4940
1368 2830 1711
2538 3010 2169
2401 3913 2116
2667 3828 3350
37 4502 1592
3466 4976 4606
383 3727 2260
1083 1258 3288
2649 3142 1563
2380 4033 4094
2772 3587 2938
644 2116 3858
1512 4133 1786
1371 2412 2774
1913 4647 1425
4504 4783 1958
3075 4142 1542
113 913 1489
823 1219 313
3161 4843 997
801 2479 3028
4745 4938 2487
4112 4758 1161
2230 4827 1427
3582 3640 3439
2356 4851 4815
3955 4695 1203
4547 4657 479
2037 2786 2871
1351 2223 4563
2762 3557 1042
1048 1198 1778
4599 4867 286
4394 4969 1042
4115 4460 2654
1689 4355 2331
1253 4004 4359
1814 3987 1360
1602 4018 3321
1174 3348 727
1279 3065 2384
583 3153 3055
4493 4623 1706
1737 3904 2001
3102 4916 2452
4321 4953 159
2900 2993 4771
3576 3958 1976
2536 4973 3867
3836 4827 1439
943 3372 2119
2301 2414 800
309 1709 2261
4640 4700 223
4530 4534 2879
1013 4918 1953
821 4829 2836
1360 3087 2395
26 2919 3736
3649 4414 2450
2668 4996 1259
4761 4814 430
976 4508 4507
406 4949 305
5000 5000 4310
2645 3047 1039
290 2534 2456
107 1894 4762
4500 4645 226
1400 3812 4626
2400 2854 3991
4907 4959 2168
1115 4597 1469
3840 4238 906
890 1582 3467
2832 3891 933
3460 4881 4569
4914 4936 714
1628 2211 2107
1363 2692 2190
4617 4736 2559
253 1658 2953
384 882 234
805 1254 3811
1182 4149 67
4021 4279 3905
2199 4633 4818
3737 4106 3431
1792 2482 3708
3828 4084 1950
1168 3680 1895
8 612 1062
1367 1961 4635
3485 3679 4704
819 3511 78
1319 1670 3416
1625 2661 3886
4132 4176 3823
2394 3494 2189
498 4929 984
691 4428 4292
2424 3724 3151
1280 4552 1953
3026 3225 2816
2791 4971 2008
2988 3295 2329
3613 3995 4864
3621 3733 901
3235 4627 132
2199 3818 3721
3315 4424 4326
3847 3891 2045
2661 3493 952
1390 2269 4102
2255 4713 3730
4533 4979 2026
1631 2116 2933
4698 4764 305
1128 2465 762
2072 3007 874
4445 4751 1482
3627 3784 3657
2123 4883 520
3091 4695 1419
174 735 3286
1662 3694 3221
170 4496 2126
4030 4706 4246
4530 4968 3346
4864 4997 1308
351 2182 4068
988 990 3425
156 391 4403
743 4806 395
1801 4916 3929
142 4572 4385
643 3826 3232
3633 4507 1855
4645 4780 3598
1608 3675 4584
3889 4578 574
1988 4845 1103
1992 4895 4336
1116 3732 456
815 1321 1035
316 3724 3048
1928 4992 1186
3348 4189 4206
352 4608 2227
3984 4431 2220
2516 4903 2331
1069 1326 2453
3499 4405 4747
506 2141 1313
4640 4909 2545
1926 4694 1330
4665 4876 529
23 296 3024
3576 4485 3883
3250 4881 4753
1349 2552 2024
3813 4802 958
1964 3823 2269
2754 4407 2504
3849 4313 4681
2574 4409 186
439 1396 3122
2384 3098 4735
1134 4056 2705
3967 4124 3977
3707 3759 3329
3189 4098 2453
2562 3295 2417
4871 4911 2122
623 2381 226
1211 2157 3544
1198 4673 1824
3820 4476 347
1049 2056 3980
1016 3800 2270
2214 4511 108
441 4908 3417
599 3828 4416
4376 4942 2989
4191 4838 4290
4793 4975 516
2026 4994 1018
2677 3056 1167
3052 4664 2453
3969 4579 3963
1725 4299 2217
1734 2523 1037
2721 4584 3705
1234 2194 3637
4777 4855 3385
2069 3876 3459
3906 4938 1042
3496 4983 2824
4989 4989 2327
2527 3340 2162
4472 4571 2433
2523 4723 335
3740 4819 4862
3179 4289 194
938 2328 1116
2566 3816 4591
3195 3567 2066
1950 4558 1190
4025 4692 1597
3326 3843 1000
2471 3433 2525
4678 4766 2516
4466 4586 4984
1277 2593 4651
3401 3908 4820
547 2367 1002
560 983 660
3680 3719 4007
1990 4170 1557
2018 3318 2755
884 1485 2861
2854 2889 3551
4356 4427 1253
988 3387 4861
3237 4935 2828
3640 4322 2801
3909 4779 817
61 2420 2923
1768 2370 695
3241 3772 4005
1321 3343 1301
4430 4938 2192
1172 3102 2386
1376 4725 2619
4286 4665 1631
2210 3341 2186
1028 3692 1474
2309 2463 4110
2092 3919 2752
598 1569 2898
1534 3952 4708
2705 4909 3999
1144 3776 2135
3386 3827 2709
2839 3751 3462
4328 4401 1999
2258 2796 545
815 3807 797
4712 4925 1327
188 2256 995
2857 3432 782
4297 4587 1858
4335 4396 851
1015 4064 2599
642 1021 4300
1770 4813 2482
3171 3544 4981
3650 4872 4626
2772 3960 1244
213 4903 3820
1809 3506 2467
3857 4331 658
2469 3158 2546
3193 4043 1904
1280 4838 1458
2310 4830 1596
93 2025 4411
890 2042 1007
1447 2077 4819
4981 4985 1947
2734 4169 554
410 1767 1789
2387 3931 4062
2268 3459 4157
404 4213 2426
275 2496 1779
1494 2934 635
4889 4894 2456
2567 3418 2144
2828 3905 2450
1446 2522 3092
1434 3718 3503
2308 4822 3213
1584 1695 2516
3931 4575 2218
555 3983 1
4510 4943 464
1938 2577 3789
4719 4903 2701
480 1642 1099
862 4312 4700
2189 4257 2646
1791 4460 1023
4225 4796 798
3595 3758 213
1346 3762 1333
1409 3794 3179
318 993 1933
4425 4482 930
4768 4775 3703
4598 4843 377
3112 4344 378
20 4829 1520
3531 4535 3164
4972 4975 1997
983 3046 1925
1895 2075 3272
1436 4069 1972
4565 4952 1802
3648 4181 388
2433 2911 4397
794 1269 1844
2105 3471 1816
1437 2387 2517
3052 3996 4587
235 753 1113
2439 2567 1165
1372 4080 717
386 1371 3100
1870 2893 244
1417 2644 2693
1068 1863 4870
4844 4972 457
3183 3732 4525
1698 4006 3756
2427 3899 1346
2797 3997 4261
4040 4981 3647
1452 2210 2696
3071 3899 3105
3415 3708 432
1353 3804 4560
4879 4923 3269
3556 4735 3365
251 1269 3907
3669 4785 4709
3495 4258 3178
263 982 927
1091 2984 3012
4931 4947 1950
1738 4215 1884
2946 4876 133
3093 4261 1514
2830 4379 171
4969 5000 645
1545 2779 2691
1935 4540 3681
2193 2224 3340
1834 2505 2728
1892 4809 2958
3495 4161 1222
1049 3374 3978
4779 4793 4120
644 1420 2510
304 4975 3902
3939 3947 2018
2367 3489 3872
1844 2397 1420
527 772 3767
1838 3813 445
4347 4898 4424
441 2966 2126
115 3476 2191
1756 3416 222
4631 4961 2943
227 1292 2719
1317 1487 156
2514 2684 109
3861 4103 709
32 3769 4175
490 3488 4849
2724 4267 3095
4306 4569 2756
1091 4844 2167
3369 4972 4296
3633 4858 1645
3536 4929 2831
3150 4766 1695
3793 4922 2260
3095 4914 2536
4538 4975 321
4147 4860 2942
4297 4482 2437
4404 4653 3175
2453 4387 3497
2605 3769 887
1067 4659 3511
1730 1901 99
2596 4860 637
3114 3485 4895
4962 4965 610
2272 4501 1266
4947 4950 2173
4943 4966 2064
1159 4595 1214
4604 4656 1622
4072 4746 2902
3438 4595 202
3400 4526 3366
3106 4518 2493
2465 2904 4401
1469 3761 1306
4954 4972 4871
3703 4767 1234
4429 4592 1784
2422 2747 1135
4044 4230 2480
1747 3578 208
2382 3104 4746
3254 4308 1299
466 4143 3107
3197 4782 4063
1669 3612 3359
361 3860 821
1043 4794 4740
4203 4949 3714
47 2871 1026
1917 3447 2258
491 3618 3220
3822 4709 4385
3230 4104 3215
2439 3647 4464
1081 2526 569
2207 4070 2854
3735 3897 1035
3030 4697 1344
1885 2089 2002
2158 4126 3588
1722 4213 2907
1849 3761 2816
4275 4710 818
3962 4476 1548
3469 4446 938
2162 2750 1804
211 3472 2990
4997 4998 4422
2476 4926 2264
1807 3897 4585
3045 3499 3507
3640 4032 1590
4506 4927 2195
1555 1686 1883
487 4698 869
2626 2693 269
463 4801 1482
3249 4998 1383
697 3686 8
3451 4502 571
1761 3678 3537
3338 4739 2792
2394 4620 1043
3255 4768 4612
3932 4603 2181
3222 3264 135
1373 2857 236
1098 4363 2631
4853 4946 1087
4724 4960 17
3361 4816 3061
314 2814 1777
1593 5000 911
3079 3655 154
1562 4117 124
3621 4528 918
258 2584 4661
3854 4921 3171
3335 3862 2641
680 1468 1267
1876 2652 2839
4504 4586 124
1606 2989 1326
542 1996 40
3214 3716 2998
4748 4988 4318
1522 3117 3863
828 1784 2951
3167 4649 1900
4006 4958 1514
1601 2754 1514
2078 4802 3734
1934 4442 2468
3773 4375 604
3316 4032 2773
1666 3645 3247
2510 4710 4944
260 3812 4412
2053 3429 3674
2633 3951 1594
3376 4551 2197
1045 3831 1050
2393 3125 1601
504 4349 2726
2674 3821 1115
829 3528 3601
4473 4699 3480
3740 3929 2982
1515 3373 1667
2650 3082 1021
3326 3685 2192
4055 4858 4470
1436 4549 3864
1537 4230 278
4982 4991 4152
2176 2912 133
4450 4945 4512
4490 4658 1897
3908 4099 3934
22 3875 1954
2667 3276 4360
1552 2400 2902
2543 4840 3639
4570 4957 4143
3215 4569 527
2822 3357 4035
3734 4486 1619
2942 4342 4331
2123 3995 2589
4269 4480 4685
4996 4996 4008
1114 1566 3336
4106 4510 1776
2358 3610 4365
3953 4117 3993
4018 4794 1916
2906 3252 1577
4512 4847 1384
350 396 3824
2248 2441 2351
1791 4922 2199
4988 4991 2041
986 3264 2301
630 2224 2756
1806 1984 3619
4920 4958 1386
1528 2449 3907
2244 3421 438
1960 3029 432
2980 4823 3232
355 4601 943
825 2548 2139
3293 4569 3832
3559 4317 762
2179 2960 1142
4371 4890 3817
397 3200 4725
3798 4441 1207
1306 2262 834
4683 4960 2803
2896 4486 1571
2922 4251 4444
1217 3338 2888
1068 1629 1661
2650 4785 640
3654 4613 4415
17 4647 1060
2252 4055 153
524 1092 330
1091 2688 214
1648 2019 2426
2348 3716 3020
4274 4442 2868
2984 4421 1422
3936 4862 1733
1657 4727 1053
4273 4425 1919
4619 4830 1286
2837 2838 3956
3691 4131 3728
4234 4458 1483
3192 4867 3167
1030 4191 813
4741 4884 833
2936 4181 285
681 1517 1371
3636 3935 164
1520 3802 313
4115 4871 267
3207 4536 3058
1594 4579 4949
4479 4829 4243
3310 4221 3627
3643 4865 1745
1711 2373 2197
2165 2861 1415
4509 4975 468
3898 4933 4690
3911 4158 4283
1384 1678 4311
403 2388 558
4296 4735 3804
1936 4545 3127
2430 2836 3264
4982 4988 1426
1208 2898 2372
3185 3993 663
58 2299 4041
3437 4651 1219
1940 4438 2797
3670 4744 3550
2483 3533 1162
1074 3464 892
1368 4900 725
4933 4993 177
951 1475 2283
4911 4957 4669
184 3460 235
2056 4692 2876
2773 4092 4563
1055 3071 2079
2449 2564 1902
1554 4114 603
2483 3105 3044
1795 2220 1329
3907 4213 2936
4711 4935 1421
3379 4473 1945
326 1926 4648
2466 3756 546
961 3538 575
1085 4379 4182
1439 2084 2261
2702 4124 3543
939 2952 967
3490 3877 1588
1313 1518 3874
672 1484 4798
3702 4305 1426
3956 4964 4876
3750 4861 2184
3318 3965 163
296 1422 455
2928 3082 4722
3594 3951 255
2201 3356 3014
4193 4778 3510
1606 3845 2289
302 4038 4951
3683 3794 3335
2731 4850 1053
3927 4889 3753
3602 4747 4553
2042 3753 2770
4391 4653 2919
590 2494 188
1628 3545 4312
3367 3645 3111
4715 4932 4743
2279 4625 3074
3258 3317 1870
879 4401 3015
278 3672 2319
462 4659 4879
683 3548 2757
476 3000 2073
2063 3301 2687
3020 3735 3407
2423 2727 3388
667 1517 3076
4166 4528 2134
4249 4902 4062
3255 4355 2716
3320 4172 302
1 787 830
1147 4301 1617
2463 2553 3917
4938 4965 1016
1058 2440 2995
1818 2720 4670
1302 2661 2473
3826 4380 1917
3533 4457 4032
4873 4926 2673
3734 4307 3349
3086 4493 820
4617 4748 1622
571 3990 4108
2112 3292 2654
1866 4918 1287
1288 4654 368
3102 4499 2590
2326 3437 4620
2139 4088 2967
3911 4298 2928
2795 3838 1260
4338 4890 3354
316 4813 1776
3694 4642 1837
3169 4642 1329
4921 4982 3672
3789 3828 4642
3688 4672 527
4979 4986 2562
3455 4152 3665
129 1077 2738
2295 4069 2131
4462 4491 1429
775 1484 3190
2402 2708 857
623 1350 1557
4993 5000 1598
730 4376 1875
4262 4456 2604
4748 4845 1998
3091 4298 971
4803 4930 2314
2508 3842 2983
1617 2512 60
3553 4639 372
2890 3388 4645
1283 3294 1248
2893 4856 4435
2206 3518 2088
1923 2825 1621
3775 4270 617
394 4526 2568
980 2878 4174
3652 4092 3225
3866 4810 675
947 1789 4918
1174 3918 1541
567 2046 4247
4529 4542 2694
5 3075 2661
1818 4775 2000
688 4861 2505
1258 3423 1305
4408 4834 2982
3998 4397 2006
499 681 4357
4238 4460 1830
161 3391 1019
4326 4393 3632
2369 3505 2532
2518 3687 4899
1014 1977 3684
2794 2913 3556
2067 3461 608
3914 4851 1744
2754 3523 70
3325 4896 1407
957 2185 2970
1504 3702 2647
4513 4792 1435
1827 3185 3599
4558 4831 3358
1836 2090 307
1030 4692 3102
254 2380 3990
2371 4003 1132
2078 2205 4014
2364 3349 3935
3087 3656 4169
1099 3173 3548
1451 2376 4772
470 3379 252
4078 4124 1163
3519 4692 4307
2479 3603 1114
727 3877 2416
1218 3783 1355
3558 4700 2945
4261 4435 4986
4569 4966 4051
4174 4688 1073
3462 3868 634
1608 4052 905
1810 4644 3334
3358 4292 3307
4652 4890 1396
308 2675 3817
3726 4193 1161
2153 3614 4330
1726 2870 1480
2343 4070 3336
4221 4481 3573
1431 3476 559
3100 4864 4555
4492 4889 1437
3782 4454 470
1768 2642 1620
3686 4771 2615
3720 4507 4627
1439 1585 3376
3805 4966 1880
2688 3996 4100
217 4739 2098
2291 4597 1483
2647 3136 2425
2558 4573 4370
2672 2770 3440
4247 4591 3779
3363 4393 2680
1432 3435 2366
1884 2656 3283
4747 4833 3861
2390 4691 3671
3765 4535 2139
3772 4331 3788
2310 2616 67
4246 4502 2469
4909 4965 2642
4933 4983 3599
4648 4726 4360
959 3930 1526
2012 4523 4035
2993 4904 2446
481 4865 1973
917 1729 2180
2076 4551 4604
1287 1600 4629
3427 3609 2530
2327 3480 2212
122 1061 1320
3013 4971 146
3855 4594 4610
4865 4888 4257
4101 4330 1533
2930 4012 3180
4221 4874 4199
2027 2736 1365
4400 4552 4260
3153 3253 4526
2741 3782 3206
188 381 488
880 2917 3217
2770 3320 2452
747 4775 1987
2139 3671 3822
2183 4459 3987
2107 4428 4771
2969 3347 4181
3981 4385 909
1903 2112 3530
2729 4110 3206
346 1612 897
4298 4416 1887
460 1473 3240
3114 4163 808
3201 4959 4040
588 2935 1649
3640 4754 845
2078 2129 3309
2378 3402 4587
1446 4513 3665
2976 4829 3566
1834 2978 1104
2234 2501 166
2009 4339 784
1141 2657 1550
3189 4879 947
2184 3869 880
1009 2597 3725
2879 3655 2034
1386 4183 3180
4863 4910 3327
3390 3615 1054
4451 4694 2303
3629 4926 1091
3788 3937 3313
3591 4343 148
3363 3991 4745
965 1495 2212
1951 2112 1621
3664 4600 3754
1589 3315 2326
3050 4950 1321
2716 4858 3929
1397 1754 4004
533 1369 1822
1132 4965 2015
2964 4526 3437
2461 3197 2967
3988 4199 542
2899 3839 3586
1866 2181 1920
3045 3990 129
82 4155 3990
4771 4844 1820
3830 4710 864
3951 4439 3615
278 2256 1013
4235 4347 2584
1862 3745 3806
2368 2385 1620
1706 3856 2116
2672 4100 1560
3298 4902 2012
309 2381 2174
2462 3451 1327
2358 4567 1576
641 2322 3556
3276 4917 2393
1414 4057 2054
1952 2921 4055
1192 1865 4384
2747 3544 1663
2226 4803 426
1385 2313 4462
2179 4482 3548
447 1418 4008
3427 3984 3852
1593 4553 442
1972 2720 3924
2695 4604 3430
3153 4380 215
2499 4260 3709
3112 4303 1244
4011 4477 3248
1091 2085 2697
1145 4477 3823
1861 3467 1266
4999 4999 3545
222 1197 4642
4384 4503 2882
3331 4908 2701
4126 4543 2190
2043 4778 889
611 1296 4512
1651 3124 724
4865 4983 4452
334 3897 1165
3772 4418 2278
3859 4320 3699
3096 4064 4088
1315 3234 2140
1064 1780 4150
3513 4854 1044
1653 2801 187
3609 4072 4868
3123 3805 2177
3244 3939 4013
2605 3129 191
1771 3921 4121
2517 2696 687
3517 4098 1712
2986 3615 2130
1545 4583 4215
230 4888 1997
4140 4594 3052
1741 2416 4885
1175 1696 2924
1580 4550 390
1054 2402 3876
2052 3555 983
4786 4862 4885
4779 4896 4257
3853 4871 1547
2155 2607 2026
3336 3567 1837
1688 3031 1214
2401 4362 617
283 3308 4945
4808 4847 3179
2140 3461 456
3457 4694 3811
4131 4331 4346
2670 4320 2871
1619 3297 4721
4075 4110 2126
1931 3976 3174
3209 3833 4639
420 4086 1318
3633 3670 3152
4586 4625 3023
4125 4883 651
278 1355 4859
3563 4229 4720
1476 1760 4753
1825 1870 3354
1223 4822 3726
4225 4967 3445
4306 4797 4129
2968 4455 3276
993 2137 1841
3793 4211 2908
629 1457 680
2807 3923 2844
2725 4819 4548
4171 4737 2557
1435 2098 4319
3468 3997 3695
4842 4879 306
364 2940 1559
2449 3255 814
1284 2324 1494
2833 3753 2370
1424 3659 3009
4112 4667 3459
4420 4697 3423
3112 4715 44
3258 3715 3975
65 486 1617
3886 4426 1864
3167 4601 3147
3671 4346 4688
3800 4478 4600
4600 4649 1051
4044 4981 1716
2115 3716 1093
2134 3282 2250
2714 3266 1774
4832 4840 43
499 1265 1572
3388 4721 753
3749 3949 3354
662 1301 4525
3883 4090 131
4038 4592 338
1436 1974 1594
1316 4397 4983
3028 3904 637
3231 3695 279
1044 2910 2883
3063 3771 2247
2037 4543 1714
4198 4727 3436
782 1334 1314
3224 3662 308
2102 3222 1198
1660 4091 3568
85 1318 4237
1238 1351 1924
4320 4650 745
4406 4518 876
3546 4385 3255
3192 3548 3138
3376 4682 851
2366 2445 83
4114 4892 4742
3383 3412 2234
4655 4909 559
885 2519 2945
2705 4012 1905
4959 4968 2075
1866 3123 4079
144 1052 1752
3893 4494 4088
2411 4033 4688
775 1797 1949
566 3724 3387
1664 2814 2132
1184 1195 3457
3717 3727 7
4886 4922 3885
537 3675 2300
699 4724 3746
372 941 4385
726 1988 3655
4314 4865 4409
2238 4444 3062
4155 4814 4551
1715 4815 2611
2510 2933 997
3856 4475 1232
4488 4850 2382
4491 4780 91
517 2536 4476
4918 4923 3016
2659 3395 4636
1915 4886 393
2991 4182 2503
814 3086 2313
2773 4655 2871
1581 4887 4785
3200 3577 2091
452 3686 482
2901 3956 4838
3634 4613 1882
3450 4482 1450
1534 3143 3209
1944 3850 541
3683 4765 3235
287 1873 2276
2095 4848 1417
282 1517 1049
2975 4160 498
4907 4979 2855
937 4075 1640
2730 4881 4135
4052 5000 3222
2841 4375 4502
1763 2677 901
339 2871 879
3241 4689 2336
3245 4120 4782
4857 4989 4119
3957 3983 3837
861 4538 2582
714 2541 1118
3032 3611 1828
1957 4573 3722
822 4809 2924
4299 4493 1426
4548 4818 4156
1043 1356 1126
445 2428 4850
2367 3978 161
4776 4923 4381
3832 3884 3821
1893 2832 4154
4302 4707 2849
3644 4173 4027
282 930 4106
315 878 4202
3769 4743 2493
332 492 2883
4299 4938 3311
3977 4627 3345
3215 3996 1700
1721 4205 3860
3985 4250 3203
2298 3980 191
712 3446 4901
1089 2478 2443
2168 4371 2357
1210 2574 4550
4888 4907 4489
2800 3800 2989
4051 4464 2061
2362 3404 27
5000 5000 176
4534 4679 2344
2005 2862 4871
3041 3569 128
4393 4824 4504
1611 3613 4220
2356 4812 1790
3272 4433 4170
2471 3925 989
25 4720 3055
3628 4735 282
1997 4181 3734
2884 4711 3486
2735 3557 392
3024 3388 2743
4083 4508 1458
1874 4953 1851
1322 1647 2238
112 232 3656
4116 4831 4994
3886 4781 3225
3080 4486 3954
4067 4391 1690
1859 2188 3263
3314 4027 2201
2414 3231 633
4234 4618 4341
4268 4810 2814
1305 2473 2118
233 3291 1352
3839 4197 4928
3570 4191 2032
2780 2911 2253
4973 4982 1920
235 1424 1807
330 405 1488
3085 3698 770
4557 4640 1194
3170 3230 3337
2031 2317 510
3808 4478 72
3897 4398 3672
420 1509 3102
783 1186 721
2522 4672 2604
3658 4261 1792
844 2375 1706
2261 3891 893
4299 4313 1106
743 4789 1694
4853 4942 2746
1451 4531 472
2611 4253 1941
1221 4538 3860
613 4348 1435
4017 4651 3499
801 2289 2967
4422 4793 1890
2328 4639 3346
166 3421 2617
3399 4154 4525
3664 4747 4337
1095 3265 1074
4697 4868 1083
1548 3405 1892
2979 3989 4134
4462 4809 839
3093 3899 4737
1636 2398 4161
1972 3348 2372
1738 4647 4035
2756 2978 889
4114 4628 203
4605 4921 800
3659 4078 4014
3490 4812 1581
1391 1546 495
3919 4053 1710
4029 4947 1589
12 43 4338
2851 3956 1193
4060 4771 2032
2004 3482 2644
518 4379 4545
2481 4305 4501
4901 4934 1516
3991 4816 16
1622 2660 1993
409 2345 3904
1003 3746 308
3444 4020 714
3627 4205 2405
1683 3336 3593
3023 3484 4829
2485 3060 900
4131 4744 1290
1644 4865 2189
4104 4377 1343
706 3079 2525
813 975 3677
2338 4656 1264
1056 1809 4921
1409 1889 3356
1517 4276 3436
1150 3187 4464
4571 4854 1181
4113 4711 4688
3263 4541 2045
665 4545 559
4800 4964 2069
221 4198 4122
464 1689 1617
3352 3659 4237
735 1650 3686
3440 4298 4297
3194 4157 2921
3267 4954 1193
1188 3203 4371
2900 4699 2371
4431 4844 2718
1678 1936 513
4771 4773 3151
4475 4777 4730
3899 4668 1723
818 1536 3572
4312 4436 2866
1045 3955 4050
3870 4872 832
3749 4822 2688
274 2569 2874
211 4765 477
4924 4985 2965
135 3837 862
2353 3497 711
1623 4996 2491
1011 1138 840
2878 3510 2834
3416 4319 3197
844 1078 995
4236 4291 704
225 1529 1605
2770 4801 1654
1808 3638 381
1896 4915 2326
3949 4741 2723
2962 3920 3254
1136 4442 2323
3614 3744 4860
1160 3097 2746
1477 1688 411
2866 3319 4956
1867 3506 1962
1524 2984 1833
2433 2879 4716
3578 3767 164
4069 4193 1320
380 4899 4374
1509 4626 4194
1736 4219 409
3843 3927 116
683 777 819
2248 2371 3123
4890 4996 3295
3764 4876 1893
3836 4907 3602
1822 4313 2956
3908 4003 3453
1953 3781 2337
770 3484 2122
4920 4931 684
4531 4632 1358
893 2264 1213
4903 4993 2583
4098 4816 229
4184 4910 4143
3906 4799 950
4141 4590 888
1407 2423 3856
4374 4477 880
3497 4743 972
1974 2800 1967
280 2842 2037
1906 4637 1064
3717 4827 4427
4610 4856 3981
1450 1841 1604
787 2726 809
3411 4818 1028
1906 4807 4042
1541 4938 4592
4899 4938 1430
833 3196 925
708 3766 4166
4846 4988 1400
2024 4376 174
350 1821 665
4693 4901 565
1844 3056 1134
2375 4738 2664
1223 3509 385
2141 3405 1835
2483 2808 297
3858 4580 1648
1124 4838 4527
3009 3037 3850
3504 4138 3075
2037 3017 4800
3275 3887 432
2 3523 1560
2765 4905 24
3964 4773 2136
2763 3963 3061
3447 3920 958
4867 4937 2513
840 4968 2564
1619 1784 2951
3168 4266 231
2013 2037 4148
3489 4292 390
4144 4662 4509
2250 3472 4299
4450 4646 29
4560 4913 1900
1504 1743 3375
850 2218 2257
954 1956 192
3806 3980 2718
3656 4046 2456
1906 2147 706
272 1589 1911
4597 4939 1311
34 3374 4875
3086 4826 1
43 4360 699
4290 4656 1992
4921 4938 912
694 3752 1402
1406 2282 4219
3495 4374 3162
1046 2621 3076
4738 4918 1262
1888 3460 3075
2374 2585 4987
2525 2786 377
3171 4421 2974
2399 3383 466
41 958 1386
223 3083 2690
751 2164 4075
2332 4591 3949
4635 4822 4730
2967 3281 1487
4369 4446 83
557 2775 304
182 1685 2588
2400 2534 711
4970 4987 4461
2219 3345 3166
4688 4836 1507
4943 4976 497
26 3879 3205
1251 2479 2913
4290 4474 4563
2292 4140 2526
1817 4229 3161
4489 4650 2262
1044 4707 3717
3651 4130 4620
788 4814 4789
1527 3405 2221
2096 2932 2851
101 4210 4523
1646 2405 219
1896 4035 230
2211 2396 4498
438 2089 2247
1819 3902 2519
857 2482 3853
4718 4913 1518
594 1520 599
4208 4525 955
3080 3114 4356
2491 4887 4354
416 2647 4292
1577 4306 1583
1668 2242 923
4722 4972 784
3092 4730 295
1369 4057 3438
4685 4842 1837
801 3937 1115
550 906 1767
2682 2993 1103
1117 4984 1901
1015 3016 1962
145 3787 2011
4657 4873 2801
4467 4645 263
1149 1839 2653
158 3059 4838
1809 4722 2916
2744 3392 4950
3307 3651 363
2202 3794 459
3440 4519 3988
924 4354 3764
595 2067 4868
4151 4460 3682
2529 3683 3743
4795 4995 3238
1074 4785 4948
2377 4767 2324
4239 4654 661
564 2105 1522
4960 4984 3158
3291 3690 2193
4493 4613 1094
3411 3888 2580
221 1081 146
1194 2932 3447
4793 4926 3045
1223 1832 2626
4204 4550 4198
39 190 2625
4743 4890 2794
4024 4498 3898
3399 4099 2782
4762 4784 4960
4780 4846 4750
1479 4969 1868
4752 4918 4487
4345 4945 4788
4275 4411 18
1087 3768 1877
1621 2121 3085
1982 3277 2687
1542 4561 870
1867 2334 2408
4372 4858 3739
2611 3934 2788
2191 4417 27
1779 1972 2411
862 3278 2413
3054 3361 2171
3154 3677 870
2396 4353 685
1009 1940 2319
1101 4344 4579
3391 4209 2301
3732 4854 3516
2718 3853 2613
405 3158 1911
293 2423 4006
2667 2804 4510
3882 4637 3865
4568 4998 4258
1890 2330 298
2920 4493 694
4894 4996 2042
2131 2185 3774
1771 1840 2220
1859 3940 2247
4390 4903 4133
4649 4754 1083
3394 3461 2235
3135 3646 3145
4013 4358 2267
1453 2479 3327
4378 4680 2318
1111 4209 1689
1337 3348 3961
1188 3491 1225
3282 3675 809
3654 3854 4410
4275 4933 3819
807 4762 2254
254 2962 1576
3064 4982 4484
2080 2586 2183
323 2819 4934
2218 4602 1872
1556 3616 1780
816 2649 620
4954 4960 4604
3769 4097 3818
908 1215 613
4614 4941 918
1890 2030 165
3677 4352 2926
4483 4583 3337
1531 4057 4814
4234 4702 3655
2801 3657 172
4864 4984 1529
1008 2113 1778
3362 3910 356
787 890 3558
967 2191 4661
24 4265 4190
220 1070 753
624 3836 3572
4449 4685 534
3128 3556 4659
3086 4933 3733
1455 2061 4638
1197 4575 2956
70 1041 3832
1603 4091 4027
651 1512 257
3594 3606 522
4300 4772 2453
2508 3714 678
2650 3864 4247
1702 3275 806
3022 4845 1233
4555 4635 4079
447 3048 3975
3076 3256 4674
2691 2756 2138
3488 4229 4921
3668 4423 3440
4411 4484 3470
1366 3202 253
3215 3627 3521
2037 2340 200
3675 4047 2143
4664 4714 4450
4863 4994 4060
2820 3424 2984
1356 3382 2544
1368 2083 4018
149 1602 2797
2530 3227 2587
4087 4897 1394
3297 3617 2287
4327 4745 740
4507 4692 4742
416 4901 3423
4500 4789 1767
4888 4943 4472
4448 4506 2750
1920 4147 268
60 4705 381
4285 4776 42
4320 4499 4992
2489 4234 1653
3779 4489 1099
140 3746 1719
652 2504 2463
3315 4575 278
2008 4202 1097
2357 4829 2191
3516 3559 3222
2695 2748 297
1432 3612 2772
1666 4718 2675
3471 4818 2449
1592 3896 259
2016 4052 2557
3920 4544 4900
4037 4733 4846
1916 4866 1634
1583 3644 4259
890 3003 1430
4679 4893 1346
1588 2871 1905
1273 4325 336
1620 4296 2583
1983 4768 1525
4165 4665 3016
4591 4826 4194
2539 3114 4919
1873 2176 1588
4888 4899 2682
911 2906 3484
2856 3171 1655
804 1963 477
4647 4881 8
3697 4525 4955
3469 4526 76
1079 4306 2089
3637 4565 2743
814 4534 3078
4579 4913 3840
748 1421 4623
2932 4296 2604
186 4343 4117
3359 3591 3397
4926 4980 1054
4412 4697 1547
4575 4768 2364
270 2847 4040
3154 3425 1080
752 2836 2660
1790 3932 2704
3965 4881 4075
2126 4985 749
3036 4681 4465
1700 4576 2038
685 4371 1420
3717 4842 3966
1679 3185 3231
4713 4855 841
4155 4382 2310
1537 2530 2573
2793 4624 293
3928 4914 2420
3243 3519 1031
2168 3921 4664
4571 4576 4010
1209 2977 326
923 3872 3630
1119 3229 1621
1856 3181 4717
251 4057 1488
2952 3741 4448
2886 4093 4375
1631 2976 3007
4164 4841 2113
4299 4685 4639
1836 3013 1469
3318 3924 3742
2090 2903 3539
4588 4828 2731
187 1392 4723
259 3795 2947
2242 4754 2835
401 4482 204
3187 4878 1334
4008 4134 3255
1836 4494 668
827 1705 2892
3023 4935 4948
4257 4755 4020
3540 4072 1025
1651 1852 383
4797 4797 4247
2978 3746 2432
524 2353 4459
1115 1509 4320
1713 4232 2681
2857 3100 1697
904 2055 673
3347 3885 1974
1258 3656 4696
3936 4603 3490
1429 2318 797
2404 2603 1857
1362 2933 3649
1702 3769 4767
4532 4590 3290
3514 3699 149
930 4564 3755
2420 4275 188
4147 4804 4226
2055 4378 3987
1459 3246 1512
4149 4551 4864
3210 4533 2808
3620 4759 4618
2578 2696 3030
3104 4067 1716
479 4463 202
1787 2454 2829
2361 3628 1461
287 2317 2021
1173 4398 743
3097 4264 125
3609 4949 4666
2057 3955 2918
2471 2826 4200
399 4801 1022
2125 2450 1214
2491 4075 2158
1967 4153 626
1053 1695 1422
4722 4722 2414
1431 1782 3298
637 1991 1756
2105 4939 2002
2801 3058 1962
416 4247 4734
2997 3851 2082
4179 4442 2529
4121 4188 2007
435 1990 2539
3176 4138 3215
3004 4294 3185
897 4020 1583
4142 4808 1879
393 3676 2447
3636 4179 3034
1029 1648 1594
3416 4222 4232
1029 4341 3935
4836 4889 843
1418 2810 57
878 3212 3217
1071 4858 3313
868 1291 1175
4736 4761 1472
3230 4292 1317
227 4279 4112
2950 3176 945
1393 3468 1637
4139 4214 1979
1986 4793 4227
3961 4427 3576
3299 4961 4701
1060 4784 796
1777 2084 4586
1287 4269 2168
1688 4975 3736
700 2307 2710
4709 4710 1610
2893 4316 3150
543 4750 1644
3517 4861 3951
400 1962 1153
2803 2808 1057
4424 4643 22
3138 4244 241
39 2443 270
3043 3860 4801
4499 4977 4859
3744 4413 1200
3099 3411 1508
3781 4254 2220
2144 3994 1153
426 2396 4172
3032 4483 4762
1335 1599 759
2098 3319 2423
4214 4427 4857
1082 1740 4056
3578 4432 246
421 2692 3840
2792 3131 3790
1027 2259 4996
1943 4677 417
2010 2884 3556
4768 4983 2791
339 4777 3245
1764 4197 2272
3448 4430 3735
4401 4900 1584
1389 1548 540
2751 3443 77
3460 4235 3575
2494 4634 4602
2533 3166 1297
4457 4642 4748
4829 4871 4884
4154 4264 3530
4933 4959 2958
1037 1887 4769
3006 3426 263
1028 1166 337
4418 4924 1145
3164 3438 778
4827 4883 741
2844 4275 4129
2925 4857 4447
2231 3520 4789
4211 4396 2074
324 1446 2067
4364 4973 3131
3172 4908 2280
1148 4541 1806
2178 4363 3211
3539 3593 3979
754 3752 4041
131 4787 4875
1078 3356 1909
3074 4616 676
2412 4169 1433
3275 4778 4300
1827 3119 2296
1755 4641 3124
2 342 838
887 990 4795
3815 3904 3397
4336 4939 2445
1552 4384 4633
3517 4827 3296
2878 4355 3830
214 1578 1507
1898 4047 1743
2207 4794 4853
557 4433 587
1152 3306 229
4998 4998 1345
3873 4926 3822
4950 4950 3187
1915 4647 3777
2828 4927 1476
1890 4151 1575
3008 3531 2389
3476 4805 322
3320 4188 4431
2479 3309 3775
615 4372 4041
932 3745 4901
49 623 1313
267 666 497
395 4764 53
3577 3882 2766
3075 4262 1115
117 2611 612
2977 4616 1029
3584 3671 2372
616 2316 4168
2257 2920 3027
2146 4331 514
1890 2800 717
598 2936 4047
960 4996 3874
3571 4609 927
330 4839 2361
2314 4674 103
2546 4887 4718
4782 4878 2223
635 2347 2924
887 4427 3801
2177 4616 900
4021 4157 441
3871 4837 1468
1875 4476 1214
1715 2082 1777
2530 3273 12
2589 4988 3460
3342 3942 4063
3700 4218 1198
2110 2260 3989
3803 4264 3168
1787 4857 760
3212 4681 1178
648 855 464
4834 4835 2430
12 3579 692
4977 4979 1046
1929 2530 2406
516 3793 3588
4671 4695 3452
2144 4390 635
4355 4968 1603
706 4020 3586
1578 3450 2839
1769 2306 442
877 906 1818
1053 4873 1937
1213 3380 2985
2521 3537 3390
4764 4989 1523
809 4108 1023
690 3056 3805
4032 4192 705
4895 4987 4387
3167 4068 2753
1041 3455 4626
4233 4903 1548
2774 4045 3237
4434 4540 1446
2726 3965 1526
1186 2861 1010
2544 3186 2341
3500 4290 653
2566 4072 2532
2978 4131 1771
1962 3358 1384
4630 4934 2906
304 1226 3759
1918 4250 2417
1601 2113 3711
4648 4934 2435
1003 2582 1451
4415 4588 3476
28 2207 1202
2476 4771 3810
3528 4024 3260
630 3705 3522
4192 4803 3982
432 1456 590
1291 1344 4581
1720 2277 3528
3168 4201 1773
1211 3340 1826
3637 4296 3183
4694 4898 533
3832 3837 2656
1110 2545 2788
4232 4482 4114
1825 3746 930
2292 3881 4201
1412 1676 449
3672 3954 4785
4548 4662 4161
3438 3751 65
3150 3237 913
3615 4839 154
3830 4302 3473
3262 4616 2161
1147 3997 1097
4661 4684 3794
3595 4564 2259
908 4260 105
3236 4573 775
1531 2605 288
2845 3749 2603
4251 4890 1461
2916 3370 2337
4555 4667 3732
489 2861 2138
1168 1616 2330
2171 2781 1007
3861 4010 4056
2922 4337 663
4921 4962 3405
795 3654 4831
303 2294 4125
1676 4821 609
4088 4235 742
4485 4924 3847
3985 4395 4175
4062 4209 3245
3755 4377 4153
4971 4995 45
4420 4924 2407
1507 2356 3954
952 3530 2689
580 4009 2743
3977 4697 2011
1059 4930 4332
975 3012 2529
890 4445 3036
1943 2459 2659
1671 3810 3163
543 3053 196
578 2814 2808
2706 3090 4288
2304 4485 2067
2729 3406 3307
3076 4031 2245
2815 3969 3226
3193 3604 3709
775 1557 2801
3516 3681 3209
2058 2554 1978
1600 1846 1224
2257 3979 1312
3293 4106 4869
1580 2385 3834
3001 3014 1993
757 1621 486
405 4342 4918
4584 4760 4180
1245 4939 3959
4729 4981 4804
347 1188 1621
639 4475 914
244 1913 3607
565 870 58
3206 3406 2311
4104 4571 1196
4989 4993 1914
4771 4933 2531
452 1431 1519
4530 4774 4073
2494 4930 472
3164 3874 4422
3041 4501 4521
4980 4995 3141
659 2520 4619
2270 3576 3040
2991 4297 3508
3280 4746 4455
2718 4204 900
4479 4872 576
2419 3776 2227
3221 3573 798
3346 3619 2612
1442 4351 1589
2691 3604 2378
4599 4750 1780
2065 3047 2258
3988 4629 2177
222 3775 438
3359 3963 555
1537 2542 3314
186 1443 467
4639 4703 3892
3118 3889 1245
217 687 2961
4618 4692 2668
2007 3694 3751
2913 3577 4948
2585 3102 3670
3859 4007 3898
1603 4443 402
252 2108 2001
1558 2079 802
1056 2313 4784
3723 4154 4764
231 2666 118
2677 3627 4286
1353 4403 3142
2853 4221 2210
2795 2868 3041
2152 2800 842
2739 2845 3675
3161 4867 1943
144 2015 4663
4991 4992 2415
3755 4266 3836
4449 4812 4763
1189 2565 2111
2257 2447 1147
3602 4743 1839
3850 4840 4300
2594 3406 1899
3985 4153 4749
2002 4124 2802
2510 4822 4810
58 1382 4554
584 2656 1106
2711 3069 468
1077 2431 3663
62 3117 3602
34 1131 3697
3958 4507 1767
3954 4386 355
3736 4019 372
332 1463 1261
331 3518 937
3448 3464 4205
1836 2752 1991
2772 3122 621
4190 4953 2497
4252 4861 2339
4629 4832 3270
213 4475 3125
1001 2645 2011
4251 4761 1459
761 4574 1123
2322 4378 1282
2352 3313 3686
584 3473 969
624 4623 4078
3271 4963 2075
888 2851 1108
1980 3184 3169
4322 4951 260
3911 3914 2636
1574 3427 4435
1932 2003 315
1323 2134 634
400 773 3806
573 3739 2094
2377 4245 3889
1786 4570 2549
1848 4952 1886
2100 4238 2508
2913 3951 2102
56 3955 529
2230 4235 4315
589 828 4352
3677 3901 3563
1713 2608 282
2229 4936 1314
4617 4850 850
2211 2575 1058
4498 4587 2557
632 2159 3084
2394 2738 3669
3346 4192 683
20 2951 4609
3397 4222 2853
3459 3904 2890
2698 3462 3824
4263 4517 315
1538 2527 1502
3283 3479 3092
3737 4876 4256
3024 3098 3986
3363 3788 2515
3435 4224 844
2442 4523 446
715 4586 2316
4113 4956 3348
1588 4329 2839
86 3755 4362
2518 4255 2131
1371 2943 4831
1620 3229 2588
26 1115 1063
1072 3590 134
4466 4856 1531
4565 4861 4555
1299 3189 4881
4417 4746 4204
2574 4265 2670
2688 2768 4295
2660 3078 2681
3029 3853 3429
3696 3994 3807
2160 2953 1257
983 3276 201
1295 1462 3038
3094 3245 2925
2040 3403 3248
705 2845 2077
4427 4842 368
944 3346 87
4266 4689 1670
2180 3910 1549
1142 1762 1734
3710 4055 4393
4569 4675 2831
1773 4886 725
2655 4879 2095
850 3544 3508
3048 4407 4701
479 3925 4759
225 3969 3064
2815 3435 4553
1439 3366 1241
4888 4921 2081
4307 4351 3158
4214 4433 2643
1185 4049 4444
10 4273 54
2110 4595 3871
3928 4660 2954
4749 4936 3854
2532 4992 3203
4390 4551 4303
270 3856 3910
2288 2434 3775
4640 4837 1383
555 2709 4560
4918 4972 16
3866 4280 3412
4678 4909 3680
1431 3447 956
3823 4410 2077
3132 4822 2818
4761 4989 4376
1124 1600 1753
3396 3816 3458
436 3261 2282
804 2970 2830
144 1412 4083
3301 4373 4753
501 503 957
2512 3354 2544
3843 4003 897
2274 2780 3684
4287 4561 1635
643 4186 1847
2398 2588 4428
1954 3830 4521
613 4422 2636
2440 3422 3771
1633 3001 3087
2258 4411 2649
2957 3936 556
4633 4930 3206
1636 2189 1052
3432 4659 919
1153 1725 371
1513 3216 166
1096 1273 1972
3654 4543 2053
3176 3208 254
3684 4717 3317
1510 1848 3941
4112 4442 3415
1691 3320 4197
4317 4519 736
2959 4437 881
3480 3817 2528
935 1264 201
4025 4848 2186
1566 3359 1938
2933 3263 352
2049 3909 4453
4033 4400 469
4187 4344 4131
4865 4955 3583
2517 3559 1898
4251 4847 452
319 3122 2837
2128 2621 1121
4743 4965 414
4556 4829 454
243 3006 3914
3123 3885 3938
575 2916 1898
232 2607 1067
3054 3259 1664
3232 4408 860
4818 4913 3516
3398 3647 2073
123 1285 3182
1644 3013 4878
3491 4001 753
3050 3671 2336
1080 1902 3098
2618 3396 4375
4448 4734 267
323 4749 3234
2618 4601 3881
3961 4890 2387
511 2096 2959
1879 3176 203
3820 4881 2711
1671 4231 3832
2366 4266 3684
2118 2629 3703
4243 4887 3168
476 1668 2437
2174 2208 2864
1280 2612 1281
481 1926 4585
2796 4472 3128
3327 3653 4089
3737 4916 4614
3292 4746 28
3625 4656 2309
3224 4894 1028
4086 4146 4043
1823 2561 3353
1612 4540 2605
4347 4378 3600
1827 3246 1576
1251 1553 4059
2151 3918 4
28 1994 2099
481 3523 1164
82 3884 1234
1576 3603 3046
2346 3363 546
3288 4288 1961
2707 4602 3291
3610 4416 1448
681 3732 2415
496 4112 1038
1012 4148 1079
952 3445 677
2355 2648 4768
253 1504 3629
967 4914 4410
113 158 1765
2050 3957 1935
1391 4725 1440
1882 4453 1133
4658 4987 4942
4107 4672 5000
1316 4960 565
683 3168 547
2519 4069 1069
179 231 3969
3737 4470 2276
2556 3046 2865
515 3645 1283
358 821 899
1883 2659 1504
4362 4670 1671
2008 3211 4794
3378 4091 770
526 4565 3353
760 3662 2691
1673 2984 2869
4475 4750 150
2904 4127 1483
519 1345 3936
2321 3232 4912
3053 3466 4730
3016 4408 4506
2430 3715 3555
1933 2949 2449
4676 4832 1136
807 3737 2127
4088 4319 1591
3012 3167 101
1834 3364 1152
3667 4301 848
2087 3250 3236
1938 3108 213
2014 2621 2082
4504 4616 4245
1465 3202 327
31 3384 3779
4383 4644 508
1766 2467 471
3599 3983 3345
3635 4716 310
2410 4553 1550
3277 4803 1188
4361 4372 2146
45 2313 770
4176 4506 3398
3921 3981 439
4455 4789 575
2647 4899 2192
373 2743 3932
1249 2073 404
4206 4420 4886
757 1467 3005
2326 3120 1390
2730 4148 2508
4099 4469 654
2432 3073 1909
2736 3169 726
1395 1805 1672
2311 2662 1235
165 4676 3239
1380 1751 4922
1335 1998 40
4053 4095 2954
3571 3936 4862
1296 4690 4045
4087 4727 611
1226 4450 50
2678 4049 3413
4848 4969 3957
1183 3538 707
2002 2999 1676
813 3060 798
1366 4250 359
1580 3371 3421
4226 4383 1326
775 3255 3410
1456 3747 1786
1991 2430 1466
1695 3286 4136
4560 4852 3705
2466 3154 4056
3438 4656 2541
3735 4674 4745
3294 4467 4019
2511 4898 2205
3863 4281 1964
4898 4934 2741
1807 2116 1873
3804 4600 2210
1277 1565 3788
4103 4464 4590
2767 4186 1993
109 1768 411
4666 4924 2091
4912 4962 3574
1132 4651 3342
4156 4539 3599
2005 2034 365
4886 4993 2616
611 2208 2605
639 4499 740
3326 3864 2214
3117 3548 1092
1279 2975 3595
3718 4015 1957
3543 4840 638
1891 3297 2215
2782 3465 1343
1220 4964 4600
2382 3624 1433
1055 1902 1160
4215 4694 4837
330 855 4585
2889 3120 4578
2634 4111 3441
3313 3811 803
824 2419 478
2958 3721 3799
4285 4484 4885
1935 4139 1164
4724 4970 1282
1505 1977 878
3016 3278 4861
4503 4697 1745
662 4278 667
531 2910 61
2298 2687 4151
4837 4965 3426
3115 4733 904
4588 4979 3506
3413 3949 2275
3841 4610 4523
4282 4920 1930
4909 4929 4355
51 3866 1113
976 4160 2048
679 4220 2644
3492 4571 1465
1326 2654 1755
4549 4795 1485
3447 3629 1184
2883 4520 1923
2668 4138 3329
578 3203 2157
730 2947 2075
2496 3391 2699
1048 1964 2043
4479 4858 3401
1037 2078 926
385 475 2222
4523 4630 884
3418 4743 4916
4009 4576 1953
1978 1994 3411
1442 1808 1902
2069 3725 3554
3212 3276 551
4939 4957 4097
4613 4941 1340
882 1625 2119
2786 4333 1330
2438 3238 2273
2483 3599 1693
1128 2617 1077
2048 2075 856
254 4714 4569
1166 4017 77
4252 4856 1743
1603 1965 2549
3088 3469 2448
3644 4861 4997
1862 2822 1600
4605 4610 4100
3118 3543 4083
3314 4185 1840
3224 4122 2262
312 769 2881
2823 3964 4041
3891 4106 2886
3874 4457 3130
3922 3968 2788
1978 4971 3584
3396 4184 3608
1841 2277 4289
662 4345 1407
465 4420 4639
3897 4953 2902
4253 4482 3487
4932 4945 1068
714 4120 1455
2054 2520 1909
329 3591 3946
3350 4126 1782
4360 4861 4630
2014 3119 89
4317 4899 3439
459 2450 3046
1782 3614 4433
421 921 875
3754 4543 1355
1490 4317 2463
2764 4987 259
1104 3574 4767
1729 2030 2334
420 2081 3421
4762 4787 4944
4462 4962 3543
4259 4903 4319
2197 3207 3059
2074 2866 1974
3216 3809 1737
2496 4920 4525
542 3998 1020
3342 4892 4966
3640 4116 4453
3833 4187 3309
3162 4891 1301
1090 4680 299
2131 3296 1459
4426 4639 578
3536 3549 4013
1987 4331 1064
1092 1839 4801
4992 4999 3940
2825 4533 1044
3459 4142 4336
2056 4078 2674
3161 3628 1610
362 2749 1394
4900 4900 3387
1657 2076 1118
4022 4344 3301
1908 2749 2784
3824 4693 1727
4959 4971 2413
97 3805 3098
2511 3300 2120
1212 4721 2793
4907 4933 2976
4045 4318 4565
50 241 2061
1833 2519 2913
613 3762 3403
3587 4463 1804
1651 4411 3122
1795 2128 3931
2291 2370 687
1363 4826 4527
993 2872 3782
2426 3660 932
4008 4852 975
3783 4853 2300
1286 3406 785
4262 4620 3591
2199 4762 2819
30 681 3493
2964 4267 339
1894 4723 2222
1517 4682 3412
1831 3120 2217
3243 3439 4167
809 1301 3741
4854 4932 2328
1424 3775 1939
4647 4941 67
3860 4099 1022
179 961 1347
3275 3619 1926
4101 4315 105
4848 4993 1634
4185 4439 363
3268 4913 3704
2529 3413 4557
4673 4746 248
2098 4351 3321
1151 3489 4538
2910 4852 4672
2730 4674 3867
361 1210 2183
4886 4951 969
1762 4911 2030
4543 4791 4937
4333 4827 1699
3672 4333 170
2410 4678 4421
4287 4883 3766
4937 4980 2130
3690 4189 439
1402 3540 1982
4219 4840 112
1851 3007 4324
2683 2914 2030
3386 3467 1585
248 3396 3456
1945 3110 3531
1386 1516 2623
4873 4940 1455
743 934 3377
1991 3074 1371
1068 3011 1959
1693 4408 2782
4283 4308 2189
1308 3073 4871
2692 4593 3865
2537 3317 2046
2642 4869 3994
4982 4987 2184
190 2106 819
4610 4615 3719
914 3746 3789
2595 3665 277
2352 2521 4621
2673 4185 1116
4353 4727 3529
1908 2600 610
2934 3290 4692
4704 4880 2609
344 2320 254
508 1183 3705
827 3108 4231
2290 2729 755
1302 3576 2636
4798 4922 3886
379 895 4280
456 871 4450
2333 3075 2749
2404 4123 2376
2222 2274 1142
257 693 1812
540 909 1872
3880 4932 2563
1910 4338 3117
3556 4260 2871
3214 3398 123
3890 4841 2451
3697 4550 2265
1637 2311 1215
1922 3750 783
4047 4722 81
1918 3826 2320
2458 3605 1343
4290 4369 4871
3617 3647 4819
2541 4748 124
1403 4401 3347
492 2576 3844
4332 4814 1201
3007 3648 3053
4128 4306 454
4980 5000 551
146 810 1346
2710 4358 23
2340 4317 1014
3657 4035 3187
4774 4939 3873
779 4314 2179
689 2678 2042
3879 4331 3019
2465 3884 1492
4384 4628 4628
4107 4468 1228
674 4279 837
120 1098 771
3066 3365 3141
1509 4261 4286
4324 4598 2524
4847 4916 3608
1797 3627 4656
1014 2087 2776
4094 4298 4556
828 2861 1501
739 3188 352
590 1802 1435
4836 4942 3012
3660 4720 917
344 3263 2595
2050 3127 2340
714 3305 3576
3427 3789 3094
4383 4774 3134
4940 4972 2588
2619 4849 3294
3388 3892 2937
137 791 2966
930 3011 286
2413 4347 4508
4891 4943 2172
2086 3858 2472
4828 4903 3607
4755 4782 147
3957 4967 3834
1445 2199 3533
4224 4456 1870
1838 3250 3840
2614 3563 1476
3740 4844 4483
4279 4746 842
2549 3343 3078
2230 4398 1845
2504 4611 3543
3910 4419 19
3275 3477 3450
3437 4002 546
4047 4915 1768
3183 3585 2946
907 4439 1515
2541 3333 2785
3275 3438 2387
920 2309 3757
4979 4989 1066
1302 2535 4576
178 782 177
4667 4838 216
1585 2405 2892
2163 2438 4852
3839 4675 1916
3155 3241 341
3088 3466 3158
2529 3007 4442
4610 4955 50
3460 4528 3131
707 4727 4626
4977 4995 582
3827 3972 1186
3955 3967 4120
1424 1550 4056
1339 2962 4674
2490 3122 4049
4962 4971 2429
3434 4943 968
3151 4015 1836
809 4573 2925
3471 4592 424
2567 3430 2276
3748 4996 3529
4378 4452 4597
634 1572 3015
4510 4652 2217
3805 4407 467
1459 4252 560
3110 4572 2862
3829 3906 1121
1372 3292 1245
494 2983 1953
4681 4837 1318
1508 1961 4945
2626 3996 4704
1265 2813 1062
1971 3762 2583
2619 3610 2281
4359 4415 62
219 4610 4224
267 2289 60
3760 4348 4982
2280 4038 2640
2547 2995 4108
1789 4783 1839
190 3957 392
814 2982 2310
2134 2996 4516
3887 4974 3605
2848 3266 2252
707 4048 4657
2640 3800 3355
1711 1766 2543
2187 2874 3132
694 4145 1323
1318 4676 4906
4293 4510 1706
3763 4713 3861
3409 3863 3469
377 1201 248
4095 4995 2120
4868 4948 2807
4664 4921 575
4801 4955 1227
886 2550 191
2683 4559 3462
4612 4941 4311
967 3123 1205
3539 3907 2843
3470 3976 1794
2063 3828 1083
1070 3051 2307
403 659 1879
4590 4832 3035
3279 3740 4332
2007 4210 1213
3829 4780 4280
2441 4716 525
4225 4998 3629
1960 4081 2254
4654 4819 3546
3505 4520 3181
2277 4698 2415
1820 2430 3171
1719 1843 2207
3953 4533 240
4848 4878 4680
1030 3745 2303
3001 4620 3217
4739 4805 974
1213 3309 3195
3842 4178 4070
540 4051 1860
1351 2825 4173
114 4651 4623
967 1670 2154
1150 3536 385
4395 4630 995
2917 4848 3306
2187 3821 819
4058 4886 921
4461 4657 3190
4012 4656 2720
1305 2713 4985
1770 2303 2914
4428 4739 2883
2107 4134 1830
3240 4654 3574
1558 1823 4902
1682 4004 194
2477 2952 2355
3815 4203 3534
3594 4560 170
3716 4832 3999
1752 4729 1461
2307 4262 4601
3199 4914 4364
1367 3433 2534
1809 4488 3401
2050 3824 1698
4963 4966 1585
329 4291 1385
1867 4739 874
3708 4227 2274
1705 2780 4075
3955 4895 591
1515 4438 1303
685 3762 2706
3371 3689 1051
3777 4680 3998
4893 5000 867
1319 2863 3227
4310 4863 43
1422 4188 3297
2880 3863 308
1785 4002 1457
4216 4528 2936
1360 2750 701
2223 3053 2403
1436 3367 896
4999 5000 2554
2676 4393 4906
36 633 434
2612 3659 2391
2609 4985 2876
2910 4382 1266
4752 4764 4146
4004 4409 4251
909 1003 228
1944 2512 2324
2161 4686 4461
491 3771 987
900 1382 3635
842 3967 4954
4482 4914 1091
3856 4643 2558
682 2579 4823
2558 2842 902
1596 1805 4699
1878 4211 4550
3610 4010 1319
334 3981 432
2833 3854 4654
2702 4245 2809
3396 4937 4510
4407 4652 4339
3645 4420 1810
331 3262 972
3635 3937 707
306 2212 3359
1175 2690 3305
2388 3976 2097
1089 2354 3066
1140 3562 4282
3606 3652 1006
2856 4309 4075
3971 4799 638
677 2008 4640
2593 4783 2798
1972 3149 4106
3036 3465 19
4962 4995 576
4135 4573 2881
4814 4821 1263
4515 4591 1557
1014 2065 4174
1223 3682 4706
2799 4162 3199
3524 4143 44
2904 3455 4393
3575 4395 412
2725 4417 3606
3251 4186 4906
4954 4955 3238
3665 4415 2946
895 1744 2806
1952 3653 1833
1145 3634 4409
4698 4989 4612
24 824 2707
2645 4809 3601
3141 3557 823
486 3991 2220
3844 4566 1961
4040 4344 1095
2403 3533 3609
3343 3490 551
1627 2272 2922
2529 3954 2657
605 3853 887
272 1166 4545
1212 2367 1964
385 1760 1534
15 2413 3740
4262 4278 1388
4484 4679 3399
4892 4956 2895
4027 4930 1581
3076 3823 588
1805 4157 3668
3887 4807 3927
440 2727 2841
474 3730 2803
4870 4964 3770
4505 4590 877
21 2322 3124
740 4921 4755
3680 4873 1052
